0.0 2.0
1.0 27.0
2.0 57.0
3.0 90.0
4.0 141.0
5.0 217.0
6.0 315.0
7.0 407.0
8.0 456.0
9.0 518.0
10.0 636.0
11.0 754.0
12.0 813.0
13.0 769.0
14.0 930.0
15.0 967.0
16.0 972.0
17.0 1050.0
18.0 1110.0
19.0 1260.0
20.0 1220.0
21.0 1050.0
22.0 1470.0
23.0 1270.0
24.0 1360.0
25.0 1660.0
26.0 1700.0
27.0 1790.0
28.0 1800.0
29.0 1660.0
30.0 1500.0
31.0 1590.0
32.0 1390.0
33.0 1720.0
34.0 1470.0
35.0 1250.0
36.0 1170.0
37.0 1130.0
38.0 804.0
39.0 130.0
40.0 102.0
41.0 113.0
42.0 0.0
43.0 125.0
44.0 121.0
45.0 840.0
46.0 1550.0
47.0 1700.0
48.0 1790.0
49.0 1730.0
50.0 1550.0
51.0 1600.0
52.0 1710.0
53.0 1820.0
54.0 1840.0
55.0 1690.0
56.0 1710.0
57.0 1380.0
58.0 1200.0
59.0 1390.0
60.0 1510.0
61.0 1330.0
62.0 1450.0
63.0 1000.0
64.0 810.0
65.0 210.0
66.0 112.0
67.0 124.0
68.0 747.0
69.0 935.0
70.0 787.0
71.0 847.0
72.0 851.0
73.0 767.0
74.0 763.0
75.0 150.0
76.0 3.0
77.0 760.0
78.0 881.0
79.0 883.0
80.0 725.0
81.0 919.0
82.0 840.0
83.0 930.0
84.0 1120.0
85.0 946.0
86.0 1110.0
87.0 1450.0
88.0 1140.0
89.0 986.0
90.0 122.0
91.0 105.0
92.0 178.0
93.0 962.0
94.0 1020.0
95.0 1000.0
96.0 800.0
97.0 824.0
98.0 978.0
99.0 799.0
100.0 1000.0
101.0 1150.0
102.0 928.0
103.0 640.0
104.0 944.0
105.0 1170.0
106.0 867.0
107.0 872.0
108.0 757.0
109.0 868.0
110.0 1060.0
111.0 1120.0
112.0 1220.0
113.0 1120.0
114.0 1170.0
115.0 856.0
116.0 1030.0
117.0 857.0
118.0 1170.0
119.0 770.0
120.0 651.0
121.0 482.0
122.0 1050.0
123.0 1140.0
124.0 935.0
125.0 904.0
126.0 620.0
127.0 955.0
128.0 851.0
129.0 91.0
130.0 73.0
131.0 45.0
132.0 114.0
133.0 114.0
134.0 115.0
135.0 117.0
136.0 105.0
137.0 120.0
138.0 101.0
139.0 115.0
140.0 123.0
141.0 111.0
142.0 79.0
143.0 85.0
144.0 111.0
145.0 115.0
146.0 109.0
147.0 166.0
148.0 183.0
149.0 120.0
150.0 105.0
151.0 97.0
152.0 198.0
153.0 229.0
154.0 187.0
155.0 213.0
156.0 221.0
157.0 218.0
158.0 220.0
159.0 256.0
160.0 381.0
161.0 414.0
162.0 371.0
163.0 387.0
164.0 571.0
165.0 522.0
166.0 539.0
167.0 522.0
168.0 604.0
169.0 687.0
170.0 656.0
171.0 862.0
172.0 537.0
173.0 143.0
174.0 632.0
175.0 568.0
176.0 659.0
177.0 846.0
178.0 844.0
179.0 866.0
180.0 986.0
181.0 775.0
182.0 885.0
183.0 914.0
184.0 1080.0
185.0 943.0
186.0 1060.0
187.0 936.0
188.0 927.0
189.0 843.0
190.0 1010.0
191.0 1050.0
192.0 1150.0
193.0 1170.0
194.0 782.0
195.0 940.0
196.0 1170.0
197.0 1200.0
198.0 973.0
199.0 1040.0
200.0 1120.0
201.0 874.0
202.0 1050.0
203.0 1190.0
204.0 1070.0
205.0 1140.0
206.0 1180.0
207.0 1330.0
208.0 1340.0
209.0 1110.0
210.0 1250.0
211.0 1230.0
212.0 1270.0
213.0 1200.0
214.0 978.0
215.0 1200.0
216.0 1240.0
217.0 1110.0
218.0 158.0
219.0 23.0
220.0 0.0
221.0 70.0
222.0 25.0
223.0 82.0
224.0 116.0
225.0 185.0
226.0 628.0
227.0 802.0
228.0 889.0
229.0 1030.0
230.0 903.0
231.0 807.0
232.0 941.0
233.0 1000.0
234.0 874.0
235.0 765.0
236.0 916.0
237.0 1040.0
238.0 734.0
239.0 944.0
240.0 679.0
241.0 668.0
242.0 662.0
243.0 611.0
244.0 737.0
245.0 532.0
246.0 579.0
247.0 677.0
248.0 865.0
249.0 841.0
250.0 125.0
251.0 403.0
252.0 585.0
253.0 538.0
254.0 808.0
255.0 828.0
256.0 723.0
257.0 795.0
258.0 784.0
259.0 747.0
260.0 720.0
261.0 640.0
262.0 459.0
263.0 25.0
264.0 6.0
265.0 83.0
266.0 111.0
267.0 618.0
268.0 815.0
269.0 770.0
270.0 795.0
271.0 861.0
272.0 899.0
273.0 895.0
274.0 870.0
275.0 810.0
276.0 955.0
277.0 1130.0
278.0 1060.0
279.0 786.0
280.0 1150.0
281.0 1150.0
282.0 939.0
283.0 1310.0
284.0 1180.0
285.0 1200.0
286.0 1200.0
287.0 1140.0
288.0 1140.0
289.0 1060.0
290.0 1370.0
291.0 1260.0
292.0 811.0
293.0 1240.0
294.0 1260.0
295.0 1430.0
296.0 1370.0
297.0 1260.0
298.0 1120.0
299.0 1350.0
300.0 1340.0
301.0 1050.0
302.0 1220.0
303.0 1230.0
304.0 1080.0
305.0 1130.0
306.0 1330.0
307.0 779.0
308.0 1310.0
309.0 1010.0
310.0 999.0
311.0 1290.0
312.0 1370.0
313.0 1270.0
314.0 1160.0
315.0 1210.0
316.0 792.0
317.0 994.0
318.0 656.0
319.0 172.0
320.0 5.0
321.0 0.0
322.0 119.0
323.0 112.0
324.0 525.0
325.0 739.0
326.0 751.0
327.0 872.0
328.0 888.0
329.0 947.0
330.0 888.0
331.0 977.0
332.0 965.0
333.0 812.0
334.0 907.0
335.0 862.0
336.0 816.0
337.0 950.0
338.0 809.0
339.0 917.0
340.0 833.0
341.0 591.0
342.0 703.0
343.0 797.0
344.0 574.0
345.0 753.0
346.0 643.0
347.0 580.0
348.0 636.0
349.0 651.0
350.0 668.0
351.0 673.0
352.0 611.0
353.0 767.0
354.0 750.0
355.0 697.0
356.0 640.0
357.0 637.0
358.0 613.0
359.0 684.0
360.0 634.0
361.0 571.0
362.0 749.0
363.0 808.0
364.0 608.0
365.0 633.0
366.0 581.0
367.0 709.0
368.0 650.0
369.0 745.0
370.0 622.0
371.0 728.0
372.0 567.0
373.0 744.0
374.0 746.0
375.0 746.0
376.0 609.0
377.0 670.0
378.0 660.0
379.0 618.0
380.0 704.0
381.0 795.0
382.0 723.0
383.0 840.0
384.0 837.0
385.0 771.0
386.0 830.0
387.0 926.0
388.0 710.0
389.0 769.0
390.0 878.0
391.0 864.0
392.0 805.0
393.0 740.0
394.0 620.0
395.0 613.0
396.0 572.0
397.0 498.0
398.0 507.0
399.0 627.0
400.0 600.0
401.0 373.0
402.0 532.0
403.0 726.0
404.0 826.0
405.0 941.0
406.0 850.0
407.0 870.0
408.0 891.0
409.0 940.0
410.0 922.0
411.0 1120.0
412.0 875.0
413.0 897.0
414.0 1070.0
415.0 1060.0
416.0 1070.0
417.0 1160.0
418.0 1020.0
419.0 1330.0
420.0 1340.0
421.0 1420.0
422.0 1080.0
423.0 1240.0
424.0 1200.0
425.0 544.0
426.0 1280.0
427.0 1230.0
428.0 1170.0
429.0 1380.0
430.0 1400.0
431.0 1410.0
432.0 1340.0
433.0 1360.0
434.0 1310.0
435.0 1200.0
436.0 1060.0
437.0 1070.0
438.0 706.0
439.0 606.0
440.0 92.0
441.0 438.0
442.0 567.0
443.0 588.0
444.0 303.0
445.0 404.0
446.0 496.0
447.0 629.0
448.0 38.0
449.0 116.0
450.0 125.0
451.0 119.0
452.0 90.0
453.0 401.0
454.0 518.0
455.0 550.0
456.0 688.0
457.0 799.0
458.0 612.0
459.0 711.0
460.0 754.0
461.0 692.0
462.0 850.0
463.0 708.0
464.0 744.0
465.0 882.0
466.0 642.0
467.0 775.0
468.0 844.0
469.0 833.0
470.0 867.0
471.0 880.0
472.0 949.0
473.0 701.0
474.0 882.0
475.0 125.0
476.0 94.0
477.0 531.0
478.0 498.0
479.0 657.0
480.0 626.0
481.0 743.0
482.0 794.0
483.0 919.0
484.0 943.0
485.0 883.0
486.0 930.0
487.0 1080.0
488.0 1070.0
489.0 906.0
490.0 1100.0
491.0 934.0
492.0 984.0
493.0 1020.0
494.0 1260.0
495.0 940.0
496.0 1150.0
497.0 775.0
498.0 1220.0
499.0 1050.0
500.0 1000.0
501.0 974.0
502.0 1010.0
503.0 118.0
504.0 101.0
505.0 98.0
506.0 124.0
507.0 217.0
508.0 546.0
509.0 847.0
510.0 968.0
511.0 984.0
512.0 911.0
513.0 1010.0
514.0 1010.0
515.0 1010.0
516.0 1050.0
517.0 889.0
518.0 965.0
519.0 975.0
520.0 1010.0
521.0 888.0
522.0 993.0
523.0 1020.0
524.0 1110.0
525.0 112.0
526.0 114.0
527.0 709.0
528.0 1020.0
529.0 701.0
530.0 730.0
531.0 733.0
532.0 711.0
533.0 904.0
534.0 834.0
535.0 740.0
536.0 799.0
537.0 704.0
538.0 94.0
539.0 87.0
540.0 683.0
541.0 843.0
542.0 840.0
543.0 855.0
544.0 806.0
545.0 935.0
546.0 934.0
547.0 723.0
548.0 816.0
549.0 761.0
550.0 698.0
551.0 621.0
552.0 276.0
553.0 431.0
554.0 680.0
555.0 577.0
556.0 33.0
557.0 56.0
558.0 25.0
559.0 32.0
560.0 47.0
561.0 152.0
562.0 124.0
563.0 89.0
564.0 94.0
565.0 123.0
566.0 111.0
567.0 119.0
568.0 120.0
569.0 119.0
570.0 111.0
571.0 113.0
572.0 98.0
573.0 111.0
574.0 112.0
575.0 116.0
576.0 110.0
577.0 103.0
578.0 103.0
579.0 94.0
580.0 102.0
581.0 118.0
582.0 112.0
583.0 115.0
584.0 120.0
585.0 99.0
586.0 125.0
587.0 101.0
588.0 109.0
589.0 115.0
590.0 102.0
591.0 97.0
592.0 122.0
593.0 84.0
594.0 112.0
595.0 119.0
596.0 870.0
597.0 1080.0
598.0 842.0
599.0 882.0
600.0 903.0
601.0 704.0
602.0 846.0
603.0 2.0
604.0 740.0
605.0 521.0
606.0 68.0
607.0 44.0
608.0 59.0
609.0 120.0
610.0 124.0
611.0 100.0
612.0 91.0
613.0 125.0
614.0 98.0
615.0 49.0
616.0 143.0
617.0 548.0
618.0 396.0
619.0 452.0
620.0 212.0
621.0 30.0
622.0 21.0
623.0 128.0
624.0 328.0
625.0 443.0
626.0 361.0
627.0 438.0
628.0 431.0
629.0 514.0
630.0 575.0
631.0 597.0
632.0 558.0
633.0 472.0
634.0 113.0
635.0 93.0
636.0 113.0
637.0 109.0
638.0 100.0
639.0 112.0
640.0 104.0
641.0 116.0
642.0 104.0
643.0 99.0
644.0 83.0
645.0 106.0
646.0 111.0
647.0 104.0
648.0 79.0
649.0 117.0
650.0 104.0
651.0 111.0
652.0 106.0
653.0 120.0
654.0 120.0
655.0 109.0
656.0 92.0
657.0 105.0
658.0 102.0
659.0 112.0
660.0 111.0
661.0 96.0
662.0 108.0
663.0 82.0
664.0 118.0
665.0 97.0
666.0 415.0
667.0 756.0
668.0 602.0
669.0 811.0
670.0 728.0
671.0 771.0
672.0 630.0
673.0 87.0
674.0 109.0
675.0 529.0
676.0 664.0
677.0 713.0
678.0 873.0
679.0 848.0
680.0 791.0
681.0 555.0
682.0 814.0
683.0 863.0
684.0 967.0
685.0 916.0
686.0 894.0
687.0 825.0
688.0 691.0
689.0 916.0
690.0 871.0
691.0 878.0
692.0 836.0
693.0 873.0
694.0 845.0
695.0 925.0
696.0 793.0
697.0 915.0
698.0 729.0
699.0 405.0
700.0 60.0
701.0 439.0
702.0 738.0
703.0 750.0
704.0 456.0
705.0 218.0
706.0 0.0
707.0 8.0
708.0 65.0
709.0 39.0
710.0 34.0
711.0 21.0
712.0 104.0
713.0 109.0
714.0 204.0
715.0 345.0
716.0 337.0
717.0 298.0
718.0 363.0
719.0 32.0
720.0 9.0
721.0 47.0
722.0 13.0
723.0 35.0
724.0 120.0
725.0 118.0
726.0 142.0
727.0 128.0
728.0 75.0
729.0 92.0
730.0 152.0
731.0 215.0
732.0 302.0
733.0 434.0
734.0 446.0
735.0 481.0
736.0 508.0
737.0 529.0
738.0 454.0
739.0 530.0
740.0 554.0
741.0 630.0
742.0 539.0
743.0 472.0
744.0 624.0
745.0 625.0
746.0 637.0
747.0 651.0
748.0 588.0
749.0 694.0
750.0 805.0
751.0 639.0
752.0 547.0
753.0 681.0
754.0 725.0
755.0 117.0
756.0 92.0
757.0 588.0
758.0 677.0
759.0 561.0
760.0 585.0
761.0 585.0
762.0 628.0
763.0 713.0
764.0 660.0
765.0 342.0
766.0 9.0
767.0 0.0
768.0 5.0
769.0 0.0
770.0 80.0
771.0 83.0
772.0 85.0
773.0 189.0
774.0 390.0
775.0 349.0
776.0 377.0
777.0 98.0
778.0 119.0
779.0 106.0
780.0 115.0
781.0 102.0
782.0 107.0
783.0 99.0
784.0 124.0
785.0 65.0
786.0 144.0
787.0 196.0
788.0 226.0
789.0 244.0
790.0 375.0
791.0 395.0
792.0 424.0
793.0 497.0
794.0 475.0
795.0 552.0
796.0 648.0
797.0 565.0
798.0 469.0
799.0 119.0
