0.0 225.0
1.0 542.0
2.0 760.0
3.0 652.0
4.0 779.0
5.0 874.0
6.0 875.0
7.0 956.0
8.0 1010.0
9.0 1140.0
10.0 1190.0
11.0 1320.0
12.0 1320.0
13.0 1410.0
14.0 1480.0
15.0 1700.0
16.0 1450.0
17.0 1700.0
18.0 1480.0
19.0 1680.0
20.0 1670.0
21.0 1700.0
22.0 1650.0
23.0 1780.0
24.0 1700.0
25.0 1740.0
26.0 1770.0
27.0 1670.0
28.0 1810.0
29.0 1810.0
30.0 1780.0
31.0 1660.0
32.0 1430.0
33.0 1080.0
34.0 1300.0
35.0 1500.0
36.0 1310.0
37.0 1090.0
38.0 1310.0
39.0 1230.0
40.0 895.0
41.0 1360.0
42.0 937.0
43.0 228.0
44.0 122.0
45.0 85.0
46.0 138.0
47.0 200.0
48.0 96.0
49.0 519.0
50.0 706.0
51.0 574.0
52.0 737.0
53.0 682.0
54.0 660.0
55.0 693.0
56.0 765.0
57.0 578.0
58.0 817.0
59.0 873.0
60.0 919.0
61.0 1080.0
62.0 1150.0
63.0 1270.0
64.0 1500.0
65.0 1290.0
66.0 1210.0
67.0 1070.0
68.0 745.0
69.0 327.0
70.0 334.0
71.0 212.0
72.0 98.0
73.0 306.0
74.0 743.0
75.0 818.0
76.0 833.0
77.0 829.0
78.0 658.0
79.0 685.0
80.0 828.0
81.0 922.0
82.0 788.0
83.0 628.0
84.0 821.0
85.0 922.0
86.0 933.0
87.0 1040.0
88.0 857.0
89.0 937.0
90.0 766.0
91.0 830.0
92.0 772.0
93.0 823.0
94.0 857.0
95.0 984.0
96.0 708.0
97.0 711.0
98.0 808.0
99.0 686.0
100.0 701.0
101.0 758.0
102.0 146.0
103.0 95.0
104.0 86.0
105.0 111.0
106.0 115.0
107.0 115.0
108.0 95.0
109.0 77.0
110.0 493.0
111.0 676.0
112.0 651.0
113.0 669.0
114.0 235.0
115.0 477.0
116.0 514.0
117.0 181.0
118.0 449.0
119.0 584.0
120.0 613.0
121.0 476.0
122.0 539.0
123.0 663.0
124.0 653.0
125.0 909.0
126.0 854.0
127.0 759.0
128.0 823.0
129.0 696.0
130.0 833.0
131.0 1040.0
132.0 1180.0
133.0 1050.0
134.0 888.0
135.0 1020.0
136.0 916.0
137.0 1040.0
138.0 672.0
139.0 619.0
140.0 797.0
141.0 733.0
142.0 753.0
143.0 607.0
144.0 380.0
145.0 261.0
146.0 362.0
147.0 474.0
148.0 127.0
149.0 488.0
150.0 538.0
151.0 577.0
152.0 748.0
153.0 398.0
154.0 622.0
155.0 500.0
156.0 135.0
157.0 165.0
158.0 365.0
159.0 434.0
160.0 169.0
161.0 1.0
162.0 0.0
163.0 21.0
164.0 0.0
165.0 21.0
166.0 8.0
167.0 121.0
168.0 105.0
169.0 125.0
170.0 271.0
171.0 353.0
172.0 308.0
173.0 261.0
174.0 87.0
175.0 117.0
176.0 91.0
177.0 245.0
178.0 302.0
179.0 267.0
180.0 267.0
181.0 386.0
182.0 374.0
183.0 282.0
184.0 350.0
185.0 480.0
186.0 484.0
187.0 500.0
188.0 617.0
189.0 571.0
190.0 801.0
191.0 913.0
192.0 912.0
193.0 896.0
194.0 1070.0
195.0 1300.0
196.0 1520.0
197.0 1560.0
198.0 1730.0
199.0 1540.0
200.0 1550.0
201.0 1450.0
202.0 1370.0
203.0 1470.0
204.0 1460.0
205.0 1560.0
206.0 1570.0
207.0 1590.0
208.0 1620.0
209.0 1680.0
210.0 1570.0
211.0 1730.0
212.0 1480.0
213.0 1690.0
214.0 1630.0
215.0 1500.0
216.0 1580.0
217.0 1590.0
218.0 1690.0
219.0 1560.0
220.0 1160.0
221.0 1310.0
222.0 1300.0
223.0 1200.0
224.0 532.0
225.0 27.0
226.0 23.0
227.0 17.0
228.0 5.0
229.0 115.0
230.0 120.0
231.0 873.0
232.0 886.0
233.0 1110.0
234.0 1180.0
235.0 1210.0
236.0 1080.0
237.0 1400.0
238.0 1480.0
239.0 1190.0
240.0 1460.0
241.0 1280.0
242.0 1120.0
243.0 916.0
244.0 1180.0
245.0 1240.0
246.0 1340.0
247.0 1100.0
248.0 665.0
249.0 255.0
250.0 713.0
251.0 420.0
252.0 304.0
253.0 270.0
254.0 187.0
255.0 35.0
256.0 98.0
257.0 96.0
258.0 338.0
259.0 358.0
260.0 329.0
261.0 352.0
262.0 350.0
263.0 352.0
264.0 354.0
265.0 365.0
266.0 385.0
267.0 407.0
268.0 441.0
269.0 447.0
270.0 465.0
271.0 348.0
272.0 200.0
273.0 37.0
274.0 47.0
275.0 40.0
276.0 117.0
277.0 121.0
278.0 276.0
279.0 365.0
280.0 366.0
281.0 451.0
282.0 421.0
283.0 387.0
284.0 413.0
285.0 499.0
286.0 416.0
287.0 593.0
288.0 645.0
289.0 713.0
290.0 797.0
291.0 969.0
292.0 1100.0
293.0 1250.0
294.0 828.0
295.0 1220.0
296.0 1430.0
297.0 1390.0
298.0 1380.0
299.0 1370.0
300.0 1620.0
301.0 1580.0
302.0 1580.0
303.0 1350.0
304.0 1230.0
305.0 1210.0
306.0 1260.0
307.0 1470.0
308.0 1440.0
309.0 1630.0
310.0 1650.0
311.0 1690.0
312.0 1690.0
313.0 1540.0
314.0 1360.0
315.0 971.0
316.0 16.0
317.0 0.0
318.0 11.0
319.0 33.0
320.0 17.0
321.0 102.0
322.0 123.0
323.0 472.0
324.0 565.0
325.0 715.0
326.0 736.0
327.0 726.0
328.0 764.0
329.0 3.0
330.0 5.0
331.0 123.0
332.0 122.0
333.0 445.0
334.0 561.0
335.0 553.0
336.0 655.0
337.0 594.0
338.0 765.0
339.0 723.0
340.0 804.0
341.0 896.0
342.0 907.0
343.0 223.0
344.0 433.0
345.0 630.0
346.0 619.0
347.0 680.0
348.0 580.0
349.0 687.0
350.0 681.0
351.0 419.0
352.0 3.0
353.0 0.0
354.0 0.0
355.0 0.0
356.0 1.0
357.0 109.0
358.0 327.0
359.0 530.0
360.0 515.0
361.0 544.0
362.0 743.0
363.0 546.0
364.0 640.0
365.0 616.0
366.0 749.0
367.0 768.0
368.0 687.0
369.0 612.0
370.0 521.0
371.0 697.0
372.0 650.0
373.0 976.0
374.0 681.0
375.0 908.0
376.0 1050.0
377.0 618.0
378.0 781.0
379.0 960.0
380.0 911.0
381.0 1090.0
382.0 1280.0
383.0 984.0
384.0 879.0
385.0 1230.0
386.0 750.0
387.0 810.0
388.0 898.0
389.0 678.0
390.0 732.0
391.0 705.0
392.0 685.0
393.0 744.0
394.0 601.0
395.0 732.0
396.0 720.0
397.0 549.0
398.0 642.0
399.0 625.0
400.0 672.0
401.0 978.0
402.0 972.0
403.0 762.0
404.0 768.0
405.0 799.0
406.0 1020.0
407.0 869.0
408.0 1070.0
409.0 1110.0
410.0 1170.0
411.0 810.0
412.0 781.0
413.0 958.0
414.0 694.0
415.0 803.0
416.0 850.0
417.0 885.0
418.0 817.0
419.0 895.0
420.0 899.0
421.0 928.0
422.0 1020.0
423.0 928.0
424.0 628.0
425.0 885.0
426.0 1180.0
427.0 1000.0
428.0 910.0
429.0 944.0
430.0 1090.0
431.0 959.0
432.0 1200.0
433.0 1260.0
434.0 680.0
435.0 313.0
436.0 518.0
437.0 655.0
438.0 817.0
439.0 149.0
440.0 401.0
441.0 226.0
442.0 80.0
443.0 238.0
444.0 14.0
445.0 20.0
446.0 19.0
447.0 44.0
448.0 116.0
449.0 102.0
450.0 121.0
451.0 125.0
452.0 113.0
453.0 110.0
454.0 87.0
455.0 128.0
456.0 181.0
457.0 25.0
458.0 122.0
459.0 104.0
460.0 184.0
461.0 221.0
462.0 180.0
463.0 224.0
464.0 205.0
465.0 233.0
466.0 192.0
467.0 250.0
468.0 241.0
469.0 288.0
470.0 339.0
471.0 424.0
472.0 484.0
473.0 582.0
474.0 725.0
475.0 686.0
476.0 682.0
477.0 850.0
478.0 960.0
479.0 1020.0
480.0 1130.0
481.0 1040.0
482.0 1320.0
483.0 1230.0
484.0 1180.0
485.0 1130.0
486.0 1030.0
487.0 1130.0
488.0 1030.0
489.0 1310.0
490.0 1560.0
491.0 1460.0
492.0 1390.0
493.0 1340.0
494.0 1260.0
495.0 1500.0
496.0 1140.0
497.0 1010.0
498.0 1030.0
499.0 811.0
500.0 977.0
501.0 933.0
502.0 810.0
503.0 789.0
504.0 822.0
505.0 1000.0
506.0 966.0
507.0 1100.0
508.0 924.0
509.0 1330.0
510.0 1390.0
511.0 1220.0
512.0 1140.0
513.0 1190.0
514.0 1330.0
515.0 913.0
516.0 966.0
517.0 1040.0
518.0 765.0
519.0 911.0
520.0 1030.0
521.0 1040.0
522.0 1320.0
523.0 1110.0
524.0 1220.0
525.0 888.0
526.0 797.0
527.0 722.0
528.0 808.0
529.0 612.0
530.0 604.0
531.0 888.0
532.0 819.0
533.0 698.0
534.0 446.0
535.0 533.0
536.0 397.0
537.0 310.0
538.0 431.0
539.0 305.0
540.0 253.0
541.0 238.0
542.0 52.0
543.0 115.0
544.0 119.0
545.0 112.0
546.0 96.0
547.0 80.0
548.0 113.0
549.0 103.0
550.0 124.0
551.0 108.0
552.0 125.0
553.0 107.0
554.0 104.0
555.0 99.0
556.0 107.0
557.0 111.0
558.0 125.0
559.0 118.0
560.0 113.0
561.0 119.0
562.0 111.0
563.0 85.0
564.0 118.0
565.0 97.0
566.0 116.0
567.0 110.0
568.0 122.0
569.0 125.0
570.0 99.0
571.0 121.0
572.0 120.0
573.0 92.0
574.0 125.0
575.0 117.0
576.0 116.0
577.0 118.0
578.0 119.0
579.0 110.0
580.0 108.0
581.0 124.0
582.0 119.0
583.0 98.0
584.0 118.0
585.0 94.0
586.0 94.0
587.0 88.0
588.0 109.0
589.0 123.0
590.0 116.0
591.0 83.0
592.0 104.0
593.0 121.0
594.0 90.0
595.0 124.0
596.0 88.0
597.0 94.0
598.0 112.0
599.0 94.0
600.0 101.0
601.0 98.0
602.0 84.0
603.0 94.0
604.0 118.0
605.0 104.0
606.0 107.0
607.0 104.0
608.0 98.0
609.0 107.0
610.0 97.0
611.0 123.0
612.0 104.0
613.0 90.0
614.0 120.0
615.0 119.0
616.0 124.0
617.0 102.0
618.0 88.0
619.0 113.0
620.0 117.0
621.0 118.0
622.0 113.0
623.0 124.0
624.0 102.0
625.0 121.0
626.0 113.0
627.0 109.0
628.0 125.0
629.0 116.0
630.0 90.0
631.0 121.0
632.0 112.0
633.0 109.0
634.0 109.0
635.0 102.0
636.0 93.0
637.0 122.0
638.0 124.0
639.0 122.0
640.0 125.0
641.0 106.0
642.0 111.0
643.0 88.0
644.0 122.0
645.0 113.0
646.0 122.0
647.0 108.0
648.0 112.0
649.0 126.0
650.0 143.0
651.0 203.0
652.0 240.0
653.0 231.0
654.0 238.0
655.0 197.0
656.0 258.0
657.0 306.0
658.0 385.0
659.0 349.0
660.0 347.0
661.0 398.0
662.0 498.0
663.0 476.0
664.0 609.0
665.0 541.0
666.0 679.0
667.0 639.0
668.0 748.0
669.0 616.0
670.0 640.0
671.0 828.0
672.0 920.0
673.0 707.0
674.0 740.0
675.0 695.0
676.0 696.0
677.0 637.0
678.0 785.0
679.0 617.0
680.0 656.0
681.0 778.0
682.0 879.0
683.0 598.0
684.0 673.0
685.0 762.0
686.0 780.0
687.0 661.0
688.0 558.0
689.0 696.0
690.0 435.0
691.0 13.0
692.0 8.0
693.0 0.0
694.0 1.0
695.0 85.0
696.0 119.0
697.0 113.0
698.0 106.0
699.0 125.0
700.0 118.0
701.0 100.0
702.0 87.0
703.0 402.0
704.0 616.0
705.0 524.0
706.0 115.0
707.0 7.0
708.0 0.0
709.0 1.0
710.0 3.0
711.0 17.0
712.0 113.0
713.0 106.0
714.0 100.0
715.0 84.0
716.0 118.0
717.0 101.0
718.0 121.0
719.0 112.0
720.0 109.0
721.0 116.0
722.0 125.0
723.0 122.0
724.0 95.0
725.0 110.0
726.0 99.0
727.0 110.0
728.0 92.0
729.0 113.0
730.0 125.0
731.0 93.0
732.0 117.0
733.0 114.0
734.0 24.0
735.0 1.0
736.0 3.0
737.0 4.0
738.0 8.0
739.0 4.0
740.0 107.0
741.0 118.0
742.0 115.0
743.0 90.0
744.0 115.0
745.0 14.0
746.0 30.0
747.0 24.0
748.0 39.0
749.0 31.0
750.0 60.0
751.0 10.0
752.0 1.0
753.0 107.0
754.0 124.0
755.0 97.0
756.0 92.0
757.0 120.0
758.0 83.0
759.0 122.0
760.0 121.0
761.0 104.0
762.0 112.0
763.0 97.0
764.0 116.0
765.0 105.0
766.0 89.0
767.0 112.0
768.0 105.0
769.0 116.0
770.0 105.0
771.0 95.0
772.0 116.0
773.0 79.0
774.0 91.0
775.0 114.0
776.0 12.0
777.0 9.0
778.0 12.0
779.0 18.0
780.0 23.0
781.0 20.0
782.0 119.0
783.0 124.0
784.0 95.0
785.0 114.0
786.0 184.0
787.0 88.0
788.0 209.0
789.0 104.0
790.0 75.0
791.0 94.0
792.0 125.0
793.0 25.0
794.0 33.0
795.0 23.0
796.0 22.0
797.0 21.0
798.0 20.0
799.0 120.0
