0.0 105.0
1.0 82.0
2.0 106.0
3.0 110.0
4.0 76.0
5.0 124.0
6.0 112.0
7.0 99.0
8.0 105.0
9.0 124.0
10.0 83.0
11.0 119.0
12.0 113.0
13.0 106.0
14.0 116.0
15.0 106.0
16.0 112.0
17.0 117.0
18.0 96.0
19.0 105.0
20.0 120.0
21.0 107.0
22.0 107.0
23.0 85.0
24.0 116.0
25.0 93.0
26.0 94.0
27.0 102.0
28.0 113.0
29.0 105.0
30.0 121.0
31.0 125.0
32.0 113.0
33.0 115.0
34.0 112.0
35.0 118.0
36.0 110.0
37.0 84.0
38.0 16.0
39.0 18.0
40.0 17.0
41.0 13.0
42.0 9.0
43.0 8.0
44.0 5.0
45.0 5.0
46.0 10.0
47.0 13.0
48.0 16.0
49.0 17.0
50.0 17.0
51.0 32.0
52.0 32.0
53.0 57.0
54.0 59.0
55.0 81.0
56.0 124.0
57.0 220.0
58.0 223.0
59.0 316.0
60.0 404.0
61.0 224.0
62.0 230.0
63.0 234.0
64.0 272.0
65.0 201.0
66.0 352.0
67.0 519.0
68.0 450.0
69.0 464.0
70.0 325.0
71.0 450.0
72.0 486.0
73.0 387.0
74.0 408.0
75.0 542.0
76.0 654.0
77.0 324.0
78.0 223.0
79.0 440.0
80.0 332.0
81.0 368.0
82.0 552.0
83.0 385.0
84.0 481.0
85.0 478.0
86.0 516.0
87.0 458.0
88.0 335.0
89.0 606.0
90.0 443.0
91.0 5.0
92.0 78.0
93.0 239.0
94.0 314.0
95.0 351.0
96.0 234.0
97.0 221.0
98.0 152.0
99.0 3.0
100.0 34.0
101.0 56.0
102.0 116.0
103.0 22.0
104.0 109.0
105.0 92.0
106.0 120.0
107.0 200.0
108.0 267.0
109.0 277.0
110.0 266.0
111.0 153.0
112.0 111.0
113.0 130.0
114.0 241.0
115.0 120.0
116.0 95.0
117.0 115.0
118.0 144.0
119.0 128.0
120.0 154.0
121.0 174.0
122.0 249.0
123.0 170.0
124.0 185.0
125.0 178.0
126.0 197.0
127.0 209.0
128.0 312.0
129.0 233.0
130.0 202.0
131.0 170.0
132.0 201.0
133.0 264.0
134.0 181.0
135.0 244.0
136.0 248.0
137.0 299.0
138.0 408.0
139.0 347.0
140.0 367.0
141.0 409.0
142.0 393.0
143.0 489.0
144.0 487.0
145.0 473.0
146.0 707.0
147.0 598.0
148.0 637.0
149.0 718.0
150.0 739.0
151.0 763.0
152.0 1040.0
153.0 1040.0
154.0 1050.0
155.0 1010.0
156.0 1170.0
157.0 1110.0
158.0 1120.0
159.0 1010.0
160.0 977.0
161.0 977.0
162.0 781.0
163.0 816.0
164.0 837.0
165.0 782.0
166.0 952.0
167.0 855.0
168.0 939.0
169.0 665.0
170.0 695.0
171.0 928.0
172.0 896.0
173.0 771.0
174.0 862.0
175.0 814.0
176.0 711.0
177.0 790.0
178.0 883.0
179.0 828.0
180.0 797.0
181.0 744.0
182.0 759.0
183.0 808.0
184.0 943.0
185.0 976.0
186.0 1020.0
187.0 1200.0
188.0 704.0
189.0 934.0
190.0 1190.0
191.0 1520.0
192.0 1690.0
193.0 1610.0
194.0 1670.0
195.0 1750.0
196.0 1480.0
197.0 1760.0
198.0 1670.0
199.0 1660.0
200.0 1670.0
201.0 1420.0
202.0 1700.0
203.0 1680.0
204.0 1480.0
205.0 1500.0
206.0 1590.0
207.0 1080.0
208.0 1260.0
209.0 782.0
210.0 13.0
211.0 121.0
212.0 105.0
213.0 934.0
214.0 1500.0
215.0 1550.0
216.0 1620.0
217.0 1560.0
218.0 1570.0
219.0 1510.0
220.0 1580.0
221.0 1570.0
222.0 1520.0
223.0 1520.0
224.0 1570.0
225.0 1720.0
226.0 1620.0
227.0 1580.0
228.0 1380.0
229.0 1360.0
230.0 1410.0
231.0 1450.0
232.0 1410.0
233.0 989.0
234.0 232.0
235.0 80.0
236.0 94.0
237.0 300.0
238.0 417.0
239.0 411.0
240.0 462.0
241.0 635.0
242.0 901.0
243.0 818.0
244.0 784.0
245.0 799.0
246.0 689.0
247.0 801.0
248.0 808.0
249.0 910.0
250.0 838.0
251.0 1030.0
252.0 1100.0
253.0 1070.0
254.0 1140.0
255.0 1600.0
256.0 1210.0
257.0 1270.0
258.0 573.0
259.0 15.0
260.0 0.0
261.0 0.0
262.0 22.0
263.0 111.0
264.0 99.0
265.0 96.0
266.0 335.0
267.0 563.0
268.0 745.0
269.0 917.0
270.0 911.0
271.0 907.0
272.0 1240.0
273.0 1100.0
274.0 1300.0
275.0 1090.0
276.0 886.0
277.0 1040.0
278.0 1170.0
279.0 1310.0
280.0 1260.0
281.0 1290.0
282.0 1240.0
283.0 1360.0
284.0 1340.0
285.0 1560.0
286.0 1480.0
287.0 1350.0
288.0 1280.0
289.0 1530.0
290.0 1260.0
291.0 1290.0
292.0 1160.0
293.0 1240.0
294.0 1290.0
295.0 1300.0
296.0 1580.0
297.0 1340.0
298.0 1450.0
299.0 1650.0
300.0 1490.0
301.0 1240.0
302.0 1260.0
303.0 1310.0
304.0 1570.0
305.0 1280.0
306.0 1480.0
307.0 1510.0
308.0 1600.0
309.0 1510.0
310.0 1660.0
311.0 914.0
312.0 1300.0
313.0 1130.0
314.0 731.0
315.0 878.0
316.0 484.0
317.0 103.0
318.0 61.0
319.0 20.0
320.0 107.0
321.0 107.0
322.0 185.0
323.0 587.0
324.0 530.0
325.0 579.0
326.0 611.0
327.0 540.0
328.0 641.0
329.0 861.0
330.0 710.0
331.0 854.0
332.0 696.0
333.0 547.0
334.0 446.0
335.0 582.0
336.0 528.0
337.0 594.0
338.0 681.0
339.0 707.0
340.0 744.0
341.0 474.0
342.0 528.0
343.0 605.0
344.0 637.0
345.0 565.0
346.0 570.0
347.0 656.0
348.0 875.0
349.0 635.0
350.0 496.0
351.0 682.0
352.0 604.0
353.0 577.0
354.0 685.0
355.0 766.0
356.0 603.0
357.0 676.0
358.0 656.0
359.0 683.0
360.0 695.0
361.0 626.0
362.0 680.0
363.0 669.0
364.0 681.0
365.0 687.0
366.0 683.0
367.0 613.0
368.0 630.0
369.0 592.0
370.0 882.0
371.0 659.0
372.0 891.0
373.0 732.0
374.0 706.0
375.0 757.0
376.0 651.0
377.0 655.0
378.0 691.0
379.0 705.0
380.0 688.0
381.0 650.0
382.0 717.0
383.0 639.0
384.0 689.0
385.0 808.0
386.0 746.0
387.0 597.0
388.0 568.0
389.0 217.0
390.0 601.0
391.0 613.0
392.0 580.0
393.0 637.0
394.0 653.0
395.0 125.0
396.0 104.0
397.0 160.0
398.0 308.0
399.0 442.0
400.0 481.0
401.0 265.0
402.0 100.0
403.0 98.0
404.0 340.0
405.0 432.0
406.0 447.0
407.0 409.0
408.0 536.0
409.0 556.0
410.0 527.0
411.0 458.0
412.0 501.0
413.0 513.0
414.0 521.0
415.0 733.0
416.0 625.0
417.0 742.0
418.0 695.0
419.0 711.0
420.0 670.0
421.0 880.0
422.0 1080.0
423.0 743.0
424.0 805.0
425.0 833.0
426.0 962.0
427.0 780.0
428.0 931.0
429.0 829.0
430.0 719.0
431.0 499.0
432.0 713.0
433.0 622.0
434.0 490.0
435.0 127.0
436.0 121.0
437.0 58.0
438.0 83.0
439.0 242.0
440.0 93.0
441.0 145.0
442.0 70.0
443.0 8.0
444.0 59.0
445.0 2.0
446.0 109.0
447.0 91.0
448.0 76.0
449.0 70.0
450.0 117.0
451.0 125.0
452.0 173.0
453.0 153.0
454.0 177.0
455.0 239.0
456.0 301.0
457.0 276.0
458.0 328.0
459.0 392.0
460.0 455.0
461.0 479.0
462.0 531.0
463.0 589.0
464.0 591.0
465.0 544.0
466.0 513.0
467.0 600.0
468.0 545.0
469.0 781.0
470.0 815.0
471.0 538.0
472.0 557.0
473.0 538.0
474.0 548.0
475.0 612.0
476.0 677.0
477.0 599.0
478.0 829.0
479.0 892.0
480.0 902.0
481.0 837.0
482.0 846.0
483.0 794.0
484.0 932.0
485.0 916.0
486.0 660.0
487.0 555.0
488.0 669.0
489.0 840.0
490.0 823.0
491.0 893.0
492.0 859.0
493.0 932.0
494.0 1000.0
495.0 1020.0
496.0 1190.0
497.0 1270.0
498.0 1140.0
499.0 1050.0
500.0 1230.0
501.0 958.0
502.0 899.0
503.0 739.0
504.0 695.0
505.0 650.0
506.0 815.0
507.0 940.0
508.0 936.0
509.0 1050.0
510.0 1010.0
511.0 1110.0
512.0 1140.0
513.0 1030.0
514.0 1020.0
515.0 1070.0
516.0 905.0
517.0 1030.0
518.0 824.0
519.0 819.0
520.0 1320.0
521.0 831.0
522.0 1090.0
523.0 746.0
524.0 437.0
525.0 756.0
526.0 603.0
527.0 654.0
528.0 282.0
529.0 122.0
530.0 118.0
531.0 111.0
532.0 85.0
533.0 94.0
534.0 101.0
535.0 97.0
536.0 108.0
537.0 90.0
538.0 100.0
539.0 123.0
540.0 91.0
541.0 90.0
542.0 104.0
543.0 90.0
544.0 107.0
545.0 104.0
546.0 110.0
547.0 85.0
548.0 105.0
549.0 114.0
550.0 107.0
551.0 103.0
552.0 110.0
553.0 125.0
554.0 116.0
555.0 92.0
556.0 106.0
557.0 106.0
558.0 115.0
559.0 104.0
560.0 121.0
561.0 116.0
562.0 85.0
563.0 80.0
564.0 116.0
565.0 93.0
566.0 103.0
567.0 125.0
568.0 103.0
569.0 88.0
570.0 122.0
571.0 99.0
572.0 78.0
573.0 92.0
574.0 122.0
575.0 109.0
576.0 91.0
577.0 95.0
578.0 125.0
579.0 83.0
580.0 112.0
581.0 88.0
582.0 120.0
583.0 90.0
584.0 89.0
585.0 119.0
586.0 123.0
587.0 81.0
588.0 89.0
589.0 116.0
590.0 96.0
591.0 97.0
592.0 98.0
593.0 116.0
594.0 107.0
595.0 100.0
596.0 106.0
597.0 93.0
598.0 117.0
599.0 114.0
600.0 114.0
601.0 98.0
602.0 86.0
603.0 99.0
604.0 96.0
605.0 107.0
606.0 92.0
607.0 118.0
608.0 82.0
609.0 121.0
610.0 98.0
611.0 103.0
612.0 122.0
613.0 100.0
614.0 100.0
615.0 116.0
616.0 122.0
617.0 110.0
618.0 84.0
619.0 100.0
620.0 125.0
621.0 108.0
622.0 118.0
623.0 109.0
624.0 95.0
625.0 118.0
626.0 104.0
627.0 113.0
628.0 123.0
629.0 104.0
630.0 107.0
631.0 113.0
632.0 107.0
633.0 105.0
634.0 119.0
635.0 124.0
636.0 109.0
637.0 111.0
638.0 102.0
639.0 441.0
640.0 599.0
641.0 681.0
642.0 340.0
643.0 18.0
644.0 339.0
645.0 452.0
646.0 776.0
647.0 831.0
648.0 1080.0
649.0 1280.0
650.0 1290.0
651.0 1020.0
652.0 1120.0
653.0 1040.0
654.0 1180.0
655.0 1300.0
656.0 1660.0
657.0 1110.0
658.0 1480.0
659.0 1550.0
660.0 1030.0
661.0 1510.0
662.0 1350.0
663.0 1690.0
664.0 1310.0
665.0 1470.0
666.0 1610.0
667.0 1300.0
668.0 1340.0
669.0 1320.0
670.0 1400.0
671.0 1420.0
672.0 1270.0
673.0 1540.0
674.0 860.0
675.0 1420.0
676.0 1400.0
677.0 1300.0
678.0 1340.0
679.0 1250.0
680.0 1250.0
681.0 1170.0
682.0 494.0
683.0 360.0
684.0 99.0
685.0 92.0
686.0 307.0
687.0 9.0
688.0 0.0
689.0 15.0
690.0 9.0
691.0 91.0
692.0 112.0
693.0 690.0
694.0 918.0
695.0 1040.0
696.0 42.0
697.0 111.0
698.0 110.0
699.0 180.0
700.0 472.0
701.0 111.0
702.0 27.0
703.0 0.0
704.0 0.0
705.0 0.0
706.0 11.0
707.0 98.0
708.0 108.0
709.0 112.0
710.0 98.0
711.0 103.0
712.0 120.0
713.0 102.0
714.0 113.0
715.0 122.0
716.0 95.0
717.0 108.0
718.0 295.0
719.0 357.0
720.0 316.0
721.0 306.0
722.0 0.0
723.0 0.0
724.0 0.0
725.0 0.0
726.0 0.0
727.0 94.0
728.0 112.0
729.0 101.0
730.0 92.0
731.0 6.0
732.0 13.0
733.0 17.0
734.0 18.0
735.0 61.0
736.0 66.0
737.0 118.0
738.0 207.0
739.0 306.0
740.0 338.0
741.0 592.0
742.0 699.0
743.0 461.0
744.0 723.0
745.0 709.0
746.0 987.0
747.0 121.0
748.0 0.0
749.0 0.0
750.0 90.0
751.0 111.0
752.0 123.0
753.0 121.0
754.0 124.0
755.0 95.0
756.0 119.0
757.0 92.0
758.0 103.0
759.0 125.0
760.0 116.0
761.0 101.0
762.0 108.0
763.0 113.0
764.0 111.0
765.0 89.0
766.0 123.0
767.0 104.0
768.0 97.0
769.0 95.0
770.0 113.0
771.0 116.0
772.0 99.0
773.0 123.0
774.0 120.0
775.0 116.0
776.0 123.0
777.0 112.0
778.0 123.0
779.0 116.0
780.0 111.0
781.0 96.0
782.0 108.0
783.0 115.0
784.0 97.0
785.0 101.0
786.0 102.0
787.0 89.0
788.0 110.0
789.0 95.0
790.0 89.0
791.0 125.0
792.0 92.0
793.0 110.0
794.0 105.0
795.0 95.0
796.0 119.0
797.0 97.0
798.0 103.0
