0.0 41.0
1.0 78.0
2.0 97.0
3.0 146.0
4.0 109.0
5.0 51.0
6.0 38.0
7.0 75.0
8.0 88.0
9.0 125.0
10.0 115.0
11.0 111.0
12.0 103.0
13.0 123.0
14.0 107.0
15.0 99.0
16.0 98.0
17.0 116.0
18.0 92.0
19.0 122.0
20.0 88.0
21.0 457.0
22.0 558.0
23.0 277.0
24.0 81.0
25.0 122.0
26.0 100.0
27.0 105.0
28.0 137.0
29.0 221.0
30.0 368.0
31.0 565.0
32.0 652.0
33.0 716.0
34.0 771.0
35.0 420.0
36.0 78.0
37.0 3.0
38.0 1.0
39.0 35.0
40.0 13.0
41.0 82.0
42.0 119.0
43.0 116.0
44.0 102.0
45.0 97.0
46.0 81.0
47.0 84.0
48.0 111.0
49.0 122.0
50.0 113.0
51.0 102.0
52.0 123.0
53.0 83.0
54.0 111.0
55.0 87.0
56.0 122.0
57.0 116.0
58.0 80.0
59.0 118.0
60.0 118.0
61.0 106.0
62.0 123.0
63.0 93.0
64.0 120.0
65.0 94.0
66.0 113.0
67.0 120.0
68.0 100.0
69.0 109.0
70.0 99.0
71.0 99.0
72.0 125.0
73.0 123.0
74.0 69.0
75.0 93.0
76.0 113.0
77.0 162.0
78.0 206.0
79.0 305.0
80.0 407.0
81.0 465.0
82.0 454.0
83.0 336.0
84.0 80.0
85.0 328.0
86.0 398.0
87.0 433.0
88.0 138.0
89.0 35.0
90.0 32.0
91.0 121.0
92.0 125.0
93.0 254.0
94.0 257.0
95.0 350.0
96.0 369.0
97.0 387.0
98.0 373.0
99.0 396.0
100.0 392.0
101.0 473.0
102.0 501.0
103.0 496.0
104.0 556.0
105.0 571.0
106.0 589.0
107.0 588.0
108.0 719.0
109.0 687.0
110.0 563.0
111.0 686.0
112.0 748.0
113.0 863.0
114.0 639.0
115.0 597.0
116.0 733.0
117.0 775.0
118.0 742.0
119.0 761.0
120.0 703.0
121.0 677.0
122.0 437.0
123.0 224.0
124.0 446.0
125.0 380.0
126.0 27.0
127.0 6.0
128.0 0.0
129.0 38.0
130.0 37.0
131.0 16.0
132.0 47.0
133.0 51.0
134.0 124.0
135.0 118.0
136.0 520.0
137.0 603.0
138.0 504.0
139.0 461.0
140.0 540.0
141.0 445.0
142.0 94.0
143.0 2.0
144.0 31.0
145.0 15.0
146.0 56.0
147.0 75.0
148.0 103.0
149.0 94.0
150.0 198.0
151.0 245.0
152.0 140.0
153.0 78.0
154.0 116.0
155.0 222.0
156.0 263.0
157.0 257.0
158.0 296.0
159.0 280.0
160.0 321.0
161.0 283.0
162.0 259.0
163.0 305.0
164.0 359.0
165.0 325.0
166.0 382.0
167.0 359.0
168.0 425.0
169.0 452.0
170.0 440.0
171.0 457.0
172.0 495.0
173.0 471.0
174.0 557.0
175.0 604.0
176.0 587.0
177.0 668.0
178.0 830.0
179.0 777.0
180.0 1010.0
181.0 702.0
182.0 790.0
183.0 740.0
184.0 723.0
185.0 846.0
186.0 820.0
187.0 680.0
188.0 404.0
189.0 2.0
190.0 35.0
191.0 21.0
192.0 81.0
193.0 7.0
194.0 4.0
195.0 0.0
196.0 103.0
197.0 117.0
198.0 205.0
199.0 159.0
200.0 197.0
201.0 254.0
202.0 263.0
203.0 273.0
204.0 22.0
205.0 0.0
206.0 0.0
207.0 2.0
208.0 0.0
209.0 4.0
210.0 0.0
211.0 12.0
212.0 4.0
213.0 0.0
214.0 75.0
215.0 103.0
216.0 112.0
217.0 101.0
218.0 106.0
219.0 90.0
220.0 108.0
221.0 121.0
222.0 95.0
223.0 111.0
224.0 104.0
225.0 90.0
226.0 90.0
227.0 95.0
228.0 120.0
229.0 85.0
230.0 111.0
231.0 120.0
232.0 98.0
233.0 113.0
234.0 113.0
235.0 125.0
236.0 96.0
237.0 117.0
238.0 124.0
239.0 113.0
240.0 112.0
241.0 110.0
242.0 124.0
243.0 111.0
244.0 108.0
245.0 117.0
246.0 121.0
247.0 113.0
248.0 118.0
249.0 123.0
