0.0 41.0
1.0 41.0
2.0 46.0
3.0 20.0
4.0 2.0
5.0 109.0
6.0 83.0
7.0 78.0
8.0 107.0
9.0 150.0
10.0 191.0
11.0 150.0
12.0 117.0
13.0 118.0
14.0 123.0
15.0 308.0
16.0 396.0
17.0 510.0
18.0 378.0
19.0 396.0
20.0 541.0
21.0 594.0
22.0 686.0
23.0 339.0
24.0 8.0
25.0 8.0
26.0 11.0
27.0 82.0
28.0 83.0
29.0 104.0
30.0 116.0
31.0 91.0
32.0 114.0
33.0 578.0
34.0 1230.0
35.0 1150.0
36.0 942.0
37.0 81.0
38.0 10.0
39.0 122.0
40.0 501.0
41.0 950.0
42.0 998.0
43.0 1030.0
44.0 1350.0
45.0 1180.0
46.0 949.0
47.0 645.0
48.0 126.0
49.0 23.0
50.0 2.0
51.0 97.0
52.0 92.0
53.0 123.0
54.0 117.0
55.0 85.0
56.0 496.0
57.0 625.0
58.0 585.0
59.0 643.0
60.0 535.0
61.0 662.0
62.0 780.0
63.0 81.0
64.0 95.0
65.0 119.0
66.0 110.0
67.0 121.0
68.0 152.0
69.0 321.0
70.0 198.0
71.0 479.0
72.0 491.0
73.0 496.0
74.0 438.0
75.0 413.0
76.0 413.0
77.0 468.0
78.0 456.0
79.0 440.0
80.0 137.0
81.0 121.0
82.0 197.0
83.0 122.0
84.0 136.0
85.0 496.0
86.0 121.0
87.0 230.0
88.0 137.0
89.0 107.0
90.0 108.0
91.0 112.0
92.0 108.0
93.0 103.0
94.0 107.0
95.0 95.0
96.0 97.0
97.0 97.0
98.0 95.0
99.0 90.0
100.0 60.0
101.0 119.0
102.0 156.0
103.0 732.0
104.0 758.0
105.0 793.0
106.0 776.0
107.0 785.0
108.0 756.0
109.0 754.0
110.0 777.0
111.0 760.0
112.0 691.0
113.0 805.0
114.0 622.0
115.0 590.0
116.0 709.0
117.0 651.0
118.0 839.0
119.0 115.0
120.0 91.0
121.0 116.0
122.0 227.0
123.0 575.0
124.0 586.0
125.0 487.0
126.0 305.0
127.0 166.0
128.0 151.0
129.0 75.0
130.0 51.0
131.0 59.0
132.0 57.0
133.0 60.0
134.0 111.0
135.0 118.0
136.0 515.0
137.0 601.0
138.0 636.0
139.0 479.0
140.0 635.0
141.0 643.0
142.0 627.0
143.0 635.0
144.0 647.0
145.0 732.0
146.0 787.0
147.0 790.0
148.0 720.0
149.0 818.0
150.0 794.0
151.0 883.0
152.0 792.0
153.0 1000.0
154.0 1030.0
155.0 1080.0
156.0 1090.0
157.0 1080.0
158.0 1140.0
159.0 1040.0
160.0 1280.0
161.0 1150.0
162.0 1120.0
163.0 1320.0
164.0 1320.0
165.0 624.0
166.0 101.0
167.0 124.0
168.0 1060.0
169.0 1430.0
170.0 1290.0
171.0 1280.0
172.0 1030.0
173.0 681.0
174.0 10.0
175.0 121.0
176.0 87.0
177.0 100.0
178.0 112.0
179.0 255.0
180.0 530.0
181.0 629.0
182.0 374.0
183.0 277.0
184.0 180.0
185.0 267.0
186.0 124.0
187.0 202.0
188.0 428.0
189.0 209.0
190.0 141.0
191.0 137.0
192.0 144.0
193.0 148.0
194.0 133.0
195.0 124.0
196.0 126.0
197.0 117.0
198.0 94.0
199.0 131.0
200.0 113.0
201.0 115.0
202.0 122.0
203.0 125.0
204.0 118.0
205.0 121.0
206.0 129.0
207.0 68.0
208.0 131.0
209.0 87.0
210.0 95.0
211.0 123.0
212.0 120.0
213.0 311.0
214.0 169.0
215.0 83.0
216.0 88.0
217.0 134.0
218.0 492.0
219.0 507.0
220.0 260.0
221.0 101.0
222.0 110.0
223.0 114.0
224.0 181.0
225.0 449.0
226.0 470.0
227.0 479.0
228.0 472.0
229.0 483.0
230.0 517.0
231.0 522.0
232.0 537.0
233.0 473.0
234.0 255.0
235.0 199.0
236.0 109.0
237.0 228.0
238.0 445.0
239.0 515.0
240.0 497.0
241.0 483.0
242.0 449.0
243.0 461.0
244.0 494.0
245.0 496.0
246.0 523.0
247.0 473.0
248.0 417.0
249.0 211.0
