0.0 65.0
1.0 130.0
2.0 168.0
3.0 195.0
4.0 20.0
5.0 16.0
6.0 36.0
7.0 27.0
8.0 26.0
9.0 96.0
10.0 95.0
11.0 152.0
12.0 220.0
13.0 207.0
14.0 243.0
15.0 258.0
16.0 300.0
17.0 394.0
18.0 521.0
19.0 545.0
20.0 615.0
21.0 542.0
22.0 714.0
23.0 551.0
24.0 767.0
25.0 597.0
26.0 704.0
27.0 435.0
28.0 445.0
29.0 172.0
30.0 0.0
31.0 119.0
32.0 123.0
33.0 384.0
34.0 674.0
35.0 279.0
36.0 113.0
37.0 109.0
38.0 280.0
39.0 623.0
40.0 521.0
41.0 667.0
42.0 508.0
43.0 645.0
44.0 46.0
45.0 8.0
46.0 163.0
47.0 105.0
48.0 103.0
49.0 234.0
50.0 402.0
51.0 371.0
52.0 550.0
53.0 537.0
54.0 554.0
55.0 457.0
56.0 556.0
57.0 557.0
58.0 539.0
59.0 553.0
60.0 528.0
61.0 39.0
62.0 23.0
63.0 20.0
64.0 20.0
65.0 8.0
66.0 77.0
67.0 107.0
68.0 123.0
69.0 36.0
70.0 20.0
71.0 15.0
72.0 51.0
73.0 78.0
74.0 99.0
75.0 115.0
76.0 121.0
77.0 36.0
78.0 76.0
79.0 40.0
80.0 28.0
81.0 39.0
82.0 120.0
83.0 105.0
84.0 186.0
85.0 376.0
86.0 398.0
87.0 343.0
88.0 462.0
89.0 444.0
90.0 485.0
91.0 554.0
92.0 494.0
93.0 665.0
94.0 811.0
95.0 287.0
96.0 121.0
97.0 300.0
98.0 628.0
99.0 672.0
100.0 901.0
101.0 791.0
102.0 847.0
103.0 898.0
104.0 924.0
105.0 646.0
106.0 837.0
107.0 810.0
108.0 212.0
109.0 414.0
110.0 132.0
111.0 0.0
112.0 5.0
113.0 0.0
114.0 0.0
115.0 0.0
116.0 0.0
117.0 18.0
118.0 1.0
119.0 0.0
120.0 0.0
121.0 124.0
122.0 96.0
123.0 113.0
124.0 88.0
125.0 585.0
126.0 781.0
127.0 861.0
128.0 858.0
129.0 945.0
130.0 1090.0
131.0 948.0
132.0 0.0
133.0 288.0
134.0 1260.0
135.0 986.0
136.0 1030.0
137.0 931.0
138.0 978.0
139.0 1120.0
140.0 1040.0
141.0 1400.0
142.0 1420.0
143.0 1380.0
144.0 1400.0
145.0 1380.0
146.0 1220.0
147.0 1300.0
148.0 139.0
149.0 98.0
150.0 789.0
151.0 1070.0
152.0 905.0
153.0 965.0
154.0 1170.0
155.0 961.0
156.0 958.0
157.0 495.0
158.0 617.0
159.0 1200.0
160.0 1330.0
161.0 1310.0
162.0 807.0
163.0 967.0
164.0 1020.0
165.0 715.0
166.0 98.0
167.0 46.0
168.0 77.0
169.0 61.0
170.0 408.0
171.0 35.0
172.0 46.0
173.0 54.0
174.0 58.0
175.0 110.0
176.0 91.0
177.0 120.0
178.0 105.0
179.0 125.0
180.0 116.0
181.0 116.0
182.0 110.0
183.0 108.0
184.0 122.0
185.0 100.0
186.0 119.0
187.0 117.0
188.0 89.0
189.0 122.0
190.0 100.0
191.0 87.0
192.0 121.0
193.0 122.0
194.0 116.0
195.0 224.0
196.0 589.0
197.0 565.0
198.0 634.0
199.0 647.0
200.0 592.0
201.0 631.0
202.0 659.0
203.0 653.0
204.0 748.0
205.0 728.0
206.0 752.0
207.0 780.0
208.0 888.0
209.0 915.0
210.0 868.0
211.0 936.0
212.0 963.0
213.0 892.0
214.0 986.0
215.0 913.0
216.0 904.0
217.0 945.0
218.0 927.0
219.0 817.0
220.0 973.0
221.0 981.0
222.0 934.0
223.0 960.0
224.0 1110.0
225.0 1130.0
226.0 986.0
227.0 1030.0
228.0 959.0
229.0 1110.0
230.0 824.0
231.0 1110.0
232.0 1010.0
233.0 629.0
234.0 182.0
235.0 834.0
236.0 947.0
237.0 1110.0
238.0 765.0
239.0 924.0
240.0 930.0
241.0 1040.0
242.0 994.0
243.0 997.0
244.0 963.0
245.0 817.0
246.0 523.0
247.0 561.0
248.0 849.0
249.0 871.0
250.0 864.0
251.0 897.0
252.0 579.0
253.0 265.0
254.0 165.0
255.0 149.0
256.0 187.0
257.0 303.0
258.0 172.0
259.0 160.0
260.0 133.0
261.0 179.0
262.0 169.0
263.0 285.0
264.0 205.0
265.0 169.0
266.0 173.0
267.0 177.0
268.0 151.0
269.0 137.0
270.0 120.0
271.0 119.0
272.0 526.0
273.0 84.0
274.0 80.0
275.0 11.0
276.0 124.0
277.0 68.0
278.0 27.0
279.0 30.0
280.0 36.0
281.0 42.0
282.0 32.0
283.0 35.0
284.0 36.0
285.0 43.0
286.0 19.0
287.0 46.0
288.0 33.0
289.0 26.0
290.0 34.0
291.0 36.0
292.0 31.0
293.0 20.0
294.0 42.0
295.0 35.0
296.0 35.0
297.0 47.0
298.0 53.0
299.0 102.0
300.0 172.0
301.0 285.0
302.0 364.0
303.0 426.0
304.0 348.0
305.0 381.0
306.0 552.0
307.0 506.0
308.0 512.0
309.0 624.0
310.0 438.0
311.0 29.0
312.0 106.0
313.0 389.0
314.0 653.0
315.0 768.0
316.0 795.0
317.0 733.0
318.0 786.0
319.0 853.0
320.0 836.0
321.0 884.0
322.0 889.0
323.0 742.0
324.0 736.0
325.0 699.0
326.0 769.0
327.0 856.0
328.0 669.0
329.0 838.0
330.0 815.0
331.0 1110.0
332.0 729.0
333.0 659.0
334.0 765.0
335.0 937.0
336.0 895.0
337.0 1430.0
338.0 957.0
339.0 778.0
340.0 912.0
341.0 878.0
342.0 834.0
343.0 1240.0
344.0 970.0
345.0 620.0
346.0 935.0
347.0 1180.0
348.0 1110.0
349.0 1280.0
350.0 1010.0
351.0 1270.0
352.0 1330.0
353.0 1170.0
354.0 978.0
355.0 1180.0
356.0 1170.0
357.0 965.0
358.0 938.0
359.0 833.0
360.0 727.0
361.0 735.0
362.0 985.0
363.0 975.0
364.0 647.0
365.0 1100.0
366.0 944.0
367.0 1090.0
368.0 1020.0
369.0 698.0
370.0 1000.0
371.0 983.0
372.0 881.0
373.0 865.0
374.0 1010.0
375.0 859.0
376.0 1040.0
377.0 954.0
378.0 737.0
379.0 757.0
380.0 878.0
381.0 589.0
382.0 871.0
383.0 887.0
384.0 755.0
385.0 839.0
386.0 681.0
387.0 927.0
388.0 842.0
389.0 1000.0
390.0 914.0
391.0 713.0
392.0 399.0
393.0 11.0
394.0 336.0
395.0 529.0
396.0 547.0
397.0 560.0
398.0 560.0
399.0 738.0
400.0 849.0
401.0 274.0
402.0 601.0
403.0 385.0
404.0 604.0
405.0 404.0
406.0 13.0
407.0 41.0
408.0 37.0
409.0 108.0
410.0 436.0
411.0 653.0
412.0 792.0
413.0 791.0
414.0 923.0
415.0 779.0
416.0 997.0
417.0 1040.0
418.0 958.0
419.0 989.0
420.0 708.0
421.0 1080.0
422.0 935.0
423.0 975.0
424.0 1030.0
425.0 1050.0
426.0 913.0
427.0 900.0
428.0 886.0
429.0 1060.0
430.0 774.0
431.0 1090.0
432.0 817.0
433.0 940.0
434.0 1120.0
435.0 1040.0
436.0 1120.0
437.0 846.0
438.0 878.0
439.0 1020.0
440.0 795.0
441.0 766.0
442.0 812.0
443.0 723.0
444.0 712.0
445.0 791.0
446.0 936.0
447.0 985.0
448.0 844.0
449.0 774.0
450.0 805.0
451.0 817.0
452.0 781.0
453.0 1070.0
454.0 1020.0
455.0 1040.0
456.0 823.0
457.0 1050.0
458.0 1130.0
459.0 910.0
460.0 550.0
461.0 782.0
462.0 683.0
463.0 862.0
464.0 992.0
465.0 733.0
466.0 733.0
467.0 610.0
468.0 589.0
469.0 833.0
470.0 838.0
471.0 706.0
472.0 607.0
473.0 872.0
474.0 863.0
475.0 924.0
476.0 721.0
477.0 659.0
478.0 620.0
479.0 770.0
480.0 654.0
481.0 654.0
482.0 689.0
483.0 580.0
484.0 734.0
485.0 837.0
486.0 718.0
487.0 784.0
488.0 701.0
489.0 682.0
490.0 815.0
491.0 715.0
492.0 647.0
493.0 699.0
494.0 692.0
495.0 825.0
496.0 788.0
497.0 733.0
498.0 577.0
499.0 888.0
500.0 875.0
501.0 772.0
502.0 959.0
503.0 835.0
504.0 957.0
505.0 768.0
506.0 770.0
507.0 896.0
508.0 799.0
509.0 682.0
510.0 48.0
511.0 1.0
512.0 79.0
513.0 121.0
514.0 463.0
515.0 717.0
516.0 773.0
517.0 928.0
518.0 806.0
519.0 816.0
520.0 831.0
521.0 796.0
522.0 601.0
523.0 663.0
524.0 855.0
525.0 25.0
526.0 4.0
527.0 119.0
528.0 104.0
529.0 412.0
530.0 500.0
531.0 685.0
532.0 755.0
533.0 439.0
534.0 718.0
535.0 783.0
536.0 695.0
537.0 479.0
538.0 589.0
539.0 793.0
540.0 584.0
541.0 730.0
542.0 925.0
543.0 920.0
544.0 909.0
545.0 869.0
546.0 768.0
547.0 969.0
548.0 947.0
549.0 978.0
550.0 987.0
551.0 954.0
552.0 815.0
553.0 752.0
554.0 849.0
555.0 865.0
556.0 908.0
557.0 897.0
558.0 815.0
559.0 824.0
560.0 850.0
561.0 834.0
562.0 858.0
563.0 893.0
564.0 833.0
565.0 1050.0
566.0 846.0
567.0 585.0
568.0 927.0
569.0 1120.0
570.0 577.0
571.0 214.0
572.0 109.0
573.0 216.0
574.0 89.0
575.0 517.0
576.0 536.0
577.0 589.0
578.0 506.0
579.0 469.0
580.0 584.0
581.0 590.0
582.0 522.0
583.0 530.0
584.0 508.0
585.0 560.0
586.0 541.0
587.0 480.0
588.0 553.0
589.0 489.0
590.0 589.0
591.0 104.0
592.0 125.0
593.0 510.0
594.0 550.0
595.0 434.0
596.0 546.0
597.0 572.0
598.0 644.0
599.0 508.0
600.0 547.0
601.0 597.0
602.0 709.0
603.0 573.0
604.0 503.0
605.0 543.0
606.0 488.0
607.0 927.0
608.0 966.0
609.0 866.0
610.0 810.0
611.0 825.0
612.0 1020.0
613.0 1150.0
614.0 969.0
615.0 933.0
616.0 1020.0
617.0 1180.0
618.0 53.0
619.0 96.0
620.0 99.0
621.0 114.0
622.0 831.0
623.0 544.0
624.0 596.0
625.0 1090.0
626.0 1140.0
627.0 1150.0
628.0 1110.0
629.0 1180.0
630.0 1000.0
631.0 933.0
632.0 797.0
633.0 748.0
634.0 724.0
635.0 915.0
636.0 865.0
637.0 892.0
638.0 874.0
639.0 844.0
640.0 874.0
641.0 822.0
642.0 697.0
643.0 1050.0
644.0 950.0
645.0 795.0
646.0 963.0
647.0 910.0
648.0 959.0
649.0 1040.0
650.0 956.0
651.0 958.0
652.0 954.0
653.0 528.0
654.0 109.0
655.0 124.0
656.0 114.0
657.0 124.0
658.0 202.0
659.0 83.0
660.0 106.0
661.0 307.0
662.0 428.0
663.0 382.0
664.0 424.0
665.0 425.0
666.0 33.0
667.0 14.0
668.0 8.0
669.0 11.0
670.0 16.0
671.0 1.0
672.0 114.0
673.0 102.0
674.0 316.0
675.0 387.0
676.0 346.0
677.0 402.0
678.0 388.0
679.0 352.0
680.0 395.0
681.0 368.0
682.0 386.0
683.0 387.0
684.0 345.0
685.0 373.0
686.0 326.0
687.0 416.0
688.0 435.0
689.0 442.0
690.0 339.0
691.0 401.0
692.0 375.0
693.0 352.0
694.0 300.0
695.0 480.0
696.0 375.0
697.0 439.0
698.0 420.0
699.0 436.0
700.0 440.0
701.0 356.0
702.0 466.0
703.0 329.0
704.0 388.0
705.0 487.0
706.0 542.0
707.0 78.0
708.0 2.0
709.0 0.0
710.0 22.0
711.0 120.0
712.0 82.0
713.0 122.0
714.0 140.0
715.0 220.0
716.0 274.0
717.0 334.0
718.0 357.0
719.0 377.0
720.0 434.0
721.0 420.0
722.0 451.0
723.0 434.0
724.0 455.0
725.0 392.0
726.0 440.0
727.0 533.0
728.0 447.0
729.0 541.0
730.0 497.0
731.0 400.0
732.0 491.0
733.0 487.0
734.0 486.0
735.0 480.0
736.0 425.0
737.0 533.0
738.0 560.0
739.0 596.0
740.0 543.0
741.0 491.0
742.0 517.0
743.0 478.0
744.0 464.0
745.0 488.0
746.0 472.0
747.0 454.0
748.0 416.0
749.0 394.0
750.0 179.0
751.0 101.0
752.0 103.0
753.0 111.0
754.0 96.0
755.0 98.0
756.0 113.0
757.0 94.0
758.0 117.0
759.0 117.0
760.0 108.0
761.0 117.0
762.0 110.0
763.0 106.0
764.0 76.0
765.0 276.0
766.0 386.0
767.0 319.0
768.0 343.0
769.0 351.0
770.0 371.0
771.0 379.0
772.0 321.0
773.0 398.0
774.0 445.0
775.0 422.0
776.0 408.0
777.0 505.0
778.0 516.0
779.0 575.0
780.0 399.0
781.0 561.0
782.0 638.0
783.0 648.0
784.0 623.0
785.0 646.0
786.0 601.0
787.0 496.0
788.0 692.0
789.0 176.0
790.0 23.0
791.0 156.0
792.0 99.0
793.0 573.0
794.0 521.0
795.0 495.0
796.0 499.0
797.0 540.0
798.0 531.0
799.0 559.0
