0.0 80.0
1.0 122.0
2.0 124.0
3.0 124.0
4.0 97.0
5.0 94.0
6.0 78.0
7.0 120.0
8.0 104.0
9.0 106.0
10.0 98.0
11.0 119.0
12.0 81.0
13.0 101.0
14.0 99.0
15.0 125.0
16.0 120.0
17.0 89.0
18.0 116.0
19.0 118.0
20.0 102.0
21.0 98.0
22.0 123.0
23.0 117.0
24.0 123.0
25.0 108.0
26.0 93.0
27.0 118.0
28.0 113.0
29.0 124.0
30.0 112.0
31.0 38.0
32.0 87.0
33.0 0.0
34.0 0.0
35.0 0.0
36.0 0.0
37.0 0.0
38.0 121.0
39.0 85.0
40.0 105.0
41.0 115.0
42.0 135.0
43.0 154.0
44.0 136.0
45.0 150.0
46.0 106.0
47.0 23.0
48.0 121.0
49.0 97.0
50.0 121.0
51.0 114.0
52.0 166.0
53.0 158.0
54.0 143.0
55.0 118.0
56.0 148.0
57.0 184.0
58.0 221.0
59.0 229.0
60.0 208.0
61.0 117.0
62.0 20.0
63.0 26.0
64.0 21.0
65.0 27.0
66.0 28.0
67.0 32.0
68.0 109.0
69.0 99.0
70.0 95.0
71.0 123.0
72.0 117.0
73.0 113.0
74.0 113.0
75.0 95.0
76.0 118.0
77.0 123.0
78.0 110.0
79.0 95.0
80.0 104.0
81.0 115.0
82.0 118.0
83.0 109.0
84.0 117.0
85.0 125.0
86.0 109.0
87.0 121.0
88.0 104.0
89.0 115.0
90.0 113.0
91.0 98.0
92.0 100.0
93.0 125.0
94.0 85.0
95.0 97.0
96.0 101.0
97.0 114.0
98.0 111.0
99.0 108.0
100.0 115.0
101.0 93.0
102.0 99.0
103.0 84.0
104.0 78.0
105.0 92.0
106.0 96.0
107.0 87.0
108.0 108.0
109.0 136.0
110.0 151.0
111.0 110.0
112.0 303.0
113.0 387.0
114.0 544.0
115.0 554.0
116.0 303.0
117.0 204.0
118.0 247.0
119.0 41.0
120.0 75.0
121.0 38.0
122.0 64.0
123.0 155.0
124.0 219.0
125.0 25.0
126.0 29.0
127.0 30.0
128.0 22.0
129.0 11.0
130.0 108.0
131.0 137.0
132.0 152.0
133.0 161.0
134.0 123.0
135.0 125.0
136.0 128.0
137.0 141.0
138.0 142.0
139.0 170.0
140.0 200.0
141.0 258.0
142.0 324.0
143.0 386.0
144.0 362.0
145.0 446.0
146.0 489.0
147.0 625.0
148.0 699.0
149.0 784.0
150.0 703.0
151.0 1090.0
152.0 988.0
153.0 1030.0
154.0 774.0
155.0 1040.0
156.0 940.0
157.0 820.0
158.0 501.0
159.0 568.0
160.0 588.0
161.0 419.0
162.0 28.0
163.0 18.0
164.0 3.0
165.0 0.0
166.0 7.0
167.0 28.0
168.0 33.0
169.0 22.0
170.0 24.0
171.0 6.0
172.0 22.0
173.0 107.0
174.0 104.0
175.0 38.0
176.0 77.0
177.0 90.0
178.0 90.0
179.0 102.0
180.0 107.0
181.0 142.0
182.0 189.0
183.0 26.0
184.0 0.0
185.0 0.0
186.0 77.0
187.0 122.0
188.0 133.0
189.0 341.0
190.0 502.0
191.0 727.0
192.0 778.0
193.0 746.0
194.0 726.0
195.0 786.0
196.0 883.0
197.0 807.0
198.0 800.0
199.0 778.0
200.0 592.0
201.0 740.0
202.0 877.0
203.0 909.0
204.0 870.0
205.0 718.0
206.0 968.0
207.0 1050.0
208.0 1020.0
209.0 797.0
210.0 828.0
211.0 821.0
212.0 731.0
213.0 853.0
214.0 1090.0
215.0 779.0
216.0 897.0
217.0 458.0
218.0 370.0
219.0 725.0
220.0 280.0
221.0 467.0
222.0 511.0
223.0 602.0
224.0 205.0
225.0 7.0
226.0 90.0
227.0 107.0
228.0 125.0
229.0 450.0
230.0 517.0
231.0 572.0
232.0 600.0
233.0 720.0
234.0 269.0
235.0 414.0
236.0 605.0
237.0 141.0
238.0 0.0
239.0 0.0
240.0 0.0
241.0 79.0
242.0 125.0
243.0 116.0
244.0 87.0
245.0 106.0
246.0 98.0
247.0 123.0
248.0 9.0
249.0 16.0
