0.0 108.0
1.0 607.0
2.0 737.0
3.0 872.0
4.0 877.0
5.0 924.0
6.0 1240.0
7.0 1370.0
8.0 1410.0
9.0 1580.0
10.0 1730.0
11.0 1620.0
12.0 1570.0
13.0 1550.0
14.0 1660.0
15.0 1840.0
16.0 1840.0
17.0 1740.0
18.0 1840.0
19.0 1810.0
20.0 1770.0
21.0 1870.0
22.0 1740.0
23.0 1830.0
24.0 1890.0
25.0 1840.0
26.0 1850.0
27.0 1640.0
28.0 1550.0
29.0 1500.0
30.0 1700.0
31.0 1430.0
32.0 1120.0
33.0 874.0
34.0 990.0
35.0 972.0
36.0 955.0
37.0 947.0
38.0 99.0
39.0 146.0
40.0 225.0
41.0 13.0
42.0 39.0
43.0 14.0
44.0 124.0
45.0 109.0
46.0 1540.0
47.0 1600.0
48.0 1490.0
49.0 1500.0
50.0 1810.0
51.0 1600.0
52.0 1670.0
53.0 1620.0
54.0 1300.0
55.0 1320.0
56.0 1040.0
57.0 184.0
58.0 22.0
59.0 125.0
60.0 125.0
61.0 106.0
62.0 983.0
63.0 1040.0
64.0 927.0
65.0 1350.0
66.0 238.0
67.0 7.0
68.0 104.0
69.0 110.0
70.0 104.0
71.0 83.0
72.0 809.0
73.0 911.0
74.0 780.0
75.0 806.0
76.0 799.0
77.0 1080.0
78.0 1070.0
79.0 966.0
80.0 931.0
81.0 761.0
82.0 771.0
83.0 774.0
84.0 964.0
85.0 756.0
86.0 837.0
87.0 674.0
88.0 601.0
89.0 668.0
90.0 653.0
91.0 657.0
92.0 745.0
93.0 780.0
94.0 710.0
95.0 423.0
96.0 197.0
97.0 228.0
98.0 351.0
99.0 421.0
100.0 635.0
101.0 661.0
102.0 577.0
103.0 342.0
104.0 23.0
105.0 89.0
106.0 97.0
107.0 102.0
108.0 1110.0
109.0 724.0
110.0 623.0
111.0 352.0
112.0 722.0
113.0 808.0
114.0 212.0
115.0 305.0
116.0 1020.0
117.0 824.0
118.0 1140.0
119.0 806.0
120.0 1170.0
121.0 525.0
122.0 830.0
123.0 539.0
124.0 921.0
125.0 1260.0
126.0 1350.0
127.0 1250.0
128.0 979.0
129.0 770.0
130.0 870.0
131.0 967.0
132.0 459.0
133.0 633.0
134.0 734.0
135.0 762.0
136.0 779.0
137.0 262.0
138.0 98.0
139.0 423.0
140.0 713.0
141.0 730.0
142.0 548.0
143.0 693.0
144.0 496.0
145.0 324.0
146.0 4.0
147.0 21.0
148.0 18.0
149.0 12.0
150.0 117.0
151.0 94.0
152.0 96.0
153.0 117.0
154.0 109.0
155.0 83.0
156.0 378.0
157.0 65.0
158.0 97.0
159.0 41.0
160.0 48.0
161.0 41.0
162.0 66.0
163.0 199.0
164.0 283.0
165.0 205.0
166.0 144.0
167.0 21.0
168.0 107.0
169.0 215.0
170.0 21.0
171.0 34.0
172.0 5.0
173.0 5.0
174.0 10.0
175.0 19.0
176.0 19.0
177.0 0.0
178.0 12.0
179.0 22.0
180.0 5.0
181.0 14.0
182.0 5.0
183.0 10.0
184.0 5.0
185.0 10.0
186.0 17.0
187.0 11.0
188.0 0.0
189.0 8.0
190.0 94.0
191.0 113.0
192.0 103.0
193.0 9.0
194.0 64.0
195.0 95.0
196.0 135.0
197.0 167.0
198.0 25.0
199.0 93.0
200.0 112.0
201.0 29.0
202.0 15.0
203.0 5.0
204.0 4.0
205.0 0.0
206.0 1.0
207.0 5.0
208.0 3.0
209.0 0.0
210.0 0.0
211.0 14.0
212.0 50.0
213.0 41.0
214.0 13.0
215.0 0.0
216.0 21.0
217.0 76.0
218.0 124.0
219.0 143.0
220.0 215.0
221.0 321.0
222.0 402.0
223.0 450.0
224.0 440.0
225.0 477.0
226.0 454.0
227.0 502.0
228.0 557.0
229.0 542.0
230.0 576.0
231.0 605.0
232.0 645.0
233.0 681.0
234.0 693.0
235.0 665.0
236.0 637.0
237.0 189.0
238.0 406.0
239.0 13.0
240.0 14.0
241.0 80.0
242.0 122.0
243.0 554.0
244.0 695.0
245.0 726.0
246.0 746.0
247.0 785.0
248.0 794.0
249.0 819.0
250.0 776.0
251.0 840.0
252.0 644.0
253.0 735.0
254.0 790.0
255.0 930.0
256.0 914.0
257.0 949.0
258.0 859.0
259.0 1010.0
260.0 40.0
261.0 0.0
262.0 4.0
263.0 18.0
264.0 120.0
265.0 117.0
266.0 525.0
267.0 559.0
268.0 539.0
269.0 604.0
270.0 540.0
271.0 759.0
272.0 954.0
273.0 950.0
274.0 912.0
275.0 908.0
276.0 995.0
277.0 865.0
278.0 1040.0
279.0 824.0
280.0 800.0
281.0 1020.0
282.0 869.0
283.0 922.0
284.0 1100.0
285.0 996.0
286.0 1080.0
287.0 1160.0
288.0 594.0
289.0 1100.0
290.0 1130.0
291.0 1110.0
292.0 1020.0
293.0 1100.0
294.0 964.0
295.0 1110.0
296.0 1170.0
297.0 1400.0
298.0 1440.0
299.0 1230.0
300.0 1460.0
301.0 1140.0
302.0 1190.0
303.0 543.0
304.0 1080.0
305.0 1340.0
306.0 1220.0
307.0 1100.0
308.0 1160.0
309.0 998.0
310.0 843.0
311.0 991.0
312.0 772.0
313.0 622.0
314.0 1.0
315.0 0.0
316.0 1.0
317.0 123.0
318.0 756.0
319.0 922.0
320.0 1090.0
321.0 1090.0
322.0 1000.0
323.0 89.0
324.0 26.0
325.0 210.0
326.0 849.0
327.0 1230.0
328.0 1230.0
329.0 1030.0
330.0 1000.0
331.0 1030.0
332.0 1110.0
333.0 1290.0
334.0 200.0
335.0 0.0
336.0 112.0
337.0 773.0
338.0 861.0
339.0 877.0
340.0 920.0
341.0 929.0
342.0 1010.0
343.0 851.0
344.0 143.0
345.0 584.0
346.0 1080.0
347.0 934.0
348.0 1010.0
349.0 238.0
350.0 0.0
351.0 91.0
352.0 119.0
353.0 83.0
354.0 0.0
355.0 0.0
356.0 0.0
357.0 0.0
358.0 5.0
359.0 102.0
360.0 122.0
361.0 313.0
362.0 319.0
363.0 336.0
364.0 477.0
365.0 473.0
366.0 421.0
367.0 466.0
368.0 591.0
369.0 582.0
370.0 536.0
371.0 735.0
372.0 749.0
373.0 753.0
374.0 955.0
375.0 861.0
376.0 928.0
377.0 1020.0
378.0 1000.0
379.0 996.0
380.0 1010.0
381.0 1230.0
382.0 1440.0
383.0 1020.0
384.0 1430.0
385.0 1440.0
386.0 1240.0
387.0 1540.0
388.0 1500.0
389.0 1570.0
390.0 1790.0
391.0 1780.0
392.0 1790.0
393.0 1850.0
394.0 1270.0
395.0 1680.0
396.0 1630.0
397.0 1700.0
398.0 1450.0
399.0 993.0
400.0 1350.0
401.0 1780.0
402.0 994.0
403.0 1080.0
404.0 1670.0
405.0 1660.0
406.0 1110.0
407.0 1000.0
408.0 946.0
409.0 1210.0
410.0 1060.0
411.0 1110.0
412.0 976.0
413.0 1170.0
414.0 1320.0
415.0 1040.0
416.0 1430.0
417.0 1170.0
418.0 1440.0
419.0 1010.0
420.0 1150.0
421.0 845.0
422.0 1180.0
423.0 936.0
424.0 891.0
425.0 845.0
426.0 1150.0
427.0 967.0
428.0 1090.0
429.0 1110.0
430.0 1040.0
431.0 1140.0
432.0 853.0
433.0 494.0
434.0 703.0
435.0 1030.0
436.0 1080.0
437.0 754.0
438.0 843.0
439.0 314.0
440.0 13.0
441.0 26.0
442.0 125.0
443.0 160.0
444.0 585.0
445.0 367.0
446.0 600.0
447.0 390.0
448.0 759.0
449.0 292.0
450.0 418.0
451.0 463.0
452.0 720.0
453.0 743.0
454.0 568.0
455.0 713.0
456.0 624.0
457.0 800.0
458.0 931.0
459.0 849.0
460.0 901.0
461.0 793.0
462.0 921.0
463.0 944.0
464.0 840.0
465.0 782.0
466.0 642.0
467.0 723.0
468.0 824.0
469.0 810.0
470.0 980.0
471.0 902.0
472.0 890.0
473.0 912.0
474.0 918.0
475.0 787.0
476.0 768.0
477.0 925.0
478.0 727.0
479.0 812.0
480.0 772.0
481.0 842.0
482.0 1250.0
483.0 1270.0
484.0 1080.0
485.0 818.0
486.0 736.0
487.0 881.0
488.0 902.0
489.0 673.0
490.0 1120.0
491.0 1350.0
492.0 1290.0
493.0 1270.0
494.0 1290.0
495.0 1160.0
496.0 936.0
497.0 900.0
498.0 723.0
499.0 727.0
500.0 830.0
501.0 965.0
502.0 889.0
503.0 763.0
504.0 740.0
505.0 741.0
506.0 756.0
507.0 776.0
508.0 746.0
509.0 826.0
510.0 738.0
511.0 794.0
512.0 788.0
513.0 723.0
514.0 817.0
515.0 821.0
516.0 896.0
517.0 864.0
518.0 819.0
519.0 882.0
520.0 693.0
521.0 781.0
522.0 1000.0
523.0 969.0
524.0 849.0
525.0 675.0
526.0 316.0
527.0 717.0
528.0 843.0
529.0 709.0
530.0 362.0
531.0 255.0
532.0 615.0
533.0 808.0
534.0 656.0
535.0 0.0
536.0 0.0
537.0 116.0
538.0 115.0
539.0 122.0
540.0 120.0
541.0 114.0
542.0 119.0
543.0 121.0
544.0 122.0
545.0 123.0
546.0 122.0
547.0 104.0
548.0 123.0
549.0 103.0
550.0 82.0
551.0 124.0
552.0 105.0
553.0 121.0
554.0 117.0
555.0 111.0
556.0 109.0
557.0 118.0
558.0 107.0
559.0 109.0
560.0 94.0
561.0 80.0
562.0 97.0
563.0 90.0
564.0 125.0
565.0 121.0
566.0 97.0
567.0 87.0
568.0 103.0
569.0 125.0
570.0 120.0
571.0 103.0
572.0 121.0
573.0 112.0
574.0 121.0
575.0 114.0
576.0 106.0
577.0 112.0
578.0 105.0
579.0 109.0
580.0 109.0
581.0 92.0
582.0 90.0
583.0 92.0
584.0 118.0
585.0 124.0
586.0 116.0
587.0 121.0
588.0 100.0
589.0 112.0
590.0 115.0
591.0 110.0
592.0 79.0
593.0 116.0
594.0 102.0
595.0 98.0
596.0 117.0
597.0 122.0
598.0 103.0
599.0 101.0
600.0 125.0
601.0 125.0
602.0 113.0
603.0 115.0
604.0 116.0
605.0 122.0
606.0 114.0
607.0 122.0
608.0 124.0
609.0 95.0
610.0 120.0
611.0 117.0
612.0 102.0
613.0 105.0
614.0 102.0
615.0 112.0
616.0 114.0
617.0 112.0
618.0 83.0
619.0 119.0
620.0 100.0
621.0 124.0
622.0 120.0
623.0 92.0
624.0 109.0
625.0 112.0
626.0 105.0
627.0 115.0
628.0 110.0
629.0 111.0
630.0 82.0
631.0 96.0
632.0 86.0
633.0 123.0
634.0 101.0
635.0 114.0
636.0 107.0
637.0 116.0
638.0 88.0
639.0 123.0
640.0 101.0
641.0 109.0
642.0 90.0
643.0 121.0
644.0 90.0
645.0 91.0
646.0 121.0
647.0 159.0
648.0 194.0
649.0 352.0
650.0 343.0
651.0 339.0
652.0 359.0
653.0 359.0
654.0 382.0
655.0 412.0
656.0 414.0
657.0 426.0
658.0 519.0
659.0 515.0
660.0 522.0
661.0 541.0
662.0 594.0
663.0 590.0
664.0 585.0
665.0 578.0
666.0 627.0
667.0 567.0
668.0 678.0
669.0 681.0
670.0 631.0
671.0 653.0
672.0 586.0
673.0 567.0
674.0 801.0
675.0 825.0
676.0 710.0
677.0 790.0
678.0 618.0
679.0 689.0
680.0 676.0
681.0 889.0
682.0 807.0
683.0 689.0
684.0 31.0
685.0 9.0
686.0 15.0
687.0 2.0
688.0 0.0
689.0 15.0
690.0 32.0
691.0 9.0
692.0 7.0
693.0 31.0
694.0 95.0
695.0 441.0
696.0 165.0
697.0 1.0
698.0 0.0
699.0 4.0
700.0 101.0
701.0 125.0
702.0 196.0
703.0 486.0
704.0 435.0
705.0 602.0
706.0 164.0
707.0 0.0
708.0 0.0
709.0 0.0
710.0 0.0
711.0 0.0
712.0 21.0
713.0 103.0
714.0 95.0
715.0 97.0
716.0 94.0
717.0 85.0
718.0 100.0
719.0 81.0
720.0 105.0
721.0 118.0
722.0 101.0
723.0 152.0
724.0 325.0
725.0 455.0
726.0 462.0
727.0 446.0
728.0 7.0
729.0 0.0
730.0 0.0
731.0 0.0
732.0 1.0
733.0 89.0
734.0 90.0
735.0 125.0
736.0 120.0
737.0 123.0
738.0 109.0
739.0 113.0
740.0 89.0
741.0 119.0
742.0 114.0
743.0 113.0
744.0 122.0
745.0 123.0
746.0 124.0
747.0 125.0
748.0 83.0
749.0 123.0
750.0 89.0
751.0 119.0
752.0 115.0
753.0 93.0
754.0 119.0
755.0 116.0
756.0 122.0
757.0 110.0
758.0 90.0
759.0 95.0
760.0 111.0
761.0 100.0
762.0 125.0
763.0 118.0
764.0 107.0
765.0 114.0
766.0 99.0
767.0 114.0
768.0 113.0
769.0 115.0
770.0 110.0
771.0 120.0
772.0 100.0
773.0 117.0
774.0 108.0
775.0 106.0
776.0 91.0
777.0 125.0
778.0 111.0
779.0 120.0
780.0 119.0
781.0 88.0
782.0 102.0
783.0 120.0
784.0 102.0
785.0 89.0
786.0 125.0
787.0 121.0
788.0 118.0
789.0 122.0
790.0 112.0
791.0 103.0
792.0 122.0
793.0 123.0
794.0 116.0
795.0 98.0
796.0 123.0
797.0 106.0
798.0 109.0
799.0 106.0
