0.0 491.0
1.0 382.0
2.0 464.0
3.0 560.0
4.0 575.0
5.0 419.0
6.0 465.0
7.0 494.0
8.0 483.0
9.0 484.0
10.0 457.0
11.0 483.0
12.0 522.0
13.0 520.0
14.0 551.0
15.0 761.0
16.0 668.0
17.0 719.0
18.0 800.0
19.0 907.0
20.0 794.0
21.0 930.0
22.0 873.0
23.0 679.0
24.0 617.0
25.0 532.0
26.0 743.0
27.0 715.0
28.0 769.0
29.0 877.0
30.0 993.0
31.0 1010.0
32.0 887.0
33.0 851.0
34.0 707.0
35.0 482.0
36.0 589.0
37.0 570.0
38.0 685.0
39.0 692.0
40.0 43.0
41.0 124.0
42.0 621.0
43.0 468.0
44.0 75.0
45.0 101.0
46.0 115.0
47.0 117.0
48.0 212.0
49.0 569.0
50.0 227.0
51.0 364.0
52.0 212.0
53.0 75.0
54.0 123.0
55.0 232.0
56.0 364.0
57.0 451.0
58.0 410.0
59.0 557.0
60.0 448.0
61.0 295.0
62.0 7.0
63.0 92.0
64.0 124.0
65.0 105.0
66.0 76.0
67.0 118.0
68.0 113.0
69.0 118.0
70.0 117.0
71.0 93.0
72.0 88.0
73.0 118.0
74.0 100.0
75.0 124.0
76.0 121.0
77.0 82.0
78.0 77.0
79.0 52.0
80.0 26.0
81.0 82.0
82.0 101.0
83.0 92.0
84.0 76.0
85.0 9.0
86.0 7.0
87.0 12.0
88.0 19.0
89.0 5.0
90.0 7.0
91.0 111.0
92.0 121.0
93.0 87.0
94.0 29.0
95.0 16.0
96.0 6.0
97.0 22.0
98.0 23.0
99.0 19.0
100.0 20.0
101.0 95.0
102.0 115.0
103.0 93.0
104.0 115.0
105.0 142.0
106.0 188.0
107.0 242.0
108.0 268.0
109.0 419.0
110.0 523.0
111.0 549.0
112.0 545.0
113.0 666.0
114.0 746.0
115.0 885.0
116.0 818.0
117.0 781.0
118.0 844.0
119.0 885.0
120.0 1140.0
121.0 1320.0
122.0 1320.0
123.0 1240.0
124.0 788.0
125.0 1070.0
126.0 938.0
127.0 794.0
128.0 912.0
129.0 977.0
130.0 860.0
131.0 827.0
132.0 752.0
133.0 718.0
134.0 608.0
135.0 177.0
136.0 145.0
137.0 6.0
138.0 0.0
139.0 36.0
140.0 57.0
141.0 35.0
142.0 21.0
143.0 27.0
144.0 20.0
145.0 27.0
146.0 18.0
147.0 19.0
148.0 32.0
149.0 38.0
150.0 33.0
151.0 98.0
152.0 105.0
153.0 91.0
154.0 318.0
155.0 415.0
156.0 574.0
157.0 558.0
158.0 265.0
159.0 859.0
160.0 687.0
161.0 569.0
162.0 825.0
163.0 1180.0
164.0 1180.0
165.0 978.0
166.0 853.0
167.0 656.0
168.0 835.0
169.0 816.0
170.0 871.0
171.0 482.0
172.0 500.0
173.0 987.0
174.0 707.0
175.0 942.0
176.0 901.0
177.0 810.0
178.0 668.0
179.0 55.0
180.0 14.0
181.0 123.0
182.0 106.0
183.0 112.0
184.0 119.0
185.0 125.0
186.0 109.0
187.0 122.0
188.0 106.0
189.0 122.0
190.0 97.0
191.0 101.0
192.0 83.0
193.0 90.0
194.0 93.0
195.0 92.0
196.0 108.0
197.0 94.0
198.0 114.0
199.0 100.0
200.0 121.0
201.0 116.0
202.0 106.0
203.0 73.0
204.0 270.0
205.0 320.0
206.0 253.0
207.0 527.0
208.0 362.0
209.0 386.0
210.0 416.0
211.0 161.0
212.0 606.0
213.0 702.0
214.0 750.0
215.0 744.0
216.0 827.0
217.0 986.0
218.0 852.0
219.0 956.0
220.0 1020.0
221.0 1030.0
222.0 1130.0
223.0 1030.0
224.0 978.0
225.0 1150.0
226.0 1070.0
227.0 937.0
228.0 1110.0
229.0 935.0
230.0 800.0
231.0 1120.0
232.0 434.0
233.0 153.0
234.0 106.0
235.0 922.0
236.0 1080.0
237.0 1350.0
238.0 1140.0
239.0 941.0
240.0 1320.0
241.0 1040.0
242.0 1070.0
243.0 1170.0
244.0 1080.0
245.0 1040.0
246.0 901.0
247.0 903.0
248.0 474.0
249.0 141.0
250.0 245.0
251.0 806.0
252.0 344.0
253.0 158.0
254.0 214.0
255.0 492.0
256.0 132.0
257.0 188.0
258.0 154.0
259.0 182.0
260.0 186.0
261.0 203.0
262.0 187.0
263.0 319.0
264.0 184.0
265.0 118.0
266.0 153.0
267.0 127.0
268.0 60.0
269.0 155.0
270.0 67.0
271.0 73.0
272.0 80.0
273.0 132.0
274.0 72.0
275.0 26.0
276.0 113.0
277.0 118.0
278.0 594.0
279.0 633.0
280.0 641.0
281.0 562.0
282.0 647.0
283.0 719.0
284.0 747.0
285.0 752.0
286.0 687.0
287.0 711.0
288.0 673.0
289.0 726.0
290.0 756.0
291.0 878.0
292.0 747.0
293.0 717.0
294.0 688.0
295.0 800.0
296.0 673.0
297.0 678.0
298.0 586.0
299.0 97.0
300.0 112.0
301.0 80.0
302.0 122.0
303.0 668.0
304.0 642.0
305.0 590.0
306.0 806.0
307.0 700.0
308.0 595.0
309.0 320.0
310.0 0.0
311.0 86.0
312.0 89.0
313.0 119.0
314.0 92.0
315.0 366.0
316.0 372.0
317.0 456.0
318.0 542.0
319.0 507.0
320.0 524.0
321.0 501.0
322.0 540.0
323.0 617.0
324.0 685.0
325.0 782.0
326.0 860.0
327.0 813.0
328.0 886.0
329.0 1010.0
330.0 1050.0
331.0 1070.0
332.0 1090.0
333.0 1130.0
334.0 1150.0
335.0 859.0
336.0 985.0
337.0 833.0
338.0 1090.0
339.0 1190.0
340.0 1220.0
341.0 1100.0
342.0 820.0
343.0 837.0
344.0 1040.0
345.0 1070.0
346.0 1130.0
347.0 993.0
348.0 1040.0
349.0 979.0
350.0 962.0
351.0 1090.0
352.0 1090.0
353.0 1040.0
354.0 917.0
355.0 1070.0
356.0 1110.0
357.0 1020.0
358.0 1100.0
359.0 1060.0
360.0 941.0
361.0 1090.0
362.0 951.0
363.0 878.0
364.0 1020.0
365.0 1060.0
366.0 1240.0
367.0 890.0
368.0 1030.0
369.0 1070.0
370.0 802.0
371.0 909.0
372.0 916.0
373.0 933.0
374.0 964.0
375.0 1050.0
376.0 408.0
377.0 7.0
378.0 109.0
379.0 853.0
380.0 759.0
381.0 975.0
382.0 1060.0
383.0 905.0
384.0 1050.0
385.0 732.0
386.0 801.0
387.0 30.0
388.0 48.0
389.0 120.0
390.0 88.0
391.0 298.0
392.0 621.0
393.0 377.0
394.0 229.0
395.0 644.0
396.0 399.0
397.0 329.0
398.0 472.0
399.0 482.0
400.0 720.0
401.0 646.0
402.0 759.0
403.0 284.0
404.0 28.0
405.0 14.0
406.0 83.0
407.0 111.0
408.0 481.0
409.0 729.0
410.0 774.0
411.0 838.0
412.0 882.0
413.0 972.0
414.0 981.0
415.0 1030.0
416.0 972.0
417.0 1120.0
418.0 998.0
419.0 1050.0
420.0 932.0
421.0 1060.0
422.0 1080.0
423.0 1050.0
424.0 1020.0
425.0 1010.0
426.0 936.0
427.0 888.0
428.0 884.0
429.0 1010.0
430.0 1050.0
431.0 903.0
432.0 1070.0
433.0 1030.0
434.0 869.0
435.0 827.0
436.0 773.0
437.0 882.0
438.0 910.0
439.0 906.0
440.0 814.0
441.0 917.0
442.0 1070.0
443.0 840.0
444.0 860.0
445.0 919.0
446.0 863.0
447.0 914.0
448.0 818.0
449.0 812.0
450.0 843.0
451.0 867.0
452.0 909.0
453.0 1010.0
454.0 840.0
455.0 907.0
456.0 889.0
457.0 731.0
458.0 791.0
459.0 952.0
460.0 794.0
461.0 852.0
462.0 754.0
463.0 721.0
464.0 806.0
465.0 646.0
466.0 805.0
467.0 691.0
468.0 811.0
469.0 664.0
470.0 676.0
471.0 16.0
472.0 5.0
473.0 0.0
474.0 4.0
475.0 4.0
476.0 12.0
477.0 0.0
478.0 1.0
479.0 12.0
480.0 8.0
481.0 0.0
482.0 14.0
483.0 25.0
484.0 8.0
485.0 5.0
486.0 7.0
487.0 17.0
488.0 103.0
489.0 111.0
490.0 73.0
491.0 103.0
492.0 132.0
493.0 142.0
494.0 176.0
495.0 231.0
496.0 336.0
497.0 325.0
498.0 586.0
499.0 602.0
500.0 520.0
501.0 508.0
502.0 565.0
503.0 484.0
504.0 428.0
505.0 471.0
506.0 480.0
507.0 605.0
508.0 651.0
509.0 772.0
510.0 812.0
511.0 903.0
512.0 929.0
513.0 730.0
514.0 917.0
515.0 861.0
516.0 830.0
517.0 1010.0
518.0 958.0
519.0 1040.0
520.0 994.0
521.0 1070.0
522.0 902.0
523.0 898.0
524.0 1090.0
525.0 1010.0
526.0 941.0
527.0 1060.0
528.0 923.0
529.0 831.0
530.0 902.0
531.0 764.0
532.0 747.0
533.0 922.0
534.0 847.0
535.0 654.0
536.0 835.0
537.0 834.0
538.0 712.0
539.0 624.0
540.0 735.0
541.0 948.0
542.0 829.0
543.0 850.0
544.0 821.0
545.0 801.0
546.0 821.0
547.0 725.0
548.0 845.0
549.0 779.0
550.0 825.0
551.0 766.0
552.0 752.0
553.0 801.0
554.0 833.0
555.0 899.0
556.0 899.0
557.0 998.0
558.0 842.0
559.0 776.0
560.0 943.0
561.0 918.0
562.0 328.0
563.0 28.0
564.0 3.0
565.0 0.0
566.0 68.0
567.0 30.0
568.0 7.0
569.0 96.0
570.0 500.0
571.0 570.0
572.0 609.0
573.0 642.0
574.0 583.0
575.0 605.0
576.0 441.0
577.0 334.0
578.0 398.0
579.0 129.0
580.0 11.0
581.0 10.0
582.0 3.0
583.0 5.0
584.0 106.0
585.0 33.0
586.0 28.0
587.0 42.0
588.0 26.0
589.0 32.0
590.0 83.0
591.0 123.0
592.0 185.0
593.0 233.0
594.0 211.0
595.0 199.0
596.0 200.0
597.0 226.0
598.0 220.0
599.0 260.0
600.0 270.0
601.0 323.0
602.0 353.0
603.0 352.0
604.0 19.0
605.0 23.0
606.0 13.0
607.0 121.0
608.0 362.0
609.0 398.0
610.0 384.0
611.0 454.0
612.0 474.0
613.0 486.0
614.0 471.0
615.0 473.0
616.0 510.0
617.0 576.0
618.0 477.0
619.0 551.0
620.0 656.0
621.0 749.0
622.0 725.0
623.0 698.0
624.0 861.0
625.0 790.0
626.0 957.0
627.0 937.0
628.0 796.0
629.0 980.0
630.0 998.0
631.0 1050.0
632.0 1040.0
633.0 1220.0
634.0 911.0
635.0 1020.0
636.0 927.0
637.0 978.0
638.0 950.0
639.0 1030.0
640.0 1180.0
641.0 1010.0
642.0 1110.0
643.0 1120.0
644.0 1190.0
645.0 1180.0
646.0 982.0
647.0 914.0
648.0 946.0
649.0 1020.0
650.0 797.0
651.0 825.0
652.0 931.0
653.0 935.0
654.0 1040.0
655.0 857.0
656.0 1050.0
657.0 906.0
658.0 840.0
659.0 804.0
660.0 732.0
661.0 1070.0
662.0 868.0
663.0 891.0
664.0 1000.0
665.0 906.0
666.0 855.0
667.0 528.0
668.0 560.0
669.0 751.0
670.0 928.0
671.0 742.0
672.0 788.0
673.0 606.0
674.0 781.0
675.0 672.0
676.0 679.0
677.0 698.0
678.0 255.0
679.0 20.0
680.0 171.0
681.0 297.0
682.0 580.0
683.0 648.0
684.0 454.0
685.0 557.0
686.0 552.0
687.0 433.0
688.0 532.0
689.0 74.0
690.0 1.0
691.0 0.0
692.0 27.0
693.0 4.0
694.0 4.0
695.0 21.0
696.0 55.0
697.0 11.0
698.0 3.0
699.0 0.0
700.0 111.0
701.0 110.0
702.0 215.0
703.0 192.0
704.0 271.0
705.0 333.0
706.0 346.0
707.0 393.0
708.0 325.0
709.0 396.0
710.0 329.0
711.0 394.0
712.0 301.0
713.0 418.0
714.0 439.0
715.0 412.0
716.0 455.0
717.0 478.0
718.0 503.0
719.0 513.0
720.0 476.0
721.0 560.0
722.0 501.0
723.0 544.0
724.0 532.0
725.0 591.0
726.0 534.0
727.0 646.0
728.0 736.0
729.0 607.0
730.0 659.0
731.0 848.0
732.0 749.0
733.0 672.0
734.0 587.0
735.0 248.0
736.0 629.0
737.0 498.0
738.0 585.0
739.0 443.0
740.0 362.0
741.0 417.0
742.0 434.0
743.0 188.0
744.0 398.0
745.0 366.0
746.0 374.0
747.0 444.0
748.0 379.0
749.0 451.0
750.0 507.0
751.0 523.0
752.0 475.0
753.0 304.0
754.0 3.0
755.0 0.0
756.0 6.0
757.0 43.0
758.0 199.0
759.0 2.0
760.0 86.0
761.0 116.0
762.0 116.0
763.0 143.0
764.0 245.0
765.0 277.0
766.0 272.0
767.0 296.0
768.0 406.0
769.0 400.0
770.0 438.0
771.0 466.0
772.0 259.0
773.0 384.0
774.0 355.0
775.0 446.0
776.0 455.0
777.0 428.0
778.0 490.0
779.0 396.0
780.0 278.0
781.0 89.0
782.0 0.0
783.0 119.0
784.0 105.0
785.0 89.0
786.0 112.0
787.0 119.0
788.0 110.0
789.0 91.0
790.0 124.0
791.0 85.0
792.0 104.0
793.0 93.0
794.0 112.0
795.0 123.0
