0.0 423.0
1.0 781.0
2.0 844.0
3.0 823.0
4.0 1080.0
5.0 1020.0
6.0 1020.0
7.0 1000.0
8.0 782.0
9.0 1110.0
10.0 892.0
11.0 1150.0
12.0 1070.0
13.0 122.0
14.0 76.0
15.0 221.0
16.0 538.0
17.0 570.0
18.0 558.0
19.0 523.0
20.0 560.0
21.0 593.0
22.0 752.0
23.0 715.0
24.0 613.0
25.0 1130.0
26.0 1120.0
27.0 767.0
28.0 910.0
29.0 947.0
30.0 1110.0
31.0 914.0
32.0 930.0
33.0 798.0
34.0 999.0
35.0 884.0
36.0 872.0
37.0 782.0
38.0 790.0
39.0 656.0
40.0 667.0
41.0 616.0
42.0 1010.0
43.0 1180.0
44.0 822.0
45.0 708.0
46.0 705.0
47.0 605.0
48.0 994.0
49.0 246.0
50.0 106.0
51.0 76.0
52.0 487.0
53.0 477.0
54.0 551.0
55.0 588.0
56.0 790.0
57.0 670.0
58.0 856.0
59.0 840.0
60.0 120.0
61.0 99.0
62.0 104.0
63.0 106.0
64.0 430.0
65.0 757.0
66.0 288.0
67.0 123.0
68.0 295.0
69.0 758.0
70.0 629.0
71.0 2.0
72.0 5.0
73.0 0.0
74.0 0.0
75.0 0.0
76.0 0.0
77.0 112.0
78.0 120.0
79.0 480.0
80.0 733.0
81.0 880.0
82.0 824.0
83.0 847.0
84.0 821.0
85.0 1000.0
86.0 861.0
87.0 882.0
88.0 885.0
89.0 1090.0
90.0 805.0
91.0 600.0
92.0 684.0
93.0 871.0
94.0 1160.0
95.0 1120.0
96.0 946.0
97.0 1200.0
98.0 861.0
99.0 1420.0
100.0 1600.0
101.0 1420.0
102.0 847.0
103.0 90.0
104.0 93.0
105.0 0.0
106.0 977.0
107.0 1340.0
108.0 1620.0
109.0 1590.0
110.0 1270.0
111.0 1400.0
112.0 1320.0
113.0 1430.0
114.0 1320.0
115.0 1260.0
116.0 1660.0
117.0 1590.0
118.0 1490.0
119.0 1680.0
120.0 1650.0
121.0 1600.0
122.0 1410.0
123.0 357.0
124.0 0.0
125.0 0.0
126.0 0.0
127.0 125.0
128.0 119.0
129.0 93.0
130.0 98.0
131.0 235.0
132.0 131.0
133.0 18.0
134.0 18.0
135.0 33.0
136.0 91.0
137.0 105.0
138.0 136.0
139.0 63.0
140.0 210.0
141.0 244.0
142.0 292.0
143.0 421.0
144.0 419.0
145.0 392.0
146.0 413.0
147.0 404.0
148.0 407.0
149.0 438.0
150.0 320.0
151.0 407.0
152.0 496.0
153.0 518.0
154.0 526.0
155.0 604.0
156.0 586.0
157.0 543.0
158.0 498.0
159.0 420.0
160.0 566.0
161.0 575.0
162.0 597.0
163.0 630.0
164.0 538.0
165.0 570.0
166.0 629.0
167.0 732.0
168.0 794.0
169.0 872.0
170.0 792.0
171.0 642.0
172.0 831.0
173.0 672.0
174.0 732.0
175.0 134.0
176.0 145.0
177.0 25.0
178.0 119.0
179.0 101.0
180.0 108.0
181.0 115.0
182.0 111.0
183.0 112.0
184.0 77.0
185.0 120.0
186.0 91.0
187.0 112.0
188.0 99.0
189.0 100.0
190.0 121.0
191.0 109.0
192.0 116.0
193.0 123.0
194.0 121.0
195.0 97.0
196.0 103.0
197.0 125.0
198.0 107.0
199.0 112.0
200.0 105.0
201.0 117.0
202.0 115.0
203.0 107.0
204.0 93.0
205.0 101.0
206.0 114.0
207.0 118.0
208.0 115.0
209.0 115.0
210.0 107.0
211.0 107.0
212.0 94.0
213.0 112.0
214.0 114.0
215.0 110.0
216.0 125.0
217.0 101.0
218.0 125.0
219.0 114.0
220.0 124.0
221.0 119.0
222.0 115.0
223.0 118.0
224.0 124.0
225.0 112.0
226.0 118.0
227.0 98.0
228.0 112.0
229.0 102.0
230.0 120.0
231.0 118.0
232.0 123.0
233.0 97.0
234.0 115.0
235.0 117.0
236.0 117.0
237.0 115.0
238.0 123.0
239.0 112.0
240.0 102.0
241.0 88.0
242.0 105.0
243.0 108.0
244.0 103.0
245.0 109.0
246.0 110.0
247.0 124.0
248.0 119.0
249.0 123.0
250.0 117.0
251.0 112.0
252.0 115.0
253.0 112.0
254.0 106.0
255.0 113.0
256.0 101.0
257.0 115.0
258.0 123.0
259.0 112.0
260.0 103.0
261.0 113.0
262.0 113.0
263.0 112.0
264.0 89.0
265.0 124.0
266.0 117.0
267.0 120.0
268.0 85.0
269.0 101.0
270.0 124.0
271.0 122.0
272.0 121.0
273.0 115.0
274.0 101.0
275.0 106.0
276.0 85.0
277.0 101.0
278.0 125.0
279.0 123.0
280.0 106.0
281.0 85.0
282.0 125.0
283.0 86.0
284.0 120.0
285.0 124.0
286.0 121.0
287.0 117.0
288.0 124.0
289.0 96.0
290.0 111.0
291.0 98.0
292.0 111.0
293.0 90.0
294.0 122.0
295.0 107.0
296.0 125.0
297.0 89.0
298.0 115.0
299.0 83.0
300.0 117.0
301.0 95.0
302.0 99.0
303.0 107.0
304.0 119.0
305.0 103.0
306.0 114.0
307.0 122.0
308.0 116.0
309.0 119.0
310.0 116.0
311.0 81.0
312.0 91.0
313.0 121.0
314.0 140.0
315.0 165.0
316.0 197.0
317.0 243.0
318.0 254.0
319.0 266.0
320.0 96.0
321.0 117.0
322.0 103.0
323.0 118.0
324.0 122.0
325.0 110.0
326.0 87.0
327.0 120.0
328.0 113.0
329.0 125.0
330.0 104.0
331.0 112.0
332.0 125.0
333.0 98.0
334.0 105.0
335.0 121.0
336.0 115.0
337.0 114.0
338.0 91.0
339.0 133.0
340.0 147.0
341.0 185.0
342.0 239.0
343.0 295.0
344.0 360.0
345.0 432.0
346.0 450.0
347.0 528.0
348.0 637.0
349.0 676.0
350.0 718.0
351.0 694.0
352.0 898.0
353.0 946.0
354.0 979.0
355.0 965.0
356.0 1130.0
357.0 1210.0
358.0 1230.0
359.0 1090.0
360.0 1340.0
361.0 1360.0
362.0 1310.0
363.0 1250.0
364.0 1160.0
365.0 1350.0
366.0 1120.0
367.0 1030.0
368.0 710.0
369.0 994.0
370.0 980.0
371.0 981.0
372.0 1150.0
373.0 738.0
374.0 503.0
375.0 150.0
376.0 13.0
377.0 9.0
378.0 2.0
379.0 3.0
380.0 105.0
381.0 121.0
382.0 56.0
383.0 141.0
384.0 157.0
385.0 34.0
386.0 90.0
387.0 73.0
388.0 31.0
389.0 20.0
390.0 3.0
391.0 33.0
392.0 5.0
393.0 12.0
394.0 36.0
395.0 4.0
396.0 29.0
397.0 2.0
398.0 6.0
399.0 15.0
400.0 66.0
401.0 48.0
402.0 50.0
403.0 78.0
404.0 34.0
405.0 3.0
406.0 0.0
407.0 96.0
408.0 101.0
409.0 137.0
410.0 142.0
411.0 145.0
412.0 170.0
413.0 191.0
414.0 200.0
415.0 219.0
416.0 223.0
417.0 269.0
418.0 208.0
419.0 456.0
420.0 489.0
421.0 578.0
422.0 518.0
423.0 162.0
424.0 12.0
425.0 0.0
426.0 0.0
427.0 101.0
428.0 120.0
429.0 121.0
430.0 113.0
431.0 262.0
432.0 360.0
433.0 445.0
434.0 503.0
435.0 522.0
436.0 480.0
437.0 547.0
438.0 364.0
439.0 585.0
440.0 668.0
441.0 704.0
442.0 755.0
443.0 781.0
444.0 751.0
445.0 205.0
446.0 8.0
447.0 7.0
448.0 1.0
449.0 123.0
450.0 92.0
451.0 0.0
452.0 125.0
453.0 213.0
454.0 384.0
455.0 621.0
456.0 822.0
457.0 25.0
458.0 0.0
459.0 0.0
460.0 0.0
461.0 115.0
462.0 116.0
463.0 105.0
464.0 91.0
465.0 96.0
466.0 119.0
467.0 100.0
468.0 88.0
469.0 36.0
470.0 147.0
471.0 292.0
472.0 88.0
473.0 5.0
474.0 1.0
475.0 57.0
476.0 1.0
477.0 18.0
478.0 2.0
479.0 3.0
480.0 4.0
481.0 1.0
482.0 12.0
483.0 4.0
484.0 11.0
485.0 10.0
486.0 117.0
487.0 105.0
488.0 113.0
489.0 83.0
490.0 181.0
491.0 254.0
492.0 379.0
493.0 283.0
494.0 322.0
495.0 481.0
496.0 450.0
497.0 500.0
498.0 500.0
499.0 543.0
500.0 532.0
501.0 458.0
502.0 574.0
503.0 396.0
504.0 123.0
505.0 123.0
506.0 107.0
507.0 114.0
508.0 84.0
509.0 50.0
510.0 31.0
511.0 0.0
512.0 0.0
513.0 22.0
514.0 84.0
515.0 95.0
516.0 353.0
517.0 401.0
518.0 339.0
519.0 500.0
520.0 512.0
521.0 513.0
522.0 534.0
523.0 528.0
524.0 516.0
525.0 502.0
526.0 415.0
527.0 545.0
528.0 573.0
529.0 570.0
530.0 397.0
531.0 593.0
532.0 606.0
533.0 600.0
534.0 659.0
535.0 641.0
536.0 792.0
537.0 759.0
538.0 751.0
539.0 753.0
540.0 979.0
541.0 888.0
542.0 785.0
543.0 964.0
544.0 996.0
545.0 683.0
546.0 929.0
547.0 810.0
548.0 892.0
549.0 788.0
550.0 896.0
551.0 1080.0
552.0 889.0
553.0 1070.0
554.0 899.0
555.0 811.0
556.0 742.0
557.0 313.0
558.0 60.0
559.0 34.0
560.0 32.0
561.0 2.0
562.0 32.0
563.0 75.0
564.0 85.0
565.0 108.0
566.0 217.0
567.0 761.0
568.0 921.0
569.0 880.0
570.0 980.0
571.0 994.0
572.0 921.0
573.0 892.0
574.0 1140.0
575.0 1110.0
576.0 1060.0
577.0 855.0
578.0 1120.0
579.0 1290.0
580.0 1260.0
581.0 1110.0
582.0 862.0
583.0 1150.0
584.0 286.0
585.0 2.0
586.0 111.0
587.0 145.0
588.0 691.0
589.0 727.0
590.0 792.0
591.0 1040.0
592.0 1210.0
593.0 1080.0
594.0 1060.0
595.0 887.0
596.0 1190.0
597.0 1160.0
598.0 1230.0
599.0 1130.0
600.0 1120.0
601.0 1230.0
602.0 1140.0
603.0 872.0
604.0 989.0
605.0 889.0
606.0 992.0
607.0 1010.0
608.0 808.0
609.0 800.0
610.0 627.0
611.0 488.0
612.0 244.0
613.0 47.0
614.0 2.0
615.0 20.0
616.0 23.0
617.0 28.0
618.0 120.0
619.0 166.0
620.0 18.0
621.0 67.0
622.0 180.0
623.0 154.0
624.0 38.0
625.0 94.0
626.0 20.0
627.0 88.0
628.0 145.0
629.0 161.0
630.0 257.0
631.0 300.0
632.0 277.0
633.0 285.0
634.0 264.0
635.0 334.0
636.0 366.0
637.0 366.0
638.0 422.0
639.0 465.0
640.0 414.0
641.0 445.0
642.0 492.0
643.0 475.0
644.0 328.0
645.0 0.0
646.0 0.0
647.0 105.0
648.0 125.0
649.0 319.0
650.0 390.0
651.0 401.0
652.0 311.0
653.0 404.0
654.0 436.0
655.0 470.0
656.0 262.0
657.0 500.0
658.0 463.0
659.0 297.0
660.0 0.0
661.0 0.0
662.0 0.0
663.0 0.0
664.0 0.0
665.0 95.0
666.0 88.0
667.0 315.0
668.0 432.0
669.0 493.0
670.0 266.0
671.0 366.0
672.0 403.0
673.0 450.0
674.0 487.0
675.0 500.0
676.0 522.0
677.0 477.0
678.0 506.0
679.0 506.0
680.0 499.0
681.0 521.0
682.0 546.0
683.0 549.0
684.0 577.0
685.0 598.0
686.0 635.0
687.0 686.0
688.0 655.0
689.0 782.0
690.0 684.0
691.0 806.0
692.0 812.0
693.0 779.0
694.0 836.0
695.0 733.0
696.0 809.0
697.0 911.0
698.0 839.0
699.0 834.0
700.0 921.0
701.0 891.0
702.0 971.0
703.0 1170.0
704.0 1110.0
705.0 1020.0
706.0 950.0
707.0 1200.0
708.0 1030.0
709.0 1210.0
710.0 1380.0
711.0 1140.0
712.0 1490.0
713.0 1500.0
714.0 1190.0
715.0 822.0
716.0 1590.0
717.0 1590.0
718.0 1190.0
719.0 1350.0
720.0 1450.0
721.0 1590.0
722.0 1230.0
723.0 1480.0
724.0 1150.0
725.0 964.0
726.0 1280.0
727.0 1500.0
728.0 847.0
729.0 954.0
730.0 1200.0
731.0 1200.0
732.0 1200.0
733.0 1440.0
734.0 1480.0
735.0 1300.0
736.0 1310.0
737.0 1180.0
738.0 683.0
739.0 1290.0
740.0 1320.0
741.0 1180.0
742.0 1040.0
743.0 1160.0
744.0 1130.0
745.0 1100.0
746.0 803.0
747.0 1100.0
748.0 821.0
749.0 1190.0
750.0 1200.0
751.0 1130.0
752.0 1140.0
753.0 1100.0
754.0 1270.0
755.0 1180.0
756.0 1140.0
757.0 1040.0
758.0 942.0
759.0 1100.0
760.0 287.0
761.0 8.0
762.0 26.0
763.0 0.0
764.0 124.0
765.0 93.0
766.0 208.0
767.0 301.0
768.0 383.0
769.0 434.0
770.0 537.0
771.0 585.0
772.0 674.0
773.0 705.0
774.0 753.0
775.0 726.0
776.0 691.0
777.0 845.0
778.0 856.0
779.0 719.0
780.0 560.0
781.0 641.0
782.0 600.0
783.0 256.0
784.0 1.0
785.0 0.0
786.0 0.0
787.0 3.0
788.0 0.0
789.0 117.0
790.0 105.0
791.0 96.0
792.0 121.0
793.0 91.0
794.0 91.0
795.0 79.0
796.0 118.0
797.0 119.0
798.0 88.0
