0.0 309.0
1.0 429.0
2.0 216.0
3.0 12.0
4.0 110.0
5.0 114.0
6.0 110.0
7.0 87.0
8.0 118.0
9.0 116.0
10.0 116.0
11.0 114.0
12.0 124.0
13.0 97.0
14.0 117.0
15.0 179.0
16.0 177.0
17.0 195.0
18.0 216.0
19.0 183.0
20.0 259.0
21.0 309.0
22.0 276.0
23.0 372.0
24.0 505.0
25.0 228.0
26.0 637.0
27.0 702.0
28.0 97.0
29.0 679.0
30.0 600.0
31.0 657.0
32.0 684.0
33.0 639.0
34.0 618.0
35.0 564.0
36.0 621.0
37.0 673.0
38.0 542.0
39.0 657.0
40.0 619.0
41.0 634.0
42.0 658.0
43.0 926.0
44.0 726.0
45.0 481.0
46.0 140.0
47.0 2.0
48.0 3.0
49.0 0.0
50.0 2.0
51.0 23.0
52.0 4.0
53.0 19.0
54.0 2.0
55.0 39.0
56.0 41.0
57.0 71.0
58.0 129.0
59.0 172.0
60.0 180.0
61.0 57.0
62.0 2.0
63.0 14.0
64.0 13.0
65.0 54.0
66.0 8.0
67.0 39.0
68.0 111.0
69.0 88.0
70.0 3.0
71.0 0.0
72.0 111.0
73.0 96.0
74.0 121.0
75.0 93.0
76.0 79.0
77.0 100.0
78.0 112.0
79.0 89.0
80.0 88.0
81.0 86.0
82.0 85.0
83.0 47.0
84.0 60.0
85.0 149.0
86.0 30.0
87.0 208.0
88.0 307.0
89.0 466.0
90.0 559.0
91.0 636.0
92.0 645.0
93.0 653.0
94.0 626.0
95.0 308.0
96.0 0.0
97.0 0.0
98.0 91.0
99.0 120.0
100.0 137.0
101.0 381.0
102.0 472.0
103.0 538.0
104.0 714.0
105.0 868.0
106.0 1210.0
107.0 1370.0
108.0 1150.0
109.0 1370.0
110.0 1340.0
111.0 1090.0
112.0 1190.0
113.0 1140.0
114.0 1060.0
115.0 1390.0
116.0 1310.0
117.0 1100.0
118.0 818.0
119.0 1030.0
120.0 837.0
121.0 1370.0
122.0 1060.0
123.0 1040.0
124.0 776.0
125.0 999.0
126.0 824.0
127.0 503.0
128.0 15.0
129.0 21.0
130.0 14.0
131.0 0.0
132.0 101.0
133.0 117.0
134.0 772.0
135.0 867.0
136.0 882.0
137.0 1030.0
138.0 925.0
139.0 1070.0
140.0 1110.0
141.0 625.0
142.0 805.0
143.0 1150.0
144.0 1200.0
145.0 1090.0
146.0 1440.0
147.0 1100.0
148.0 1240.0
149.0 1100.0
150.0 1290.0
151.0 1270.0
152.0 1240.0
153.0 1380.0
154.0 713.0
155.0 911.0
156.0 1180.0
157.0 1130.0
158.0 916.0
159.0 959.0
160.0 1010.0
161.0 934.0
162.0 774.0
163.0 841.0
164.0 1190.0
165.0 1570.0
166.0 1170.0
167.0 913.0
168.0 809.0
169.0 895.0
170.0 4.0
171.0 0.0
172.0 14.0
173.0 121.0
174.0 102.0
175.0 125.0
176.0 111.0
177.0 121.0
178.0 101.0
179.0 89.0
180.0 99.0
181.0 125.0
182.0 103.0
183.0 102.0
184.0 113.0
185.0 115.0
186.0 113.0
187.0 114.0
188.0 107.0
189.0 118.0
190.0 118.0
191.0 107.0
192.0 121.0
193.0 110.0
194.0 114.0
195.0 111.0
196.0 118.0
197.0 101.0
198.0 113.0
199.0 125.0
200.0 115.0
201.0 101.0
202.0 88.0
203.0 111.0
204.0 124.0
205.0 112.0
206.0 95.0
207.0 82.0
208.0 115.0
209.0 117.0
210.0 92.0
211.0 107.0
212.0 124.0
213.0 117.0
214.0 120.0
215.0 124.0
216.0 115.0
217.0 111.0
218.0 115.0
219.0 109.0
220.0 123.0
221.0 121.0
222.0 92.0
223.0 105.0
224.0 103.0
225.0 116.0
226.0 125.0
227.0 110.0
228.0 120.0
229.0 105.0
230.0 108.0
231.0 86.0
232.0 118.0
233.0 118.0
234.0 124.0
235.0 94.0
236.0 103.0
237.0 107.0
238.0 86.0
239.0 113.0
240.0 115.0
241.0 79.0
242.0 95.0
243.0 110.0
244.0 108.0
245.0 98.0
246.0 114.0
247.0 106.0
248.0 93.0
249.0 112.0
250.0 118.0
251.0 113.0
252.0 107.0
253.0 125.0
254.0 83.0
255.0 124.0
256.0 89.0
257.0 108.0
258.0 123.0
259.0 104.0
260.0 124.0
261.0 116.0
262.0 89.0
263.0 118.0
264.0 81.0
265.0 119.0
266.0 88.0
267.0 80.0
268.0 125.0
269.0 125.0
270.0 97.0
271.0 97.0
272.0 116.0
273.0 92.0
274.0 98.0
275.0 106.0
276.0 122.0
277.0 119.0
278.0 107.0
279.0 93.0
280.0 114.0
281.0 105.0
282.0 117.0
283.0 100.0
284.0 96.0
285.0 111.0
286.0 118.0
287.0 118.0
288.0 92.0
289.0 120.0
290.0 121.0
291.0 103.0
292.0 116.0
293.0 81.0
294.0 90.0
295.0 111.0
296.0 104.0
297.0 114.0
298.0 117.0
299.0 118.0
300.0 111.0
301.0 116.0
302.0 111.0
303.0 120.0
304.0 117.0
305.0 115.0
306.0 102.0
307.0 107.0
308.0 106.0
309.0 116.0
310.0 105.0
311.0 101.0
312.0 119.0
313.0 106.0
314.0 110.0
315.0 113.0
316.0 110.0
317.0 121.0
318.0 117.0
319.0 102.0
320.0 114.0
321.0 119.0
322.0 125.0
323.0 90.0
324.0 105.0
325.0 117.0
326.0 106.0
327.0 108.0
328.0 125.0
329.0 143.0
330.0 177.0
331.0 196.0
332.0 262.0
333.0 327.0
334.0 409.0
335.0 519.0
336.0 672.0
337.0 820.0
338.0 1040.0
339.0 1170.0
340.0 1110.0
341.0 1350.0
342.0 1220.0
343.0 1070.0
344.0 1210.0
345.0 1320.0
346.0 1080.0
347.0 1090.0
348.0 1180.0
349.0 1420.0
350.0 1420.0
351.0 1260.0
352.0 1370.0
353.0 1360.0
354.0 1270.0
355.0 1190.0
356.0 1060.0
357.0 1160.0
358.0 993.0
359.0 1290.0
360.0 991.0
361.0 1140.0
362.0 990.0
363.0 852.0
364.0 998.0
365.0 941.0
366.0 883.0
367.0 671.0
368.0 768.0
369.0 842.0
370.0 1070.0
371.0 954.0
372.0 795.0
373.0 951.0
374.0 536.0
375.0 606.0
376.0 713.0
377.0 1320.0
378.0 719.0
379.0 893.0
380.0 564.0
381.0 606.0
382.0 386.0
383.0 19.0
384.0 71.0
385.0 449.0
386.0 561.0
387.0 806.0
388.0 732.0
389.0 435.0
390.0 206.0
391.0 274.0
392.0 209.0
393.0 265.0
394.0 152.0
395.0 255.0
396.0 87.0
397.0 29.0
398.0 62.0
399.0 94.0
400.0 89.0
401.0 83.0
402.0 122.0
403.0 394.0
404.0 589.0
405.0 609.0
406.0 610.0
407.0 720.0
408.0 718.0
409.0 722.0
410.0 931.0
411.0 757.0
412.0 1060.0
413.0 1170.0
414.0 735.0
415.0 1380.0
416.0 1290.0
417.0 1560.0
418.0 1700.0
419.0 1540.0
420.0 1740.0
421.0 1540.0
422.0 1200.0
423.0 1550.0
424.0 1350.0
425.0 1660.0
426.0 1320.0
427.0 1820.0
428.0 1790.0
429.0 1850.0
430.0 1780.0
431.0 1830.0
432.0 1600.0
433.0 1740.0
434.0 1670.0
435.0 1720.0
436.0 1760.0
437.0 1840.0
438.0 1770.0
439.0 1810.0
440.0 1770.0
441.0 1440.0
442.0 1810.0
443.0 1800.0
444.0 1820.0
445.0 1810.0
446.0 1560.0
447.0 1500.0
448.0 1660.0
449.0 1400.0
450.0 1640.0
451.0 1680.0
452.0 1820.0
453.0 1460.0
454.0 1400.0
455.0 1810.0
456.0 1700.0
457.0 1800.0
458.0 1550.0
459.0 1790.0
460.0 1610.0
461.0 1730.0
462.0 1250.0
463.0 1830.0
464.0 1490.0
465.0 1640.0
466.0 1080.0
467.0 1520.0
468.0 1400.0
469.0 914.0
470.0 1150.0
471.0 1420.0
472.0 1230.0
473.0 980.0
474.0 1230.0
475.0 1280.0
476.0 1230.0
477.0 1130.0
478.0 1420.0
479.0 1150.0
480.0 1010.0
481.0 798.0
482.0 1080.0
483.0 978.0
484.0 1320.0
485.0 1290.0
486.0 1060.0
487.0 1020.0
488.0 981.0
489.0 1090.0
490.0 1020.0
491.0 754.0
492.0 1240.0
493.0 857.0
494.0 846.0
495.0 609.0
496.0 479.0
497.0 514.0
498.0 415.0
499.0 544.0
500.0 75.0
501.0 353.0
502.0 718.0
503.0 620.0
504.0 747.0
505.0 626.0
506.0 739.0
507.0 663.0
508.0 701.0
509.0 656.0
510.0 332.0
511.0 4.0
512.0 0.0
513.0 0.0
514.0 108.0
515.0 90.0
516.0 804.0
517.0 936.0
518.0 950.0
519.0 911.0
520.0 690.0
521.0 727.0
522.0 618.0
523.0 842.0
524.0 1160.0
525.0 1070.0
526.0 807.0
527.0 1090.0
528.0 882.0
529.0 876.0
530.0 692.0
531.0 1.0
532.0 115.0
533.0 105.0
534.0 761.0
535.0 232.0
536.0 30.0
537.0 0.0
538.0 0.0
539.0 104.0
540.0 88.0
541.0 561.0
542.0 684.0
543.0 699.0
544.0 738.0
545.0 605.0
546.0 748.0
547.0 760.0
548.0 1030.0
549.0 1040.0
550.0 997.0
551.0 987.0
552.0 1010.0
553.0 999.0
554.0 911.0
555.0 861.0
556.0 767.0
557.0 817.0
558.0 953.0
559.0 919.0
560.0 859.0
561.0 907.0
562.0 821.0
563.0 824.0
564.0 867.0
565.0 913.0
566.0 906.0
567.0 809.0
568.0 827.0
569.0 467.0
570.0 895.0
571.0 833.0
572.0 905.0
573.0 816.0
574.0 987.0
575.0 1140.0
576.0 1540.0
577.0 1670.0
578.0 1550.0
579.0 1420.0
580.0 1580.0
581.0 1110.0
582.0 1570.0
583.0 1390.0
584.0 606.0
585.0 845.0
586.0 862.0
587.0 912.0
588.0 527.0
589.0 6.0
590.0 82.0
591.0 121.0
592.0 296.0
593.0 468.0
594.0 507.0
595.0 805.0
596.0 1030.0
597.0 1240.0
598.0 1470.0
599.0 1210.0
600.0 1710.0
601.0 1360.0
602.0 1160.0
603.0 1500.0
604.0 1430.0
605.0 1630.0
606.0 1430.0
607.0 988.0
608.0 853.0
609.0 1070.0
610.0 757.0
611.0 198.0
612.0 0.0
613.0 116.0
614.0 85.0
615.0 684.0
616.0 920.0
617.0 915.0
618.0 920.0
619.0 933.0
620.0 927.0
621.0 1270.0
622.0 1640.0
623.0 1480.0
624.0 1740.0
625.0 1600.0
626.0 1410.0
627.0 1660.0
628.0 1620.0
629.0 1460.0
630.0 1640.0
631.0 1520.0
632.0 1630.0
633.0 1590.0
634.0 1370.0
635.0 989.0
636.0 20.0
637.0 12.0
638.0 0.0
639.0 101.0
640.0 118.0
641.0 202.0
642.0 321.0
643.0 10.0
644.0 80.0
645.0 544.0
646.0 619.0
647.0 226.0
648.0 465.0
649.0 728.0
650.0 123.0
651.0 89.0
652.0 45.0
653.0 195.0
654.0 566.0
655.0 343.0
656.0 91.0
657.0 249.0
658.0 69.0
659.0 436.0
660.0 459.0
661.0 484.0
662.0 465.0
663.0 278.0
664.0 125.0
665.0 432.0
666.0 486.0
667.0 539.0
668.0 461.0
669.0 524.0
670.0 147.0
671.0 61.0
672.0 318.0
673.0 333.0
674.0 182.0
675.0 4.0
676.0 2.0
677.0 79.0
678.0 97.0
679.0 117.0
680.0 141.0
681.0 126.0
682.0 154.0
683.0 39.0
684.0 3.0
685.0 0.0
686.0 95.0
687.0 100.0
688.0 221.0
689.0 348.0
690.0 463.0
691.0 605.0
692.0 603.0
693.0 578.0
694.0 633.0
695.0 564.0
696.0 573.0
697.0 553.0
698.0 577.0
699.0 534.0
700.0 662.0
701.0 777.0
702.0 799.0
703.0 703.0
704.0 558.0
705.0 580.0
706.0 8.0
707.0 61.0
708.0 47.0
709.0 2.0
710.0 124.0
711.0 819.0
712.0 286.0
713.0 11.0
714.0 538.0
715.0 692.0
716.0 658.0
717.0 644.0
718.0 592.0
719.0 667.0
720.0 689.0
721.0 683.0
722.0 593.0
723.0 3.0
724.0 0.0
725.0 0.0
726.0 0.0
727.0 0.0
728.0 109.0
729.0 117.0
730.0 162.0
731.0 296.0
732.0 312.0
733.0 372.0
734.0 399.0
735.0 413.0
736.0 300.0
737.0 418.0
738.0 498.0
739.0 524.0
740.0 680.0
741.0 785.0
742.0 828.0
743.0 877.0
744.0 843.0
745.0 897.0
746.0 834.0
747.0 881.0
748.0 897.0
749.0 925.0
750.0 891.0
751.0 849.0
752.0 903.0
753.0 830.0
754.0 811.0
755.0 808.0
756.0 785.0
757.0 816.0
758.0 883.0
759.0 865.0
760.0 721.0
761.0 837.0
762.0 939.0
763.0 793.0
764.0 945.0
765.0 878.0
766.0 891.0
767.0 931.0
768.0 801.0
769.0 910.0
770.0 939.0
771.0 848.0
772.0 825.0
773.0 825.0
774.0 781.0
775.0 789.0
776.0 958.0
777.0 906.0
778.0 788.0
779.0 828.0
780.0 897.0
781.0 871.0
782.0 826.0
783.0 897.0
784.0 819.0
785.0 860.0
786.0 929.0
787.0 916.0
788.0 939.0
789.0 964.0
790.0 1110.0
791.0 957.0
792.0 1720.0
793.0 1550.0
794.0 1810.0
795.0 928.0
796.0 1360.0
797.0 1380.0
798.0 1100.0
