0.0 713.0
1.0 636.0
2.0 730.0
3.0 631.0
4.0 182.0
5.0 223.0
6.0 603.0
7.0 583.0
8.0 678.0
9.0 407.0
10.0 112.0
11.0 117.0
12.0 115.0
13.0 81.0
14.0 122.0
15.0 113.0
16.0 121.0
17.0 117.0
18.0 124.0
19.0 121.0
20.0 78.0
21.0 98.0
22.0 88.0
23.0 86.0
24.0 88.0
25.0 346.0
26.0 626.0
27.0 673.0
28.0 309.0
29.0 2.0
30.0 0.0
31.0 97.0
32.0 100.0
33.0 581.0
34.0 844.0
35.0 897.0
36.0 866.0
37.0 818.0
38.0 1080.0
39.0 1460.0
40.0 1490.0
41.0 1000.0
42.0 155.0
43.0 11.0
44.0 109.0
45.0 105.0
46.0 91.0
47.0 92.0
48.0 90.0
49.0 104.0
50.0 119.0
51.0 98.0
52.0 94.0
53.0 121.0
54.0 114.0
55.0 98.0
56.0 100.0
57.0 117.0
58.0 78.0
59.0 124.0
60.0 114.0
61.0 101.0
62.0 117.0
63.0 110.0
64.0 92.0
65.0 110.0
66.0 112.0
67.0 120.0
68.0 103.0
69.0 107.0
70.0 123.0
71.0 121.0
72.0 90.0
73.0 117.0
74.0 93.0
75.0 111.0
76.0 92.0
77.0 107.0
78.0 97.0
79.0 124.0
80.0 89.0
81.0 119.0
82.0 125.0
83.0 96.0
84.0 118.0
85.0 120.0
86.0 123.0
87.0 113.0
88.0 125.0
89.0 108.0
90.0 109.0
91.0 102.0
92.0 40.0
93.0 26.0
94.0 0.0
95.0 0.0
96.0 86.0
97.0 122.0
98.0 178.0
99.0 231.0
100.0 532.0
101.0 651.0
102.0 397.0
103.0 484.0
104.0 521.0
105.0 251.0
106.0 482.0
107.0 232.0
108.0 515.0
109.0 632.0
110.0 588.0
111.0 716.0
112.0 831.0
113.0 903.0
114.0 253.0
115.0 675.0
116.0 768.0
117.0 793.0
118.0 648.0
119.0 831.0
120.0 858.0
121.0 945.0
122.0 918.0
123.0 1070.0
124.0 1190.0
125.0 1220.0
126.0 1310.0
127.0 1350.0
128.0 1430.0
129.0 1480.0
130.0 1510.0
131.0 1460.0
132.0 1410.0
133.0 1560.0
134.0 774.0
135.0 914.0
136.0 1270.0
137.0 1460.0
138.0 1500.0
139.0 1230.0
140.0 1350.0
141.0 1200.0
142.0 1540.0
143.0 1300.0
144.0 1690.0
145.0 1150.0
146.0 848.0
147.0 1020.0
148.0 880.0
149.0 974.0
150.0 905.0
151.0 758.0
152.0 647.0
153.0 787.0
154.0 626.0
155.0 601.0
156.0 393.0
157.0 6.0
158.0 2.0
159.0 0.0
160.0 1.0
161.0 5.0
162.0 119.0
163.0 5.0
164.0 1.0
165.0 15.0
166.0 90.0
167.0 85.0
168.0 675.0
169.0 1330.0
170.0 648.0
171.0 522.0
172.0 420.0
173.0 4.0
174.0 1.0
175.0 9.0
176.0 0.0
177.0 5.0
178.0 109.0
179.0 101.0
180.0 710.0
181.0 900.0
182.0 900.0
183.0 742.0
184.0 1070.0
185.0 1180.0
186.0 1200.0
187.0 1110.0
188.0 1290.0
189.0 1320.0
190.0 1050.0
191.0 539.0
192.0 477.0
193.0 17.0
194.0 6.0
195.0 0.0
196.0 5.0
197.0 96.0
198.0 121.0
199.0 512.0
200.0 718.0
201.0 495.0
202.0 16.0
203.0 0.0
204.0 0.0
205.0 94.0
206.0 107.0
207.0 249.0
208.0 498.0
209.0 343.0
210.0 400.0
211.0 498.0
212.0 491.0
213.0 487.0
214.0 752.0
215.0 505.0
216.0 582.0
217.0 870.0
218.0 630.0
219.0 819.0
220.0 223.0
221.0 6.0
222.0 0.0
223.0 0.0
224.0 123.0
225.0 89.0
226.0 125.0
227.0 114.0
228.0 113.0
