0.0 104.0
1.0 101.0
2.0 122.0
3.0 94.0
4.0 121.0
5.0 106.0
6.0 116.0
7.0 121.0
8.0 120.0
9.0 115.0
10.0 121.0
11.0 101.0
12.0 99.0
13.0 122.0
14.0 107.0
15.0 109.0
16.0 109.0
17.0 112.0
18.0 105.0
19.0 119.0
20.0 121.0
21.0 95.0
22.0 119.0
23.0 121.0
24.0 125.0
25.0 123.0
26.0 118.0
27.0 122.0
28.0 108.0
29.0 123.0
30.0 100.0
31.0 112.0
32.0 100.0
33.0 114.0
34.0 94.0
35.0 103.0
36.0 110.0
37.0 121.0
38.0 61.0
39.0 83.0
40.0 113.0
41.0 126.0
42.0 76.0
43.0 204.0
44.0 276.0
45.0 362.0
46.0 407.0
47.0 551.0
48.0 621.0
49.0 771.0
50.0 719.0
51.0 494.0
52.0 744.0
53.0 725.0
54.0 755.0
55.0 844.0
56.0 787.0
57.0 813.0
58.0 804.0
59.0 801.0
60.0 831.0
61.0 804.0
62.0 846.0
63.0 382.0
64.0 586.0
65.0 496.0
66.0 391.0
67.0 56.0
68.0 1.0
69.0 130.0
70.0 656.0
71.0 400.0
72.0 78.0
73.0 0.0
74.0 0.0
75.0 0.0
76.0 1.0
77.0 0.0
78.0 90.0
79.0 98.0
80.0 345.0
81.0 602.0
82.0 756.0
83.0 719.0
84.0 718.0
85.0 601.0
86.0 209.0
87.0 757.0
88.0 662.0
89.0 640.0
90.0 804.0
91.0 775.0
92.0 779.0
93.0 750.0
94.0 632.0
95.0 0.0
96.0 0.0
97.0 0.0
98.0 0.0
99.0 0.0
100.0 2.0
101.0 111.0
102.0 499.0
103.0 1200.0
104.0 1280.0
105.0 1150.0
106.0 1170.0
107.0 1130.0
108.0 1260.0
109.0 826.0
110.0 0.0
111.0 0.0
112.0 0.0
113.0 0.0
114.0 0.0
115.0 0.0
116.0 0.0
117.0 123.0
118.0 124.0
119.0 89.0
120.0 118.0
121.0 121.0
122.0 107.0
123.0 115.0
124.0 90.0
125.0 105.0
126.0 110.0
127.0 117.0
128.0 121.0
129.0 121.0
130.0 114.0
131.0 105.0
132.0 102.0
133.0 100.0
134.0 120.0
135.0 114.0
136.0 125.0
137.0 121.0
138.0 125.0
139.0 111.0
140.0 124.0
141.0 1190.0
142.0 1020.0
143.0 547.0
144.0 723.0
145.0 614.0
146.0 948.0
147.0 1110.0
148.0 1150.0
149.0 984.0
150.0 793.0
151.0 916.0
152.0 1140.0
153.0 1170.0
154.0 1460.0
155.0 1330.0
156.0 1160.0
157.0 1120.0
158.0 655.0
159.0 170.0
160.0 254.0
161.0 623.0
162.0 1000.0
163.0 773.0
164.0 1010.0
165.0 803.0
166.0 1120.0
167.0 956.0
168.0 1460.0
169.0 1730.0
170.0 1280.0
171.0 1390.0
172.0 112.0
173.0 108.0
174.0 114.0
175.0 630.0
176.0 580.0
177.0 180.0
178.0 369.0
179.0 495.0
180.0 504.0
181.0 571.0
182.0 551.0
183.0 680.0
184.0 399.0
185.0 177.0
186.0 274.0
187.0 130.0
188.0 418.0
189.0 561.0
190.0 416.0
191.0 274.0
192.0 596.0
193.0 572.0
194.0 331.0
195.0 266.0
196.0 13.0
197.0 37.0
198.0 229.0
199.0 57.0
200.0 4.0
201.0 294.0
202.0 434.0
203.0 151.0
204.0 295.0
205.0 310.0
206.0 38.0
207.0 255.0
208.0 352.0
209.0 304.0
210.0 62.0
211.0 216.0
212.0 381.0
213.0 396.0
214.0 272.0
215.0 82.0
216.0 226.0
217.0 190.0
218.0 109.0
219.0 132.0
220.0 227.0
221.0 39.0
222.0 47.0
223.0 131.0
224.0 113.0
225.0 324.0
226.0 80.0
227.0 22.0
228.0 124.0
229.0 93.0
230.0 104.0
231.0 357.0
232.0 385.0
233.0 451.0
234.0 480.0
235.0 518.0
236.0 540.0
237.0 604.0
238.0 661.0
239.0 579.0
240.0 540.0
241.0 895.0
242.0 1080.0
243.0 1180.0
244.0 1150.0
245.0 1270.0
246.0 998.0
247.0 1320.0
248.0 1020.0
249.0 946.0
250.0 690.0
251.0 603.0
252.0 37.0
253.0 1.0
254.0 0.0
255.0 68.0
256.0 1.0
257.0 272.0
258.0 128.0
259.0 6.0
260.0 3.0
261.0 104.0
262.0 186.0
263.0 863.0
264.0 1010.0
265.0 817.0
266.0 825.0
267.0 485.0
268.0 407.0
269.0 135.0
270.0 7.0
271.0 3.0
272.0 77.0
273.0 102.0
274.0 723.0
275.0 1060.0
276.0 1360.0
277.0 1190.0
278.0 1020.0
279.0 1060.0
280.0 960.0
281.0 1170.0
282.0 1230.0
283.0 989.0
284.0 1050.0
285.0 950.0
286.0 924.0
287.0 859.0
288.0 1040.0
289.0 933.0
290.0 1130.0
291.0 881.0
292.0 900.0
293.0 1130.0
294.0 942.0
295.0 906.0
296.0 1210.0
297.0 1260.0
298.0 1080.0
299.0 1480.0
300.0 1290.0
301.0 1200.0
302.0 887.0
303.0 1030.0
304.0 1190.0
305.0 1180.0
306.0 984.0
307.0 1310.0
308.0 1200.0
309.0 1040.0
310.0 1090.0
311.0 1260.0
312.0 1100.0
313.0 1070.0
314.0 1210.0
315.0 1350.0
316.0 1260.0
317.0 608.0
318.0 0.0
319.0 0.0
320.0 0.0
321.0 0.0
322.0 0.0
323.0 1.0
324.0 117.0
325.0 76.0
326.0 157.0
327.0 200.0
328.0 206.0
329.0 203.0
330.0 197.0
331.0 194.0
332.0 228.0
333.0 235.0
334.0 281.0
335.0 346.0
336.0 792.0
337.0 855.0
338.0 904.0
339.0 1170.0
340.0 1000.0
341.0 1150.0
342.0 1110.0
343.0 1030.0
344.0 1050.0
345.0 1090.0
346.0 1050.0
347.0 1120.0
348.0 940.0
349.0 976.0
350.0 705.0
351.0 307.0
352.0 6.0
353.0 0.0
354.0 0.0
355.0 0.0
356.0 0.0
357.0 0.0
358.0 0.0
359.0 0.0
360.0 0.0
361.0 0.0
362.0 0.0
363.0 0.0
364.0 0.0
365.0 0.0
366.0 0.0
367.0 0.0
368.0 0.0
369.0 0.0
370.0 119.0
371.0 94.0
372.0 100.0
373.0 121.0
374.0 1320.0
375.0 904.0
376.0 1240.0
377.0 1050.0
378.0 1100.0
379.0 1170.0
380.0 1430.0
381.0 1420.0
382.0 1000.0
383.0 1320.0
384.0 1590.0
385.0 1330.0
386.0 1460.0
387.0 1390.0
388.0 1270.0
389.0 1210.0
390.0 1180.0
391.0 1160.0
392.0 1150.0
393.0 1010.0
394.0 1110.0
395.0 1150.0
396.0 1280.0
397.0 1240.0
398.0 1170.0
399.0 1430.0
400.0 953.0
401.0 1390.0
402.0 1100.0
403.0 1100.0
404.0 784.0
405.0 243.0
406.0 203.0
407.0 737.0
408.0 609.0
409.0 574.0
410.0 636.0
411.0 716.0
412.0 489.0
413.0 358.0
414.0 347.0
415.0 283.0
416.0 630.0
417.0 437.0
418.0 592.0
419.0 122.0
420.0 0.0
421.0 0.0
422.0 13.0
423.0 92.0
424.0 122.0
425.0 18.0
426.0 48.0
427.0 85.0
428.0 76.0
429.0 619.0
430.0 982.0
431.0 1220.0
432.0 1120.0
433.0 1220.0
434.0 949.0
435.0 1030.0
436.0 494.0
437.0 21.0
438.0 145.0
439.0 42.0
440.0 32.0
441.0 30.0
442.0 319.0
443.0 462.0
444.0 190.0
445.0 134.0
446.0 391.0
447.0 274.0
448.0 99.0
449.0 82.0
450.0 507.0
451.0 677.0
452.0 709.0
453.0 668.0
454.0 620.0
455.0 628.0
456.0 547.0
457.0 83.0
458.0 665.0
459.0 715.0
460.0 599.0
461.0 684.0
462.0 904.0
463.0 919.0
464.0 910.0
465.0 905.0
466.0 902.0
467.0 931.0
468.0 942.0
469.0 919.0
470.0 707.0
471.0 1060.0
472.0 1310.0
473.0 1330.0
474.0 1540.0
475.0 1500.0
476.0 1320.0
477.0 1620.0
478.0 1520.0
479.0 1670.0
480.0 1840.0
481.0 1580.0
482.0 1620.0
483.0 1370.0
484.0 1480.0
485.0 1800.0
486.0 1830.0
487.0 1810.0
488.0 1650.0
489.0 1630.0
490.0 1090.0
491.0 969.0
492.0 1010.0
493.0 1090.0
494.0 1090.0
495.0 1140.0
496.0 1070.0
497.0 1070.0
498.0 1040.0
499.0 1150.0
500.0 1100.0
501.0 1090.0
502.0 1120.0
503.0 975.0
504.0 1010.0
505.0 1250.0
506.0 930.0
507.0 1040.0
508.0 827.0
509.0 737.0
510.0 774.0
511.0 808.0
512.0 853.0
513.0 883.0
514.0 1150.0
515.0 1090.0
516.0 946.0
517.0 958.0
518.0 722.0
519.0 825.0
520.0 1000.0
521.0 974.0
522.0 964.0
523.0 808.0
524.0 736.0
525.0 681.0
526.0 667.0
527.0 675.0
528.0 0.0
529.0 101.0
530.0 167.0
531.0 804.0
532.0 943.0
533.0 329.0
534.0 361.0
535.0 427.0
536.0 458.0
537.0 2.0
538.0 2.0
539.0 8.0
540.0 258.0
541.0 137.0
542.0 5.0
543.0 0.0
544.0 105.0
545.0 58.0
546.0 0.0
547.0 11.0
548.0 95.0
549.0 398.0
550.0 462.0
551.0 763.0
552.0 740.0
553.0 683.0
554.0 876.0
555.0 4.0
556.0 0.0
557.0 0.0
558.0 3.0
559.0 0.0
560.0 110.0
561.0 109.0
562.0 120.0
563.0 110.0
564.0 60.0
565.0 84.0
566.0 12.0
567.0 5.0
568.0 2.0
569.0 2.0
570.0 16.0
571.0 85.0
572.0 208.0
573.0 40.0
574.0 0.0
575.0 0.0
576.0 11.0
577.0 12.0
578.0 12.0
579.0 7.0
580.0 3.0
581.0 4.0
582.0 15.0
583.0 7.0
584.0 7.0
585.0 22.0
586.0 125.0
587.0 115.0
588.0 123.0
589.0 122.0
590.0 101.0
591.0 101.0
592.0 114.0
593.0 119.0
594.0 86.0
595.0 121.0
596.0 116.0
597.0 116.0
598.0 112.0
599.0 121.0
600.0 125.0
601.0 123.0
602.0 120.0
603.0 119.0
604.0 107.0
605.0 125.0
606.0 108.0
607.0 97.0
608.0 88.0
609.0 114.0
610.0 87.0
611.0 108.0
612.0 121.0
613.0 106.0
614.0 89.0
615.0 85.0
616.0 121.0
617.0 121.0
618.0 108.0
619.0 116.0
620.0 117.0
621.0 110.0
622.0 97.0
623.0 88.0
624.0 118.0
625.0 125.0
626.0 92.0
627.0 96.0
628.0 121.0
629.0 122.0
630.0 97.0
631.0 118.0
632.0 125.0
633.0 110.0
634.0 118.0
635.0 109.0
636.0 119.0
637.0 99.0
638.0 87.0
639.0 102.0
640.0 125.0
641.0 111.0
642.0 116.0
643.0 103.0
644.0 123.0
645.0 96.0
646.0 125.0
647.0 113.0
648.0 108.0
649.0 103.0
650.0 125.0
651.0 333.0
652.0 347.0
653.0 362.0
654.0 393.0
655.0 421.0
656.0 458.0
657.0 336.0
658.0 589.0
659.0 627.0
660.0 837.0
661.0 805.0
662.0 1020.0
663.0 1070.0
664.0 1330.0
665.0 1010.0
666.0 1220.0
667.0 1420.0
668.0 1200.0
669.0 954.0
670.0 875.0
671.0 962.0
672.0 915.0
673.0 876.0
674.0 877.0
675.0 900.0
676.0 1000.0
677.0 838.0
678.0 847.0
679.0 856.0
680.0 941.0
681.0 991.0
682.0 728.0
683.0 598.0
684.0 689.0
685.0 373.0
686.0 170.0
687.0 5.0
688.0 13.0
689.0 0.0
690.0 25.0
691.0 2.0
692.0 6.0
693.0 34.0
694.0 10.0
695.0 22.0
696.0 16.0
697.0 12.0
698.0 13.0
699.0 13.0
700.0 6.0
701.0 121.0
702.0 125.0
703.0 102.0
704.0 123.0
705.0 119.0
706.0 291.0
707.0 433.0
708.0 547.0
709.0 631.0
710.0 751.0
711.0 738.0
712.0 852.0
713.0 697.0
714.0 985.0
715.0 618.0
716.0 279.0
717.0 19.0
718.0 2.0
719.0 78.0
720.0 121.0
721.0 117.0
722.0 119.0
723.0 114.0
724.0 110.0
725.0 94.0
726.0 96.0
727.0 115.0
728.0 104.0
729.0 89.0
730.0 116.0
731.0 109.0
732.0 104.0
733.0 118.0
734.0 111.0
735.0 87.0
736.0 107.0
737.0 97.0
738.0 96.0
739.0 88.0
740.0 95.0
741.0 106.0
742.0 94.0
743.0 119.0
744.0 100.0
745.0 97.0
746.0 104.0
747.0 99.0
748.0 121.0
749.0 111.0
750.0 96.0
751.0 123.0
752.0 122.0
753.0 85.0
754.0 112.0
755.0 119.0
756.0 88.0
757.0 109.0
758.0 122.0
759.0 90.0
760.0 80.0
761.0 102.0
762.0 90.0
763.0 100.0
764.0 125.0
765.0 109.0
766.0 124.0
767.0 125.0
768.0 124.0
769.0 82.0
770.0 96.0
771.0 107.0
772.0 108.0
773.0 124.0
774.0 117.0
775.0 100.0
776.0 125.0
777.0 113.0
778.0 100.0
779.0 113.0
780.0 124.0
781.0 116.0
782.0 124.0
783.0 95.0
784.0 120.0
785.0 83.0
786.0 86.0
787.0 120.0
788.0 108.0
789.0 124.0
790.0 91.0
791.0 103.0
792.0 98.0
793.0 100.0
794.0 113.0
795.0 103.0
796.0 100.0
797.0 95.0
798.0 80.0
