0.0 114.0
1.0 261.0
2.0 404.0
3.0 463.0
4.0 546.0
5.0 111.0
6.0 110.0
7.0 122.0
8.0 402.0
9.0 488.0
10.0 516.0
11.0 416.0
12.0 444.0
13.0 489.0
14.0 580.0
15.0 591.0
16.0 521.0
17.0 608.0
18.0 671.0
19.0 763.0
20.0 630.0
21.0 693.0
22.0 726.0
23.0 759.0
24.0 891.0
25.0 696.0
26.0 527.0
27.0 285.0
28.0 565.0
29.0 739.0
30.0 606.0
31.0 553.0
32.0 562.0
33.0 673.0
34.0 612.0
35.0 677.0
36.0 622.0
37.0 386.0
38.0 638.0
39.0 616.0
40.0 708.0
41.0 703.0
42.0 760.0
43.0 706.0
44.0 291.0
45.0 85.0
46.0 108.0
47.0 518.0
48.0 610.0
49.0 725.0
50.0 648.0
51.0 640.0
52.0 574.0
53.0 199.0
54.0 21.0
55.0 148.0
56.0 110.0
57.0 177.0
58.0 88.0
59.0 122.0
60.0 601.0
61.0 614.0
62.0 750.0
63.0 887.0
64.0 877.0
65.0 792.0
66.0 660.0
67.0 799.0
68.0 763.0
69.0 678.0
70.0 636.0
71.0 573.0
72.0 782.0
73.0 750.0
74.0 700.0
75.0 702.0
76.0 779.0
77.0 465.0
78.0 124.0
79.0 109.0
80.0 473.0
81.0 777.0
82.0 629.0
83.0 657.0
84.0 647.0
85.0 599.0
86.0 676.0
87.0 738.0
88.0 753.0
89.0 98.0
90.0 118.0
91.0 122.0
92.0 108.0
93.0 121.0
94.0 224.0
95.0 672.0
96.0 774.0
97.0 718.0
98.0 759.0
99.0 717.0
100.0 690.0
101.0 977.0
102.0 969.0
103.0 1360.0
104.0 1250.0
105.0 1120.0
106.0 1530.0
107.0 1150.0
108.0 1010.0
109.0 956.0
110.0 1160.0
111.0 1440.0
112.0 1270.0
113.0 1230.0
114.0 941.0
115.0 961.0
116.0 931.0
117.0 917.0
118.0 1000.0
119.0 1310.0
120.0 1000.0
121.0 788.0
122.0 835.0
123.0 901.0
124.0 803.0
125.0 1110.0
126.0 703.0
127.0 678.0
128.0 313.0
129.0 17.0
130.0 6.0
131.0 0.0
132.0 7.0
133.0 16.0
134.0 119.0
135.0 123.0
136.0 11.0
137.0 34.0
138.0 5.0
139.0 6.0
140.0 19.0
141.0 8.0
142.0 106.0
143.0 116.0
144.0 516.0
145.0 821.0
146.0 580.0
147.0 941.0
148.0 700.0
149.0 317.0
150.0 537.0
151.0 907.0
152.0 933.0
153.0 813.0
154.0 894.0
155.0 901.0
156.0 944.0
157.0 515.0
158.0 921.0
159.0 967.0
160.0 881.0
161.0 654.0
162.0 709.0
163.0 903.0
164.0 1070.0
165.0 1150.0
166.0 547.0
167.0 497.0
168.0 5.0
169.0 0.0
170.0 1.0
171.0 118.0
172.0 78.0
173.0 124.0
174.0 107.0
175.0 100.0
176.0 107.0
177.0 124.0
178.0 115.0
179.0 100.0
180.0 103.0
181.0 107.0
182.0 556.0
183.0 837.0
184.0 692.0
185.0 803.0
186.0 818.0
187.0 867.0
188.0 812.0
189.0 885.0
190.0 782.0
191.0 885.0
192.0 842.0
193.0 990.0
194.0 834.0
195.0 821.0
196.0 809.0
197.0 821.0
198.0 852.0
199.0 874.0
200.0 1090.0
201.0 929.0
202.0 969.0
203.0 872.0
204.0 973.0
205.0 896.0
206.0 813.0
207.0 872.0
208.0 1060.0
209.0 1080.0
210.0 985.0
211.0 897.0
212.0 962.0
213.0 854.0
214.0 899.0
215.0 943.0
216.0 911.0
217.0 829.0
218.0 917.0
219.0 896.0
220.0 1070.0
221.0 923.0
222.0 1000.0
223.0 847.0
224.0 817.0
225.0 1010.0
226.0 976.0
227.0 902.0
228.0 799.0
229.0 980.0
230.0 930.0
231.0 998.0
232.0 869.0
233.0 1150.0
234.0 369.0
235.0 114.0
236.0 87.0
237.0 111.0
238.0 837.0
239.0 876.0
240.0 960.0
241.0 834.0
242.0 1070.0
243.0 894.0
244.0 809.0
245.0 382.0
246.0 784.0
247.0 853.0
248.0 787.0
249.0 887.0
250.0 842.0
251.0 864.0
252.0 824.0
253.0 933.0
254.0 937.0
255.0 938.0
256.0 1010.0
257.0 1020.0
258.0 1010.0
259.0 1170.0
260.0 1010.0
261.0 956.0
262.0 883.0
263.0 912.0
264.0 808.0
265.0 879.0
266.0 1120.0
267.0 998.0
268.0 1080.0
269.0 971.0
270.0 864.0
271.0 811.0
272.0 922.0
273.0 933.0
274.0 819.0
275.0 850.0
276.0 1040.0
277.0 991.0
278.0 928.0
279.0 796.0
280.0 771.0
281.0 1050.0
282.0 1250.0
283.0 1220.0
284.0 1140.0
285.0 955.0
286.0 1040.0
287.0 1080.0
288.0 867.0
289.0 906.0
290.0 897.0
291.0 860.0
292.0 938.0
293.0 1110.0
294.0 653.0
295.0 77.0
296.0 101.0
297.0 626.0
298.0 980.0
299.0 914.0
300.0 1070.0
301.0 1060.0
302.0 916.0
303.0 897.0
304.0 922.0
305.0 1080.0
306.0 934.0
307.0 865.0
308.0 998.0
309.0 1030.0
310.0 931.0
311.0 1150.0
312.0 1120.0
313.0 946.0
314.0 993.0
315.0 963.0
316.0 908.0
317.0 1040.0
318.0 871.0
319.0 989.0
320.0 1090.0
321.0 1160.0
322.0 1340.0
323.0 1180.0
324.0 1250.0
325.0 1130.0
326.0 1250.0
327.0 1620.0
328.0 1630.0
329.0 1650.0
330.0 1670.0
331.0 1750.0
332.0 1840.0
333.0 1680.0
334.0 1590.0
335.0 1540.0
336.0 1500.0
337.0 1750.0
338.0 1590.0
339.0 1360.0
340.0 1580.0
341.0 1540.0
342.0 1570.0
343.0 1590.0
344.0 1500.0
345.0 1280.0
346.0 1240.0
347.0 1340.0
348.0 1220.0
349.0 1300.0
350.0 1220.0
351.0 1040.0
352.0 1120.0
353.0 1340.0
354.0 1450.0
355.0 1310.0
356.0 1150.0
357.0 1160.0
358.0 1210.0
359.0 1060.0
360.0 1140.0
361.0 810.0
362.0 800.0
363.0 880.0
364.0 898.0
365.0 881.0
366.0 556.0
367.0 684.0
368.0 753.0
369.0 748.0
370.0 539.0
371.0 98.0
372.0 347.0
373.0 133.0
374.0 469.0
375.0 291.0
376.0 363.0
377.0 153.0
378.0 66.0
379.0 76.0
380.0 316.0
381.0 148.0
382.0 248.0
383.0 111.0
384.0 363.0
385.0 74.0
386.0 38.0
387.0 38.0
388.0 41.0
389.0 41.0
390.0 46.0
391.0 37.0
392.0 28.0
393.0 104.0
394.0 117.0
395.0 109.0
396.0 264.0
397.0 254.0
398.0 282.0
399.0 313.0
400.0 340.0
401.0 364.0
402.0 393.0
403.0 492.0
404.0 533.0
405.0 617.0
406.0 607.0
407.0 517.0
408.0 373.0
409.0 695.0
410.0 681.0
411.0 748.0
412.0 745.0
413.0 855.0
414.0 906.0
415.0 921.0
416.0 951.0
417.0 1000.0
418.0 965.0
419.0 662.0
420.0 78.0
421.0 88.0
422.0 745.0
423.0 977.0
424.0 596.0
425.0 950.0
426.0 999.0
427.0 913.0
428.0 933.0
429.0 1050.0
430.0 1110.0
431.0 969.0
432.0 978.0
433.0 1010.0
434.0 959.0
435.0 1050.0
436.0 835.0
437.0 1140.0
438.0 1050.0
439.0 1110.0
440.0 1180.0
441.0 1060.0
442.0 1030.0
443.0 1080.0
444.0 925.0
445.0 986.0
446.0 964.0
447.0 632.0
448.0 26.0
449.0 0.0
450.0 0.0
451.0 33.0
452.0 85.0
453.0 118.0
454.0 105.0
455.0 0.0
456.0 119.0
457.0 178.0
458.0 132.0
459.0 0.0
460.0 7.0
461.0 0.0
462.0 39.0
463.0 99.0
464.0 108.0
465.0 1.0
466.0 0.0
467.0 0.0
468.0 7.0
469.0 104.0
470.0 124.0
471.0 80.0
472.0 14.0
473.0 111.0
474.0 106.0
475.0 112.0
476.0 101.0
477.0 122.0
478.0 103.0
479.0 113.0
480.0 96.0
481.0 95.0
482.0 124.0
483.0 106.0
484.0 115.0
485.0 97.0
486.0 110.0
487.0 28.0
488.0 0.0
489.0 1.0
490.0 0.0
491.0 119.0
492.0 100.0
493.0 47.0
494.0 104.0
495.0 191.0
496.0 291.0
497.0 0.0
498.0 27.0
499.0 1.0
500.0 0.0
501.0 0.0
502.0 0.0
503.0 86.0
504.0 82.0
505.0 286.0
506.0 336.0
507.0 381.0
508.0 383.0
509.0 381.0
510.0 411.0
511.0 397.0
512.0 450.0
513.0 448.0
514.0 421.0
515.0 161.0
516.0 0.0
517.0 28.0
518.0 0.0
519.0 14.0
520.0 97.0
521.0 313.0
522.0 422.0
523.0 438.0
524.0 424.0
525.0 459.0
526.0 449.0
527.0 447.0
528.0 477.0
529.0 460.0
530.0 547.0
531.0 543.0
532.0 514.0
533.0 505.0
534.0 539.0
535.0 549.0
536.0 543.0
537.0 548.0
538.0 543.0
539.0 564.0
540.0 515.0
541.0 569.0
542.0 592.0
543.0 533.0
544.0 678.0
545.0 707.0
546.0 704.0
547.0 638.0
548.0 805.0
549.0 758.0
550.0 767.0
551.0 740.0
552.0 672.0
553.0 624.0
554.0 1110.0
555.0 736.0
556.0 12.0
557.0 8.0
558.0 0.0
559.0 0.0
560.0 2.0
561.0 123.0
562.0 98.0
563.0 0.0
564.0 0.0
565.0 0.0
566.0 0.0
567.0 0.0
568.0 0.0
569.0 0.0
570.0 0.0
571.0 42.0
572.0 700.0
573.0 1160.0
574.0 914.0
575.0 974.0
576.0 1200.0
577.0 1110.0
578.0 820.0
579.0 804.0
580.0 808.0
581.0 593.0
582.0 164.0
583.0 2.0
584.0 83.0
585.0 118.0
586.0 557.0
587.0 688.0
588.0 794.0
589.0 918.0
590.0 1000.0
591.0 924.0
592.0 857.0
593.0 957.0
594.0 978.0
595.0 935.0
596.0 840.0
597.0 956.0
598.0 966.0
599.0 979.0
600.0 1320.0
601.0 1250.0
602.0 1130.0
603.0 654.0
604.0 567.0
605.0 733.0
606.0 391.0
607.0 28.0
608.0 3.0
609.0 0.0
610.0 95.0
611.0 96.0
612.0 115.0
613.0 208.0
614.0 199.0
615.0 88.0
616.0 333.0
617.0 287.0
618.0 52.0
619.0 46.0
620.0 25.0
621.0 17.0
622.0 3.0
623.0 108.0
624.0 31.0
625.0 4.0
626.0 34.0
627.0 29.0
628.0 34.0
629.0 66.0
630.0 88.0
631.0 252.0
632.0 287.0
633.0 173.0
634.0 64.0
635.0 79.0
636.0 8.0
637.0 81.0
638.0 23.0
639.0 61.0
640.0 75.0
641.0 65.0
642.0 84.0
643.0 73.0
644.0 89.0
645.0 65.0
646.0 86.0
647.0 34.0
648.0 25.0
649.0 15.0
650.0 4.0
651.0 63.0
652.0 57.0
653.0 55.0
654.0 81.0
655.0 31.0
656.0 11.0
657.0 64.0
658.0 97.0
659.0 84.0
660.0 3.0
661.0 53.0
662.0 136.0
663.0 110.0
664.0 108.0
665.0 32.0
666.0 43.0
667.0 59.0
668.0 176.0
669.0 140.0
670.0 58.0
671.0 135.0
672.0 176.0
673.0 88.0
674.0 71.0
675.0 121.0
676.0 77.0
677.0 45.0
678.0 131.0
679.0 0.0
680.0 0.0
681.0 99.0
682.0 111.0
683.0 114.0
684.0 3.0
685.0 1.0
686.0 0.0
687.0 29.0
688.0 240.0
689.0 275.0
690.0 276.0
691.0 359.0
692.0 394.0
693.0 361.0
694.0 408.0
695.0 186.0
696.0 229.0
697.0 315.0
698.0 405.0
699.0 411.0
700.0 390.0
701.0 461.0
702.0 387.0
703.0 380.0
704.0 435.0
705.0 461.0
706.0 456.0
707.0 380.0
708.0 443.0
709.0 492.0
710.0 512.0
711.0 562.0
712.0 575.0
713.0 541.0
714.0 559.0
715.0 395.0
716.0 185.0
717.0 481.0
718.0 523.0
719.0 595.0
720.0 569.0
721.0 655.0
722.0 551.0
723.0 565.0
724.0 522.0
725.0 560.0
726.0 566.0
727.0 662.0
728.0 593.0
729.0 652.0
730.0 577.0
731.0 596.0
732.0 700.0
733.0 657.0
734.0 563.0
735.0 699.0
736.0 727.0
737.0 753.0
738.0 825.0
739.0 604.0
740.0 716.0
741.0 545.0
742.0 628.0
743.0 546.0
744.0 673.0
745.0 747.0
746.0 717.0
747.0 665.0
748.0 418.0
749.0 716.0
750.0 528.0
751.0 638.0
752.0 704.0
753.0 605.0
754.0 272.0
755.0 0.0
756.0 0.0
757.0 120.0
758.0 115.0
759.0 409.0
760.0 466.0
761.0 484.0
762.0 493.0
763.0 742.0
764.0 710.0
765.0 660.0
766.0 765.0
767.0 684.0
768.0 728.0
769.0 669.0
770.0 723.0
771.0 802.0
772.0 680.0
773.0 837.0
774.0 849.0
775.0 888.0
776.0 891.0
777.0 844.0
778.0 577.0
779.0 372.0
780.0 309.0
781.0 0.0
782.0 0.0
783.0 0.0
784.0 0.0
785.0 119.0
786.0 93.0
787.0 96.0
788.0 115.0
789.0 117.0
790.0 91.0
791.0 123.0
792.0 124.0
793.0 91.0
794.0 116.0
795.0 116.0
796.0 125.0
797.0 94.0
798.0 106.0
