0.0 315.0
1.0 451.0
2.0 530.0
3.0 748.0
4.0 629.0
5.0 33.0
6.0 105.0
7.0 581.0
8.0 663.0
9.0 710.0
10.0 621.0
11.0 700.0
12.0 736.0
13.0 791.0
14.0 787.0
15.0 723.0
16.0 771.0
17.0 734.0
18.0 744.0
19.0 813.0
20.0 689.0
21.0 756.0
22.0 787.0
23.0 756.0
24.0 689.0
25.0 602.0
26.0 226.0
27.0 410.0
28.0 540.0
29.0 725.0
30.0 528.0
31.0 403.0
32.0 746.0
33.0 963.0
34.0 386.0
35.0 621.0
36.0 341.0
37.0 10.0
38.0 29.0
39.0 115.0
40.0 115.0
41.0 454.0
42.0 451.0
43.0 525.0
44.0 381.0
45.0 287.0
46.0 134.0
47.0 124.0
48.0 81.0
49.0 387.0
50.0 483.0
51.0 348.0
52.0 533.0
53.0 285.0
54.0 322.0
55.0 164.0
56.0 85.0
57.0 110.0
58.0 526.0
59.0 684.0
60.0 683.0
61.0 725.0
62.0 741.0
63.0 777.0
64.0 693.0
65.0 842.0
66.0 827.0
67.0 698.0
68.0 733.0
69.0 779.0
70.0 963.0
71.0 703.0
72.0 664.0
73.0 113.0
74.0 116.0
75.0 431.0
76.0 197.0
77.0 0.0
78.0 0.0
79.0 0.0
80.0 0.0
81.0 4.0
82.0 104.0
83.0 106.0
84.0 224.0
85.0 0.0
86.0 0.0
87.0 0.0
88.0 0.0
89.0 0.0
90.0 122.0
91.0 125.0
92.0 541.0
93.0 480.0
94.0 488.0
95.0 661.0
96.0 472.0
97.0 502.0
98.0 0.0
99.0 0.0
100.0 0.0
101.0 0.0
102.0 0.0
103.0 4.0
104.0 103.0
105.0 115.0
106.0 866.0
107.0 319.0
108.0 108.0
109.0 111.0
110.0 740.0
111.0 789.0
112.0 856.0
113.0 727.0
114.0 1040.0
115.0 1070.0
116.0 917.0
117.0 1060.0
118.0 1250.0
119.0 1190.0
120.0 1390.0
121.0 1350.0
122.0 1360.0
123.0 1320.0
124.0 1410.0
125.0 1230.0
126.0 1010.0
127.0 911.0
128.0 933.0
129.0 719.0
130.0 751.0
131.0 650.0
132.0 597.0
133.0 680.0
134.0 595.0
135.0 73.0
136.0 0.0
137.0 0.0
138.0 0.0
139.0 0.0
140.0 0.0
141.0 0.0
142.0 0.0
143.0 112.0
144.0 115.0
145.0 124.0
146.0 115.0
147.0 107.0
148.0 78.0
149.0 0.0
150.0 0.0
151.0 0.0
152.0 0.0
153.0 0.0
154.0 0.0
155.0 102.0
156.0 715.0
157.0 947.0
158.0 1170.0
159.0 1170.0
160.0 1130.0
161.0 1070.0
162.0 1050.0
163.0 1300.0
164.0 1140.0
165.0 1130.0
166.0 1490.0
167.0 1110.0
168.0 1120.0
169.0 1140.0
170.0 1340.0
171.0 515.0
172.0 120.0
173.0 124.0
174.0 663.0
175.0 1030.0
176.0 1150.0
177.0 932.0
178.0 679.0
179.0 732.0
180.0 432.0
181.0 118.0
182.0 104.0
183.0 0.0
184.0 0.0
185.0 0.0
186.0 0.0
187.0 120.0
188.0 124.0
189.0 89.0
190.0 112.0
191.0 87.0
192.0 112.0
193.0 88.0
194.0 122.0
195.0 97.0
196.0 97.0
197.0 106.0
198.0 117.0
199.0 124.0
200.0 114.0
201.0 125.0
202.0 110.0
203.0 118.0
204.0 80.0
205.0 101.0
206.0 119.0
207.0 113.0
208.0 121.0
209.0 88.0
210.0 108.0
211.0 107.0
212.0 98.0
213.0 100.0
214.0 108.0
215.0 98.0
216.0 108.0
217.0 80.0
218.0 101.0
219.0 104.0
220.0 116.0
221.0 105.0
222.0 120.0
223.0 120.0
224.0 111.0
225.0 122.0
226.0 96.0
227.0 96.0
228.0 113.0
229.0 89.0
230.0 93.0
231.0 106.0
232.0 98.0
233.0 106.0
234.0 104.0
235.0 86.0
236.0 96.0
237.0 114.0
238.0 117.0
239.0 121.0
240.0 114.0
241.0 124.0
242.0 118.0
243.0 123.0
244.0 117.0
245.0 100.0
246.0 124.0
247.0 101.0
248.0 117.0
249.0 100.0
250.0 108.0
251.0 123.0
252.0 94.0
253.0 108.0
254.0 97.0
255.0 108.0
256.0 106.0
257.0 91.0
258.0 125.0
259.0 94.0
260.0 114.0
261.0 122.0
262.0 119.0
263.0 104.0
264.0 114.0
265.0 89.0
266.0 352.0
267.0 345.0
268.0 381.0
269.0 456.0
270.0 490.0
271.0 455.0
272.0 383.0
273.0 567.0
274.0 632.0
275.0 698.0
276.0 645.0
277.0 631.0
278.0 924.0
279.0 684.0
280.0 933.0
281.0 848.0
282.0 869.0
283.0 832.0
284.0 804.0
285.0 773.0
286.0 744.0
287.0 385.0
288.0 36.0
289.0 64.0
290.0 174.0
291.0 122.0
292.0 116.0
293.0 121.0
294.0 137.0
295.0 135.0
296.0 122.0
297.0 157.0
298.0 139.0
299.0 143.0
300.0 142.0
301.0 136.0
302.0 121.0
303.0 92.0
304.0 120.0
305.0 101.0
306.0 97.0
307.0 99.0
308.0 98.0
309.0 55.0
310.0 36.0
311.0 38.0
312.0 27.0
313.0 120.0
314.0 177.0
315.0 236.0
316.0 260.0
317.0 278.0
318.0 95.0
319.0 105.0
320.0 449.0
321.0 610.0
322.0 819.0
323.0 820.0
324.0 688.0
325.0 873.0
326.0 786.0
327.0 879.0
328.0 694.0
329.0 795.0
330.0 838.0
331.0 719.0
332.0 725.0
333.0 705.0
334.0 608.0
335.0 718.0
336.0 585.0
337.0 1250.0
338.0 1070.0
339.0 1060.0
340.0 1140.0
341.0 1130.0
342.0 1100.0
343.0 1030.0
344.0 1200.0
345.0 1070.0
346.0 982.0
347.0 1130.0
348.0 1000.0
349.0 1080.0
350.0 889.0
351.0 739.0
352.0 958.0
353.0 947.0
354.0 924.0
355.0 808.0
356.0 116.0
357.0 120.0
358.0 717.0
359.0 989.0
360.0 1060.0
361.0 1000.0
362.0 852.0
363.0 1350.0
364.0 1200.0
365.0 1080.0
366.0 1010.0
367.0 994.0
368.0 1560.0
369.0 1460.0
370.0 1240.0
371.0 1200.0
372.0 1120.0
373.0 1190.0
374.0 1150.0
375.0 1070.0
376.0 965.0
377.0 1010.0
378.0 995.0
379.0 1180.0
380.0 1070.0
381.0 1090.0
382.0 1200.0
383.0 996.0
384.0 1050.0
385.0 1210.0
386.0 855.0
387.0 806.0
388.0 918.0
389.0 895.0
390.0 1490.0
391.0 858.0
392.0 736.0
393.0 99.0
394.0 117.0
395.0 109.0
396.0 109.0
397.0 114.0
398.0 534.0
399.0 946.0
400.0 782.0
401.0 829.0
402.0 740.0
403.0 444.0
404.0 803.0
405.0 467.0
406.0 78.0
407.0 898.0
408.0 1050.0
409.0 867.0
410.0 898.0
411.0 1040.0
412.0 1070.0
413.0 858.0
414.0 1300.0
415.0 637.0
416.0 70.0
417.0 391.0
418.0 520.0
419.0 401.0
420.0 302.0
421.0 184.0
422.0 156.0
423.0 120.0
424.0 325.0
425.0 300.0
426.0 189.0
427.0 44.0
428.0 91.0
429.0 124.0
430.0 490.0
431.0 577.0
432.0 715.0
433.0 766.0
434.0 620.0
435.0 770.0
436.0 954.0
437.0 1070.0
438.0 1120.0
439.0 1320.0
440.0 1170.0
441.0 1070.0
442.0 1350.0
443.0 1170.0
444.0 117.0
445.0 124.0
446.0 1240.0
447.0 1380.0
448.0 1500.0
449.0 1680.0
450.0 1460.0
451.0 1480.0
452.0 1630.0
453.0 1770.0
454.0 1570.0
455.0 1350.0
456.0 1650.0
457.0 1630.0
458.0 1820.0
459.0 1820.0
460.0 1840.0
461.0 1760.0
462.0 1850.0
463.0 1830.0
464.0 1860.0
465.0 1610.0
466.0 1830.0
467.0 1810.0
468.0 1920.0
469.0 1850.0
470.0 1830.0
471.0 1700.0
472.0 1760.0
473.0 1830.0
474.0 1630.0
475.0 1770.0
476.0 1870.0
477.0 1830.0
478.0 1300.0
479.0 1640.0
480.0 971.0
481.0 826.0
482.0 1280.0
483.0 1070.0
484.0 1150.0
485.0 1130.0
486.0 1360.0
487.0 1440.0
488.0 958.0
489.0 1270.0
490.0 1110.0
491.0 1090.0
492.0 899.0
493.0 1060.0
494.0 1190.0
495.0 1350.0
496.0 1270.0
497.0 1070.0
498.0 1020.0
499.0 1280.0
500.0 1030.0
501.0 1090.0
502.0 1210.0
503.0 1240.0
504.0 1010.0
505.0 1280.0
506.0 783.0
507.0 558.0
508.0 550.0
509.0 596.0
510.0 98.0
511.0 96.0
512.0 118.0
513.0 119.0
514.0 113.0
515.0 206.0
516.0 25.0
517.0 184.0
518.0 264.0
519.0 12.0
520.0 60.0
521.0 41.0
522.0 34.0
523.0 122.0
524.0 120.0
525.0 101.0
526.0 122.0
527.0 113.0
528.0 121.0
529.0 525.0
530.0 625.0
531.0 705.0
532.0 626.0
533.0 776.0
534.0 746.0
535.0 548.0
536.0 756.0
537.0 776.0
538.0 731.0
539.0 611.0
540.0 15.0
541.0 0.0
542.0 0.0
543.0 0.0
544.0 0.0
545.0 111.0
546.0 125.0
547.0 506.0
548.0 634.0
549.0 629.0
550.0 657.0
551.0 652.0
552.0 660.0
553.0 617.0
554.0 623.0
555.0 664.0
556.0 738.0
557.0 675.0
558.0 818.0
559.0 917.0
560.0 987.0
561.0 858.0
562.0 1040.0
563.0 1200.0
564.0 1360.0
565.0 1350.0
566.0 1180.0
567.0 778.0
568.0 1510.0
569.0 1460.0
570.0 1480.0
571.0 1570.0
572.0 1350.0
573.0 1160.0
574.0 1200.0
575.0 1150.0
576.0 1110.0
577.0 1550.0
578.0 1810.0
579.0 1620.0
580.0 1840.0
581.0 1560.0
582.0 1800.0
583.0 1750.0
584.0 1370.0
585.0 1130.0
586.0 816.0
587.0 981.0
588.0 1120.0
589.0 550.0
590.0 38.0
591.0 153.0
592.0 114.0
593.0 457.0
594.0 967.0
595.0 1380.0
596.0 1230.0
597.0 1330.0
598.0 1370.0
599.0 1460.0
600.0 1350.0
601.0 1510.0
602.0 1450.0
603.0 1600.0
604.0 1490.0
605.0 1520.0
606.0 1560.0
607.0 1250.0
608.0 1330.0
609.0 1130.0
610.0 369.0
611.0 103.0
612.0 579.0
613.0 1220.0
614.0 1470.0
615.0 1490.0
616.0 1330.0
617.0 1340.0
618.0 1270.0
619.0 1040.0
620.0 1210.0
621.0 1270.0
622.0 1050.0
623.0 1700.0
624.0 1540.0
625.0 1670.0
626.0 1780.0
627.0 1040.0
628.0 1700.0
629.0 1630.0
630.0 1660.0
631.0 1690.0
632.0 1410.0
633.0 941.0
634.0 87.0
635.0 135.0
636.0 12.0
637.0 1.0
638.0 59.0
639.0 103.0
640.0 105.0
641.0 710.0
642.0 825.0
643.0 598.0
644.0 223.0
645.0 15.0
646.0 302.0
647.0 681.0
648.0 718.0
649.0 664.0
650.0 692.0
651.0 671.0
652.0 654.0
653.0 619.0
654.0 501.0
655.0 22.0
656.0 352.0
657.0 535.0
658.0 435.0
659.0 282.0
660.0 321.0
661.0 699.0
662.0 828.0
663.0 670.0
664.0 153.0
665.0 122.0
666.0 392.0
667.0 622.0
668.0 581.0
669.0 585.0
670.0 678.0
671.0 686.0
672.0 124.0
673.0 465.0
674.0 490.0
675.0 564.0
676.0 586.0
677.0 542.0
678.0 562.0
679.0 655.0
680.0 700.0
681.0 708.0
682.0 439.0
683.0 133.0
684.0 282.0
685.0 374.0
686.0 589.0
687.0 134.0
688.0 94.0
689.0 100.0
690.0 496.0
691.0 509.0
692.0 135.0
693.0 111.0
694.0 485.0
695.0 657.0
696.0 677.0
697.0 680.0
698.0 677.0
699.0 725.0
700.0 744.0
701.0 830.0
702.0 796.0
703.0 801.0
704.0 750.0
705.0 952.0
706.0 854.0
707.0 808.0
708.0 745.0
709.0 864.0
710.0 943.0
711.0 906.0
712.0 798.0
713.0 780.0
714.0 926.0
715.0 1210.0
716.0 964.0
717.0 860.0
718.0 1000.0
719.0 1020.0
720.0 1470.0
721.0 1430.0
722.0 1000.0
723.0 862.0
724.0 939.0
725.0 1020.0
726.0 1130.0
727.0 1050.0
728.0 1030.0
729.0 900.0
730.0 1030.0
731.0 847.0
732.0 865.0
733.0 1030.0
734.0 885.0
735.0 954.0
736.0 965.0
737.0 501.0
738.0 125.0
739.0 90.0
740.0 786.0
741.0 1030.0
742.0 1030.0
743.0 1050.0
744.0 1020.0
745.0 833.0
746.0 823.0
747.0 1010.0
748.0 828.0
749.0 965.0
750.0 1110.0
751.0 874.0
752.0 996.0
753.0 1010.0
754.0 898.0
755.0 965.0
756.0 1040.0
757.0 1100.0
758.0 1190.0
759.0 1040.0
760.0 997.0
761.0 1070.0
762.0 935.0
763.0 966.0
764.0 1030.0
765.0 847.0
766.0 941.0
767.0 874.0
768.0 831.0
769.0 891.0
770.0 1170.0
771.0 909.0
772.0 1130.0
773.0 817.0
774.0 104.0
775.0 122.0
776.0 284.0
777.0 672.0
778.0 1140.0
779.0 1090.0
780.0 1060.0
781.0 1060.0
782.0 1070.0
783.0 1140.0
784.0 1210.0
785.0 1080.0
786.0 1490.0
787.0 785.0
788.0 1230.0
789.0 1300.0
790.0 1470.0
791.0 1360.0
792.0 1320.0
793.0 910.0
794.0 934.0
795.0 1150.0
796.0 1210.0
797.0 1140.0
798.0 918.0
