0.0 106.0
1.0 119.0
2.0 125.0
3.0 105.0
4.0 115.0
5.0 106.0
6.0 112.0
7.0 115.0
8.0 108.0
9.0 91.0
10.0 86.0
11.0 124.0
12.0 96.0
13.0 95.0
14.0 99.0
15.0 86.0
16.0 120.0
17.0 124.0
18.0 124.0
19.0 116.0
20.0 109.0
21.0 114.0
22.0 114.0
23.0 89.0
24.0 116.0
25.0 89.0
26.0 113.0
27.0 82.0
28.0 120.0
29.0 112.0
30.0 125.0
31.0 106.0
32.0 80.0
33.0 119.0
34.0 108.0
35.0 98.0
36.0 114.0
37.0 94.0
38.0 125.0
39.0 95.0
40.0 37.0
41.0 43.0
42.0 56.0
43.0 55.0
44.0 63.0
45.0 85.0
46.0 122.0
47.0 117.0
48.0 195.0
49.0 202.0
50.0 317.0
51.0 540.0
52.0 461.0
53.0 441.0
54.0 575.0
55.0 661.0
56.0 550.0
57.0 705.0
58.0 612.0
59.0 756.0
60.0 759.0
61.0 693.0
62.0 832.0
63.0 674.0
64.0 567.0
65.0 581.0
66.0 639.0
67.0 573.0
68.0 720.0
69.0 592.0
70.0 635.0
71.0 676.0
72.0 543.0
73.0 677.0
74.0 651.0
75.0 661.0
76.0 618.0
77.0 650.0
78.0 598.0
79.0 823.0
80.0 726.0
81.0 682.0
82.0 870.0
83.0 810.0
84.0 733.0
85.0 769.0
86.0 1050.0
87.0 896.0
88.0 620.0
89.0 619.0
90.0 538.0
91.0 680.0
92.0 705.0
93.0 547.0
94.0 681.0
95.0 767.0
96.0 640.0
97.0 967.0
98.0 606.0
99.0 609.0
100.0 710.0
101.0 662.0
102.0 680.0
103.0 643.0
104.0 797.0
105.0 819.0
106.0 772.0
107.0 834.0
108.0 899.0
109.0 606.0
110.0 664.0
111.0 764.0
112.0 694.0
113.0 947.0
114.0 664.0
115.0 681.0
116.0 749.0
117.0 806.0
118.0 650.0
119.0 546.0
120.0 717.0
121.0 647.0
122.0 699.0
123.0 814.0
124.0 647.0
125.0 566.0
126.0 685.0
127.0 811.0
128.0 607.0
129.0 782.0
130.0 619.0
131.0 729.0
132.0 684.0
133.0 599.0
134.0 692.0
135.0 378.0
136.0 456.0
137.0 518.0
138.0 382.0
139.0 534.0
140.0 295.0
141.0 422.0
142.0 378.0
143.0 4.0
144.0 4.0
145.0 4.0
146.0 5.0
147.0 14.0
148.0 8.0
149.0 9.0
150.0 8.0
151.0 14.0
152.0 23.0
153.0 20.0
154.0 15.0
155.0 16.0
156.0 6.0
157.0 15.0
158.0 21.0
159.0 106.0
160.0 84.0
161.0 107.0
162.0 127.0
163.0 155.0
164.0 176.0
165.0 245.0
166.0 339.0
167.0 581.0
168.0 515.0
169.0 786.0
170.0 808.0
171.0 1010.0
172.0 943.0
173.0 1090.0
174.0 1090.0
175.0 1150.0
176.0 1180.0
177.0 1310.0
178.0 1430.0
179.0 1010.0
180.0 1010.0
181.0 1210.0
182.0 1440.0
183.0 1400.0
184.0 1420.0
185.0 1170.0
186.0 1280.0
187.0 1740.0
188.0 1280.0
189.0 1390.0
190.0 1410.0
191.0 1680.0
192.0 1350.0
193.0 1650.0
194.0 1360.0
195.0 1480.0
196.0 1680.0
197.0 1790.0
198.0 1520.0
199.0 1630.0
200.0 1830.0
201.0 1800.0
202.0 1540.0
203.0 1780.0
204.0 1700.0
205.0 1650.0
206.0 1410.0
207.0 1350.0
208.0 1640.0
209.0 1610.0
210.0 1300.0
211.0 1580.0
212.0 1690.0
213.0 1720.0
214.0 1300.0
215.0 490.0
216.0 45.0
217.0 206.0
218.0 43.0
219.0 1.0
220.0 176.0
221.0 50.0
222.0 12.0
223.0 69.0
224.0 78.0
225.0 113.0
226.0 118.0
227.0 273.0
228.0 364.0
229.0 460.0
230.0 433.0
231.0 502.0
232.0 458.0
233.0 541.0
234.0 581.0
235.0 560.0
236.0 595.0
237.0 630.0
238.0 643.0
239.0 671.0
240.0 936.0
241.0 746.0
242.0 605.0
243.0 583.0
244.0 23.0
245.0 8.0
246.0 89.0
247.0 213.0
248.0 711.0
249.0 939.0
250.0 971.0
251.0 863.0
252.0 980.0
253.0 1000.0
254.0 1260.0
255.0 1120.0
256.0 1010.0
257.0 1190.0
258.0 1240.0
259.0 1090.0
260.0 1430.0
261.0 1410.0
262.0 1110.0
263.0 134.0
264.0 8.0
265.0 86.0
266.0 94.0
267.0 641.0
268.0 878.0
269.0 956.0
270.0 1000.0
271.0 1340.0
272.0 1280.0
273.0 1280.0
274.0 1290.0
275.0 1440.0
276.0 1460.0
277.0 1560.0
278.0 1330.0
279.0 1530.0
280.0 1690.0
281.0 1770.0
282.0 1460.0
283.0 1690.0
284.0 1790.0
285.0 1790.0
286.0 1690.0
287.0 1720.0
288.0 1810.0
289.0 1730.0
290.0 1650.0
291.0 1770.0
292.0 1820.0
293.0 1640.0
294.0 1730.0
295.0 1770.0
296.0 1710.0
297.0 1740.0
298.0 1600.0
299.0 1840.0
300.0 1670.0
301.0 1740.0
302.0 1760.0
303.0 1460.0
304.0 1480.0
305.0 1580.0
306.0 1650.0
307.0 1680.0
308.0 990.0
309.0 985.0
310.0 386.0
311.0 82.0
312.0 122.0
313.0 33.0
314.0 107.0
315.0 42.0
316.0 116.0
317.0 107.0
318.0 292.0
319.0 591.0
320.0 589.0
321.0 656.0
322.0 235.0
323.0 2.0
324.0 5.0
325.0 11.0
326.0 75.0
327.0 98.0
328.0 212.0
329.0 249.0
330.0 3.0
331.0 1.0
332.0 12.0
333.0 77.0
334.0 118.0
335.0 164.0
336.0 88.0
337.0 66.0
338.0 88.0
339.0 86.0
340.0 92.0
341.0 21.0
342.0 115.0
343.0 79.0
344.0 51.0
345.0 103.0
346.0 102.0
347.0 82.0
348.0 110.0
349.0 107.0
350.0 111.0
351.0 115.0
352.0 114.0
353.0 134.0
354.0 165.0
355.0 181.0
356.0 208.0
357.0 351.0
358.0 336.0
359.0 395.0
360.0 382.0
361.0 379.0
362.0 480.0
363.0 516.0
364.0 526.0
365.0 607.0
366.0 560.0
367.0 934.0
368.0 649.0
369.0 630.0
370.0 600.0
371.0 792.0
372.0 884.0
373.0 828.0
374.0 658.0
375.0 739.0
376.0 571.0
377.0 965.0
378.0 809.0
379.0 839.0
380.0 697.0
381.0 732.0
382.0 819.0
383.0 860.0
384.0 916.0
385.0 963.0
386.0 929.0
387.0 900.0
388.0 1160.0
389.0 877.0
390.0 1240.0
391.0 1330.0
392.0 1220.0
393.0 1510.0
394.0 1170.0
395.0 1300.0
396.0 1260.0
397.0 892.0
398.0 1200.0
399.0 965.0
400.0 1220.0
401.0 1200.0
402.0 1200.0
403.0 1370.0
404.0 1250.0
405.0 1110.0
406.0 1350.0
407.0 1380.0
408.0 1240.0
409.0 1450.0
410.0 979.0
411.0 1460.0
412.0 1200.0
413.0 1120.0
414.0 1370.0
415.0 1030.0
416.0 979.0
417.0 666.0
418.0 455.0
419.0 477.0
420.0 921.0
421.0 726.0
422.0 799.0
423.0 594.0
424.0 432.0
425.0 392.0
426.0 542.0
427.0 482.0
428.0 25.0
429.0 12.0
430.0 12.0
431.0 115.0
432.0 111.0
433.0 107.0
434.0 94.0
435.0 93.0
436.0 119.0
437.0 112.0
438.0 130.0
439.0 231.0
440.0 300.0
441.0 366.0
442.0 284.0
443.0 184.0
444.0 352.0
445.0 223.0
446.0 358.0
447.0 366.0
448.0 440.0
449.0 678.0
450.0 680.0
451.0 761.0
452.0 624.0
453.0 790.0
454.0 832.0
455.0 1060.0
456.0 1020.0
457.0 1200.0
458.0 1010.0
459.0 960.0
460.0 993.0
461.0 1080.0
462.0 1460.0
463.0 1070.0
464.0 1070.0
465.0 1040.0
466.0 1070.0
467.0 1190.0
468.0 1410.0
469.0 1460.0
470.0 1500.0
471.0 1450.0
472.0 1290.0
473.0 1340.0
474.0 1590.0
475.0 1360.0
476.0 1000.0
477.0 1090.0
478.0 1220.0
479.0 1140.0
480.0 1100.0
481.0 1060.0
482.0 1040.0
483.0 1200.0
484.0 945.0
485.0 1130.0
486.0 962.0
487.0 781.0
488.0 908.0
489.0 1010.0
490.0 791.0
491.0 807.0
492.0 985.0
493.0 716.0
494.0 889.0
495.0 884.0
496.0 938.0
497.0 987.0
498.0 1050.0
499.0 863.0
500.0 982.0
501.0 976.0
502.0 785.0
503.0 1130.0
504.0 1470.0
505.0 1060.0
506.0 967.0
507.0 1140.0
508.0 1130.0
509.0 1180.0
510.0 847.0
511.0 851.0
512.0 786.0
513.0 1060.0
514.0 1150.0
515.0 887.0
516.0 722.0
517.0 738.0
518.0 727.0
519.0 727.0
520.0 746.0
521.0 541.0
522.0 263.0
523.0 402.0
524.0 3.0
525.0 6.0
526.0 9.0
527.0 0.0
528.0 11.0
529.0 3.0
530.0 4.0
531.0 99.0
532.0 117.0
533.0 122.0
534.0 115.0
535.0 114.0
536.0 121.0
537.0 112.0
538.0 114.0
539.0 98.0
540.0 102.0
541.0 121.0
542.0 114.0
543.0 122.0
544.0 112.0
545.0 117.0
546.0 107.0
547.0 112.0
548.0 88.0
549.0 124.0
550.0 112.0
551.0 96.0
552.0 99.0
553.0 108.0
554.0 105.0
555.0 85.0
556.0 102.0
557.0 93.0
558.0 102.0
559.0 110.0
560.0 114.0
561.0 101.0
562.0 103.0
563.0 116.0
564.0 111.0
565.0 119.0
566.0 115.0
567.0 122.0
568.0 125.0
569.0 102.0
570.0 124.0
571.0 113.0
572.0 84.0
573.0 112.0
574.0 112.0
575.0 97.0
576.0 90.0
577.0 115.0
578.0 106.0
579.0 124.0
580.0 104.0
581.0 111.0
582.0 120.0
583.0 106.0
584.0 105.0
585.0 104.0
586.0 124.0
587.0 123.0
588.0 115.0
589.0 110.0
590.0 118.0
591.0 103.0
592.0 93.0
593.0 117.0
594.0 95.0
595.0 104.0
596.0 101.0
597.0 87.0
598.0 108.0
599.0 112.0
600.0 92.0
601.0 110.0
602.0 95.0
603.0 116.0
604.0 101.0
605.0 117.0
606.0 83.0
607.0 117.0
608.0 90.0
609.0 115.0
610.0 106.0
611.0 122.0
612.0 110.0
613.0 92.0
614.0 114.0
615.0 115.0
616.0 90.0
617.0 88.0
618.0 101.0
619.0 85.0
620.0 89.0
621.0 113.0
622.0 115.0
623.0 109.0
624.0 119.0
625.0 103.0
626.0 93.0
627.0 109.0
628.0 119.0
629.0 104.0
630.0 125.0
631.0 121.0
632.0 122.0
633.0 109.0
634.0 92.0
635.0 125.0
636.0 85.0
637.0 105.0
638.0 81.0
639.0 102.0
640.0 91.0
641.0 78.0
642.0 298.0
643.0 333.0
644.0 345.0
645.0 383.0
646.0 349.0
647.0 339.0
648.0 363.0
649.0 419.0
650.0 396.0
651.0 537.0
652.0 575.0
653.0 615.0
654.0 698.0
655.0 853.0
656.0 768.0
657.0 873.0
658.0 1020.0
659.0 1050.0
660.0 1150.0
661.0 1280.0
662.0 1170.0
663.0 1120.0
664.0 970.0
665.0 1240.0
666.0 1160.0
667.0 1100.0
668.0 1300.0
669.0 1240.0
670.0 1400.0
671.0 1180.0
672.0 926.0
673.0 917.0
674.0 1310.0
675.0 1100.0
676.0 728.0
677.0 736.0
678.0 579.0
679.0 552.0
680.0 459.0
681.0 14.0
682.0 12.0
683.0 77.0
684.0 125.0
685.0 125.0
686.0 94.0
687.0 107.0
688.0 96.0
689.0 110.0
690.0 108.0
691.0 120.0
692.0 548.0
693.0 571.0
694.0 555.0
695.0 624.0
696.0 623.0
697.0 571.0
698.0 425.0
699.0 0.0
700.0 76.0
701.0 4.0
702.0 441.0
703.0 10.0
704.0 5.0
705.0 12.0
706.0 27.0
707.0 113.0
708.0 119.0
709.0 88.0
710.0 110.0
711.0 116.0
712.0 102.0
713.0 125.0
714.0 119.0
715.0 113.0
716.0 104.0
717.0 123.0
718.0 112.0
719.0 118.0
720.0 112.0
721.0 115.0
722.0 117.0
723.0 119.0
724.0 116.0
725.0 101.0
726.0 111.0
727.0 109.0
728.0 104.0
729.0 98.0
730.0 49.0
731.0 57.0
732.0 68.0
733.0 88.0
734.0 112.0
735.0 151.0
736.0 114.0
737.0 184.0
738.0 88.0
739.0 0.0
740.0 105.0
741.0 124.0
742.0 98.0
743.0 85.0
744.0 119.0
745.0 124.0
746.0 98.0
747.0 95.0
748.0 108.0
749.0 122.0
750.0 90.0
751.0 107.0
752.0 94.0
753.0 110.0
754.0 119.0
755.0 101.0
756.0 123.0
757.0 108.0
758.0 121.0
759.0 103.0
760.0 112.0
761.0 114.0
762.0 116.0
763.0 118.0
764.0 109.0
765.0 92.0
766.0 112.0
767.0 100.0
768.0 119.0
769.0 115.0
770.0 116.0
771.0 120.0
772.0 90.0
773.0 81.0
774.0 94.0
775.0 118.0
776.0 120.0
777.0 110.0
778.0 94.0
779.0 115.0
780.0 98.0
781.0 97.0
782.0 123.0
783.0 113.0
784.0 119.0
785.0 114.0
786.0 116.0
787.0 96.0
788.0 103.0
789.0 101.0
790.0 105.0
791.0 106.0
792.0 124.0
793.0 100.0
794.0 106.0
795.0 117.0
796.0 108.0
797.0 123.0
798.0 114.0
799.0 119.0
