0.0 92.0
1.0 119.0
2.0 118.0
3.0 117.0
4.0 108.0
5.0 98.0
6.0 106.0
7.0 120.0
8.0 109.0
9.0 123.0
10.0 92.0
11.0 83.0
12.0 117.0
13.0 113.0
14.0 99.0
15.0 102.0
16.0 114.0
17.0 94.0
18.0 125.0
19.0 121.0
20.0 95.0
21.0 121.0
22.0 93.0
23.0 117.0
24.0 67.0
25.0 75.0
26.0 10.0
27.0 0.0
28.0 121.0
29.0 105.0
30.0 31.0
31.0 41.0
32.0 50.0
33.0 67.0
34.0 81.0
35.0 82.0
36.0 84.0
37.0 91.0
38.0 101.0
39.0 135.0
40.0 182.0
41.0 212.0
42.0 247.0
43.0 276.0
44.0 307.0
45.0 261.0
46.0 337.0
47.0 603.0
48.0 627.0
49.0 645.0
50.0 563.0
51.0 178.0
52.0 18.0
53.0 8.0
54.0 44.0
55.0 59.0
56.0 28.0
57.0 122.0
58.0 120.0
59.0 110.0
60.0 86.0
61.0 123.0
62.0 118.0
63.0 113.0
64.0 122.0
65.0 121.0
66.0 119.0
67.0 109.0
68.0 119.0
69.0 124.0
70.0 113.0
71.0 102.0
72.0 122.0
73.0 124.0
74.0 81.0
75.0 125.0
76.0 124.0
77.0 104.0
78.0 94.0
79.0 93.0
80.0 124.0
81.0 117.0
82.0 95.0
83.0 94.0
84.0 80.0
85.0 94.0
86.0 115.0
87.0 127.0
88.0 107.0
89.0 115.0
90.0 59.0
91.0 30.0
92.0 13.0
93.0 20.0
94.0 6.0
95.0 122.0
96.0 123.0
97.0 118.0
98.0 107.0
99.0 92.0
100.0 106.0
101.0 168.0
102.0 180.0
103.0 63.0
104.0 62.0
105.0 21.0
106.0 116.0
107.0 125.0
108.0 116.0
109.0 4.0
110.0 6.0
111.0 20.0
112.0 22.0
113.0 116.0
114.0 116.0
115.0 108.0
116.0 227.0
117.0 219.0
118.0 162.0
119.0 105.0
120.0 172.0
121.0 212.0
122.0 216.0
123.0 217.0
124.0 212.0
125.0 198.0
126.0 124.0
127.0 42.0
128.0 23.0
129.0 35.0
130.0 27.0
131.0 37.0
132.0 29.0
133.0 24.0
134.0 26.0
135.0 29.0
136.0 28.0
137.0 21.0
138.0 97.0
139.0 75.0
140.0 83.0
141.0 52.0
142.0 20.0
143.0 22.0
144.0 5.0
145.0 81.0
146.0 106.0
147.0 85.0
148.0 174.0
149.0 219.0
150.0 562.0
151.0 582.0
152.0 585.0
153.0 498.0
154.0 450.0
155.0 326.0
156.0 369.0
157.0 410.0
158.0 344.0
159.0 434.0
160.0 483.0
161.0 526.0
162.0 576.0
163.0 606.0
164.0 621.0
165.0 620.0
166.0 630.0
167.0 620.0
168.0 545.0
169.0 663.0
170.0 664.0
171.0 665.0
172.0 670.0
173.0 636.0
174.0 662.0
175.0 640.0
176.0 635.0
177.0 527.0
178.0 669.0
179.0 698.0
180.0 717.0
181.0 707.0
182.0 689.0
183.0 707.0
184.0 684.0
185.0 598.0
186.0 611.0
187.0 622.0
188.0 655.0
189.0 631.0
190.0 642.0
191.0 628.0
192.0 654.0
193.0 576.0
194.0 541.0
195.0 650.0
196.0 639.0
197.0 651.0
198.0 654.0
199.0 605.0
200.0 682.0
201.0 667.0
202.0 668.0
203.0 584.0
204.0 683.0
205.0 282.0
206.0 324.0
207.0 339.0
208.0 547.0
209.0 513.0
210.0 491.0
211.0 371.0
212.0 269.0
213.0 11.0
214.0 0.0
215.0 3.0
216.0 0.0
217.0 70.0
218.0 1.0
219.0 112.0
220.0 123.0
221.0 121.0
222.0 115.0
223.0 94.0
224.0 104.0
225.0 98.0
226.0 238.0
227.0 666.0
228.0 843.0
229.0 907.0
230.0 909.0
231.0 900.0
232.0 873.0
233.0 802.0
234.0 460.0
235.0 102.0
236.0 90.0
237.0 121.0
238.0 105.0
239.0 116.0
240.0 110.0
241.0 109.0
242.0 122.0
243.0 89.0
244.0 115.0
245.0 123.0
246.0 124.0
247.0 123.0
248.0 101.0
249.0 118.0
