0.0 93.0
1.0 116.0
2.0 347.0
3.0 529.0
4.0 562.0
5.0 645.0
6.0 821.0
7.0 1010.0
8.0 1020.0
9.0 988.0
10.0 869.0
11.0 1090.0
12.0 1050.0
13.0 1120.0
14.0 945.0
15.0 993.0
16.0 993.0
17.0 941.0
18.0 1310.0
19.0 114.0
20.0 118.0
21.0 118.0
22.0 110.0
23.0 106.0
24.0 111.0
25.0 301.0
26.0 519.0
27.0 583.0
28.0 579.0
29.0 531.0
30.0 709.0
31.0 919.0
32.0 544.0
33.0 226.0
34.0 20.0
35.0 169.0
36.0 465.0
37.0 542.0
38.0 880.0
39.0 881.0
40.0 828.0
41.0 1170.0
42.0 868.0
43.0 921.0
44.0 597.0
45.0 329.0
46.0 295.0
47.0 453.0
48.0 485.0
49.0 573.0
50.0 418.0
51.0 561.0
52.0 399.0
53.0 108.0
54.0 110.0
55.0 273.0
56.0 556.0
57.0 686.0
58.0 519.0
59.0 603.0
60.0 131.0
61.0 103.0
62.0 421.0
63.0 639.0
64.0 627.0
65.0 757.0
66.0 785.0
67.0 811.0
68.0 867.0
69.0 825.0
70.0 729.0
71.0 787.0
72.0 822.0
73.0 730.0
74.0 824.0
75.0 851.0
76.0 305.0
77.0 118.0
78.0 119.0
79.0 148.0
80.0 391.0
81.0 367.0
82.0 332.0
83.0 282.0
84.0 373.0
85.0 475.0
86.0 202.0
87.0 152.0
88.0 194.0
89.0 308.0
90.0 345.0
91.0 220.0
92.0 208.0
93.0 237.0
94.0 356.0
95.0 386.0
96.0 276.0
97.0 326.0
98.0 356.0
99.0 303.0
100.0 381.0
101.0 91.0
102.0 105.0
103.0 526.0
104.0 927.0
105.0 1090.0
106.0 895.0
107.0 1160.0
108.0 1140.0
109.0 1190.0
110.0 1350.0
111.0 1510.0
112.0 1480.0
113.0 1460.0
114.0 1590.0
115.0 1560.0
116.0 1390.0
117.0 1070.0
118.0 681.0
119.0 933.0
120.0 688.0
121.0 1250.0
122.0 952.0
123.0 827.0
124.0 548.0
125.0 345.0
126.0 70.0
127.0 66.0
128.0 105.0
129.0 73.0
130.0 97.0
131.0 86.0
132.0 114.0
133.0 120.0
134.0 120.0
135.0 80.0
136.0 293.0
137.0 521.0
138.0 473.0
139.0 368.0
140.0 526.0
141.0 471.0
142.0 490.0
143.0 375.0
144.0 745.0
145.0 516.0
146.0 790.0
147.0 810.0
148.0 813.0
149.0 807.0
150.0 271.0
151.0 123.0
152.0 215.0
153.0 682.0
154.0 682.0
155.0 347.0
156.0 18.0
157.0 168.0
158.0 949.0
159.0 934.0
160.0 1230.0
161.0 1180.0
162.0 1240.0
163.0 1130.0
164.0 1060.0
165.0 1040.0
166.0 718.0
167.0 83.0
168.0 10.0
169.0 4.0
170.0 56.0
171.0 109.0
172.0 67.0
173.0 97.0
174.0 117.0
175.0 107.0
176.0 105.0
177.0 102.0
178.0 120.0
179.0 87.0
180.0 104.0
181.0 114.0
182.0 102.0
183.0 124.0
184.0 259.0
185.0 450.0
186.0 514.0
187.0 523.0
188.0 554.0
189.0 560.0
190.0 606.0
191.0 647.0
192.0 643.0
193.0 718.0
194.0 762.0
195.0 855.0
196.0 856.0
197.0 865.0
198.0 879.0
199.0 870.0
200.0 1110.0
201.0 898.0
202.0 995.0
203.0 959.0
204.0 1010.0
205.0 1090.0
206.0 1120.0
207.0 815.0
208.0 875.0
209.0 997.0
210.0 1260.0
211.0 993.0
212.0 1270.0
213.0 1250.0
214.0 1070.0
215.0 915.0
216.0 1100.0
217.0 1150.0
218.0 993.0
219.0 1120.0
220.0 1090.0
221.0 972.0
222.0 1220.0
223.0 1390.0
224.0 1380.0
225.0 604.0
226.0 88.0
227.0 111.0
228.0 123.0
229.0 410.0
230.0 596.0
231.0 952.0
232.0 1250.0
233.0 988.0
234.0 1080.0
235.0 1020.0
236.0 1000.0
237.0 778.0
238.0 829.0
239.0 729.0
240.0 826.0
241.0 888.0
242.0 833.0
243.0 877.0
244.0 927.0
245.0 1020.0
246.0 1040.0
247.0 1050.0
248.0 943.0
249.0 954.0
250.0 1140.0
251.0 1010.0
252.0 973.0
253.0 994.0
254.0 1040.0
255.0 924.0
256.0 890.0
257.0 1060.0
258.0 959.0
259.0 888.0
260.0 770.0
261.0 739.0
262.0 779.0
263.0 934.0
264.0 821.0
265.0 765.0
266.0 930.0
267.0 857.0
268.0 977.0
269.0 1240.0
270.0 848.0
271.0 597.0
272.0 110.0
273.0 266.0
274.0 845.0
275.0 1010.0
276.0 1050.0
277.0 1140.0
278.0 1150.0
279.0 1130.0
280.0 901.0
281.0 1220.0
282.0 1070.0
283.0 1060.0
284.0 1040.0
285.0 937.0
286.0 1040.0
287.0 1180.0
288.0 981.0
289.0 1030.0
290.0 1130.0
291.0 804.0
292.0 952.0
293.0 923.0
294.0 1010.0
295.0 1040.0
296.0 1010.0
297.0 1200.0
298.0 1100.0
299.0 1160.0
300.0 1180.0
301.0 121.0
302.0 119.0
303.0 907.0
304.0 1130.0
305.0 1230.0
306.0 1120.0
307.0 1110.0
308.0 1190.0
309.0 1780.0
310.0 1660.0
311.0 1760.0
312.0 1130.0
313.0 1590.0
314.0 1290.0
315.0 1530.0
316.0 1660.0
317.0 1780.0
318.0 1730.0
319.0 1770.0
320.0 1640.0
321.0 1430.0
322.0 1640.0
323.0 1360.0
324.0 1590.0
325.0 1510.0
326.0 1610.0
327.0 931.0
328.0 125.0
329.0 344.0
330.0 1000.0
331.0 1110.0
332.0 1080.0
333.0 1160.0
334.0 454.0
335.0 96.0
336.0 102.0
337.0 670.0
338.0 869.0
339.0 856.0
340.0 941.0
341.0 794.0
342.0 971.0
343.0 962.0
344.0 988.0
345.0 1000.0
346.0 914.0
347.0 801.0
348.0 803.0
349.0 756.0
350.0 58.0
351.0 12.0
352.0 0.0
353.0 112.0
354.0 111.0
355.0 89.0
356.0 96.0
357.0 111.0
358.0 122.0
359.0 124.0
360.0 98.0
361.0 105.0
362.0 105.0
363.0 96.0
364.0 96.0
365.0 119.0
366.0 78.0
367.0 147.0
368.0 24.0
369.0 31.0
370.0 137.0
371.0 153.0
372.0 93.0
373.0 38.0
374.0 151.0
375.0 98.0
376.0 128.0
377.0 35.0
378.0 15.0
379.0 0.0
380.0 3.0
381.0 103.0
382.0 112.0
383.0 283.0
384.0 372.0
385.0 413.0
386.0 442.0
387.0 465.0
388.0 448.0
389.0 501.0
390.0 558.0
391.0 590.0
392.0 632.0
393.0 656.0
394.0 740.0
395.0 804.0
396.0 813.0
397.0 899.0
398.0 803.0
399.0 848.0
400.0 892.0
401.0 887.0
402.0 820.0
403.0 794.0
404.0 963.0
405.0 830.0
406.0 22.0
407.0 0.0
408.0 0.0
409.0 7.0
410.0 97.0
411.0 119.0
412.0 105.0
413.0 84.0
414.0 83.0
415.0 0.0
416.0 0.0
417.0 0.0
418.0 133.0
419.0 35.0
420.0 414.0
421.0 367.0
422.0 170.0
423.0 251.0
424.0 40.0
425.0 9.0
426.0 6.0
427.0 73.0
428.0 29.0
429.0 32.0
430.0 3.0
431.0 0.0
432.0 4.0
433.0 53.0
434.0 201.0
435.0 11.0
436.0 41.0
437.0 5.0
438.0 0.0
439.0 2.0
440.0 11.0
441.0 2.0
442.0 16.0
443.0 16.0
444.0 8.0
445.0 85.0
446.0 106.0
447.0 113.0
448.0 93.0
449.0 104.0
450.0 106.0
451.0 114.0
452.0 119.0
453.0 105.0
454.0 111.0
455.0 125.0
456.0 114.0
457.0 82.0
458.0 7.0
459.0 53.0
460.0 120.0
461.0 169.0
462.0 123.0
463.0 251.0
464.0 186.0
465.0 290.0
466.0 361.0
467.0 586.0
468.0 413.0
469.0 520.0
470.0 682.0
471.0 794.0
472.0 382.0
473.0 617.0
474.0 363.0
475.0 1.0
476.0 6.0
477.0 110.0
478.0 107.0
479.0 17.0
480.0 22.0
481.0 178.0
482.0 886.0
483.0 1050.0
484.0 1140.0
485.0 1330.0
486.0 1310.0
487.0 1390.0
488.0 1360.0
489.0 1320.0
490.0 1190.0
491.0 1270.0
492.0 1420.0
493.0 1320.0
494.0 1370.0
495.0 1400.0
496.0 1290.0
497.0 1310.0
498.0 1450.0
499.0 1320.0
500.0 1250.0
501.0 1210.0
502.0 1460.0
503.0 1770.0
504.0 1570.0
505.0 1130.0
506.0 1260.0
507.0 1050.0
508.0 1150.0
509.0 1090.0
510.0 1080.0
511.0 822.0
512.0 796.0
513.0 664.0
514.0 563.0
515.0 395.0
516.0 241.0
517.0 0.0
518.0 0.0
519.0 18.0
520.0 9.0
521.0 0.0
522.0 0.0
523.0 95.0
524.0 111.0
525.0 117.0
526.0 57.0
527.0 708.0
528.0 1310.0
529.0 1350.0
530.0 1290.0
531.0 1200.0
532.0 1280.0
533.0 1220.0
534.0 1240.0
535.0 1300.0
536.0 778.0
537.0 1060.0
538.0 719.0
539.0 558.0
540.0 47.0
541.0 174.0
542.0 2.0
543.0 0.0
544.0 107.0
545.0 159.0
546.0 435.0
547.0 832.0
548.0 1040.0
549.0 1210.0
550.0 1420.0
551.0 1520.0
552.0 1480.0
553.0 1410.0
554.0 1140.0
555.0 869.0
556.0 965.0
557.0 1000.0
558.0 796.0
559.0 809.0
560.0 702.0
561.0 129.0
562.0 15.0
563.0 3.0
564.0 3.0
565.0 1.0
566.0 82.0
567.0 81.0
568.0 267.0
569.0 614.0
570.0 503.0
571.0 631.0
572.0 562.0
573.0 585.0
574.0 581.0
575.0 492.0
576.0 32.0
577.0 453.0
578.0 54.0
579.0 4.0
580.0 0.0
581.0 106.0
582.0 514.0
583.0 598.0
584.0 375.0
585.0 573.0
586.0 625.0
587.0 467.0
588.0 41.0
589.0 285.0
590.0 476.0
591.0 248.0
592.0 0.0
593.0 0.0
594.0 77.0
595.0 104.0
596.0 113.0
597.0 119.0
598.0 134.0
599.0 3.0
600.0 24.0
601.0 325.0
602.0 689.0
603.0 963.0
604.0 1110.0
605.0 939.0
606.0 1330.0
607.0 929.0
608.0 1390.0
609.0 1500.0
610.0 1530.0
611.0 1420.0
612.0 1550.0
613.0 1310.0
614.0 1390.0
615.0 798.0
616.0 2.0
617.0 105.0
618.0 112.0
619.0 0.0
620.0 0.0
621.0 0.0
622.0 0.0
623.0 0.0
624.0 0.0
625.0 0.0
626.0 0.0
627.0 0.0
628.0 0.0
629.0 0.0
630.0 0.0
631.0 0.0
632.0 0.0
633.0 0.0
634.0 0.0
635.0 0.0
636.0 0.0
637.0 0.0
638.0 0.0
639.0 0.0
640.0 0.0
641.0 0.0
642.0 0.0
643.0 0.0
644.0 0.0
645.0 0.0
646.0 0.0
647.0 0.0
648.0 0.0
649.0 0.0
650.0 0.0
651.0 0.0
652.0 0.0
653.0 0.0
654.0 0.0
655.0 0.0
656.0 0.0
657.0 0.0
658.0 94.0
659.0 116.0
660.0 84.0
661.0 747.0
662.0 1150.0
663.0 1210.0
664.0 1130.0
665.0 1140.0
666.0 304.0
667.0 795.0
668.0 1170.0
669.0 806.0
670.0 1100.0
671.0 1160.0
672.0 992.0
673.0 1290.0
674.0 1290.0
675.0 937.0
676.0 994.0
677.0 1440.0
678.0 1200.0
679.0 599.0
680.0 840.0
681.0 974.0
682.0 1280.0
683.0 1370.0
684.0 1210.0
685.0 1230.0
686.0 1320.0
687.0 1090.0
688.0 1300.0
689.0 1550.0
690.0 1210.0
691.0 1360.0
692.0 1290.0
693.0 1220.0
694.0 1510.0
695.0 1320.0
696.0 1330.0
697.0 1170.0
698.0 729.0
699.0 1420.0
700.0 910.0
701.0 20.0
702.0 557.0
703.0 1180.0
704.0 1280.0
705.0 780.0
706.0 1140.0
707.0 1370.0
708.0 1450.0
709.0 1290.0
710.0 1120.0
711.0 1410.0
712.0 1200.0
713.0 983.0
714.0 1100.0
715.0 1200.0
716.0 1290.0
717.0 1220.0
718.0 1220.0
719.0 1010.0
720.0 631.0
721.0 543.0
722.0 0.0
723.0 0.0
724.0 5.0
725.0 1.0
726.0 1.0
727.0 0.0
728.0 0.0
729.0 3.0
730.0 0.0
731.0 1.0
732.0 3.0
733.0 1.0
734.0 2.0
735.0 110.0
736.0 99.0
737.0 2.0
738.0 0.0
739.0 0.0
740.0 0.0
741.0 0.0
742.0 0.0
743.0 83.0
744.0 122.0
745.0 97.0
746.0 104.0
747.0 124.0
748.0 111.0
749.0 120.0
750.0 124.0
751.0 113.0
752.0 119.0
753.0 99.0
754.0 107.0
755.0 109.0
756.0 118.0
757.0 97.0
758.0 119.0
759.0 105.0
760.0 108.0
761.0 112.0
762.0 98.0
763.0 110.0
764.0 112.0
765.0 104.0
766.0 122.0
767.0 118.0
768.0 111.0
769.0 96.0
770.0 88.0
771.0 110.0
772.0 125.0
773.0 115.0
774.0 105.0
775.0 124.0
776.0 108.0
777.0 108.0
778.0 121.0
779.0 111.0
780.0 87.0
781.0 125.0
782.0 95.0
783.0 117.0
784.0 94.0
785.0 101.0
786.0 120.0
787.0 123.0
788.0 118.0
789.0 103.0
790.0 121.0
791.0 121.0
792.0 102.0
793.0 83.0
794.0 118.0
795.0 103.0
796.0 110.0
797.0 108.0
798.0 106.0
