0.0 119.0
1.0 109.0
2.0 112.0
3.0 119.0
4.0 123.0
5.0 101.0
6.0 102.0
7.0 86.0
8.0 117.0
9.0 122.0
10.0 121.0
11.0 124.0
12.0 104.0
13.0 85.0
14.0 80.0
15.0 110.0
16.0 109.0
17.0 112.0
18.0 86.0
19.0 87.0
20.0 107.0
21.0 113.0
22.0 112.0
23.0 120.0
24.0 94.0
25.0 91.0
26.0 102.0
27.0 118.0
28.0 92.0
29.0 78.0
30.0 91.0
31.0 111.0
32.0 115.0
33.0 120.0
34.0 120.0
35.0 100.0
36.0 120.0
37.0 98.0
38.0 117.0
39.0 125.0
40.0 113.0
41.0 123.0
42.0 107.0
43.0 89.0
44.0 81.0
45.0 111.0
46.0 95.0
47.0 103.0
48.0 120.0
49.0 88.0
50.0 99.0
51.0 100.0
52.0 113.0
53.0 91.0
54.0 119.0
55.0 95.0
56.0 124.0
57.0 100.0
58.0 105.0
59.0 124.0
60.0 120.0
61.0 86.0
62.0 117.0
63.0 125.0
64.0 116.0
65.0 124.0
66.0 117.0
67.0 115.0
68.0 103.0
69.0 113.0
70.0 85.0
71.0 102.0
72.0 111.0
73.0 98.0
74.0 79.0
75.0 125.0
76.0 104.0
77.0 105.0
78.0 87.0
79.0 111.0
80.0 87.0
81.0 122.0
82.0 120.0
83.0 117.0
84.0 117.0
85.0 110.0
86.0 102.0
87.0 115.0
88.0 97.0
89.0 106.0
90.0 124.0
91.0 122.0
92.0 102.0
93.0 107.0
94.0 49.0
95.0 60.0
96.0 90.0
97.0 90.0
98.0 239.0
99.0 383.0
100.0 580.0
101.0 714.0
102.0 692.0
103.0 664.0
104.0 708.0
105.0 586.0
106.0 669.0
107.0 445.0
108.0 631.0
109.0 619.0
110.0 449.0
111.0 34.0
112.0 2.0
113.0 4.0
114.0 0.0
115.0 9.0
116.0 11.0
117.0 7.0
118.0 0.0
119.0 88.0
120.0 100.0
121.0 282.0
122.0 490.0
123.0 484.0
124.0 614.0
125.0 289.0
126.0 111.0
127.0 421.0
128.0 401.0
129.0 8.0
130.0 229.0
131.0 68.0
132.0 97.0
133.0 173.0
134.0 107.0
135.0 8.0
136.0 96.0
137.0 169.0
138.0 212.0
139.0 204.0
140.0 282.0
141.0 249.0
142.0 309.0
143.0 337.0
144.0 349.0
145.0 369.0
146.0 422.0
147.0 456.0
148.0 561.0
149.0 590.0
150.0 591.0
151.0 685.0
152.0 736.0
153.0 681.0
154.0 686.0
155.0 564.0
156.0 655.0
157.0 669.0
158.0 152.0
159.0 659.0
160.0 656.0
161.0 648.0
162.0 602.0
163.0 635.0
164.0 655.0
165.0 466.0
166.0 707.0
167.0 610.0
168.0 691.0
169.0 648.0
170.0 655.0
171.0 621.0
172.0 637.0
173.0 652.0
174.0 658.0
175.0 540.0
176.0 678.0
177.0 659.0
178.0 700.0
179.0 656.0
180.0 638.0
181.0 525.0
182.0 649.0
183.0 735.0
184.0 756.0
185.0 685.0
186.0 720.0
187.0 764.0
188.0 665.0
189.0 648.0
190.0 636.0
191.0 767.0
192.0 691.0
193.0 776.0
194.0 701.0
195.0 689.0
196.0 655.0
197.0 255.0
198.0 74.0
199.0 645.0
200.0 687.0
201.0 717.0
202.0 467.0
203.0 836.0
204.0 597.0
205.0 792.0
206.0 399.0
207.0 54.0
208.0 59.0
209.0 323.0
210.0 339.0
211.0 361.0
212.0 502.0
213.0 484.0
214.0 497.0
215.0 511.0
216.0 512.0
217.0 365.0
218.0 316.0
219.0 57.0
220.0 81.0
221.0 0.0
222.0 10.0
223.0 105.0
224.0 374.0
225.0 506.0
226.0 586.0
227.0 645.0
228.0 690.0
229.0 768.0
230.0 815.0
231.0 812.0
232.0 840.0
233.0 878.0
234.0 892.0
235.0 931.0
236.0 852.0
237.0 1050.0
238.0 1130.0
239.0 1050.0
240.0 1130.0
241.0 1250.0
242.0 1410.0
243.0 842.0
244.0 1360.0
245.0 608.0
246.0 373.0
247.0 18.0
248.0 0.0
249.0 117.0
250.0 94.0
251.0 719.0
252.0 1000.0
253.0 1080.0
254.0 1160.0
255.0 952.0
256.0 1250.0
257.0 1230.0
258.0 1150.0
259.0 1130.0
260.0 970.0
261.0 947.0
262.0 884.0
263.0 642.0
264.0 196.0
265.0 0.0
266.0 0.0
267.0 8.0
268.0 121.0
269.0 114.0
270.0 594.0
271.0 768.0
272.0 774.0
273.0 842.0
274.0 766.0
275.0 968.0
276.0 1240.0
277.0 1390.0
278.0 1070.0
279.0 934.0
280.0 1170.0
281.0 1040.0
282.0 900.0
283.0 907.0
284.0 879.0
285.0 1360.0
286.0 1420.0
287.0 1050.0
288.0 1030.0
289.0 1000.0
290.0 1090.0
291.0 1050.0
292.0 950.0
293.0 991.0
294.0 1070.0
295.0 1180.0
296.0 1030.0
297.0 1000.0
298.0 879.0
299.0 1180.0
300.0 1090.0
301.0 917.0
302.0 1280.0
303.0 1050.0
304.0 876.0
305.0 911.0
306.0 1480.0
307.0 1080.0
308.0 1170.0
309.0 1070.0
310.0 1120.0
311.0 1050.0
312.0 879.0
313.0 861.0
314.0 227.0
315.0 0.0
316.0 0.0
317.0 123.0
318.0 119.0
319.0 626.0
320.0 794.0
321.0 792.0
322.0 792.0
323.0 928.0
324.0 1200.0
325.0 955.0
326.0 1200.0
327.0 715.0
328.0 623.0
329.0 1040.0
330.0 1140.0
331.0 1150.0
332.0 1110.0
333.0 1240.0
334.0 1040.0
335.0 1150.0
336.0 1140.0
337.0 1270.0
338.0 1060.0
339.0 1050.0
340.0 688.0
341.0 708.0
342.0 898.0
343.0 1130.0
344.0 1100.0
345.0 1310.0
346.0 1090.0
347.0 1280.0
348.0 808.0
349.0 942.0
350.0 1130.0
351.0 681.0
352.0 0.0
353.0 2.0
354.0 0.0
355.0 0.0
356.0 93.0
357.0 85.0
358.0 2.0
359.0 0.0
360.0 0.0
361.0 0.0
362.0 0.0
363.0 0.0
364.0 117.0
365.0 122.0
366.0 114.0
367.0 202.0
368.0 311.0
369.0 96.0
370.0 300.0
371.0 419.0
372.0 477.0
373.0 532.0
374.0 626.0
375.0 660.0
376.0 733.0
377.0 957.0
378.0 1070.0
379.0 956.0
380.0 1380.0
381.0 1250.0
382.0 1190.0
383.0 1440.0
384.0 1030.0
385.0 1330.0
386.0 1170.0
387.0 1280.0
388.0 1140.0
389.0 1380.0
390.0 1370.0
391.0 1510.0
392.0 1380.0
393.0 1150.0
394.0 1060.0
395.0 1220.0
396.0 963.0
397.0 887.0
398.0 839.0
399.0 869.0
400.0 952.0
401.0 998.0
402.0 842.0
403.0 1070.0
404.0 873.0
405.0 739.0
406.0 764.0
407.0 1040.0
408.0 1020.0
409.0 817.0
410.0 642.0
411.0 715.0
412.0 672.0
413.0 688.0
414.0 873.0
415.0 846.0
416.0 1140.0
417.0 931.0
418.0 1080.0
419.0 952.0
420.0 682.0
421.0 488.0
422.0 171.0
423.0 141.0
424.0 437.0
425.0 734.0
426.0 0.0
427.0 0.0
428.0 10.0
429.0 106.0
430.0 97.0
431.0 40.0
432.0 0.0
433.0 0.0
434.0 4.0
435.0 33.0
436.0 123.0
437.0 349.0
438.0 294.0
439.0 288.0
440.0 461.0
441.0 518.0
442.0 4.0
443.0 0.0
444.0 5.0
445.0 31.0
446.0 78.0
447.0 10.0
448.0 146.0
449.0 92.0
450.0 71.0
451.0 117.0
452.0 135.0
453.0 126.0
454.0 44.0
455.0 5.0
456.0 92.0
457.0 107.0
458.0 168.0
459.0 271.0
460.0 497.0
461.0 597.0
462.0 603.0
463.0 709.0
464.0 844.0
465.0 920.0
466.0 1040.0
467.0 1190.0
468.0 1020.0
469.0 1210.0
470.0 997.0
471.0 1220.0
472.0 1390.0
473.0 1600.0
474.0 1830.0
475.0 1580.0
476.0 1530.0
477.0 1660.0
478.0 1820.0
479.0 1690.0
480.0 1770.0
481.0 1430.0
482.0 1830.0
483.0 1840.0
484.0 1760.0
485.0 1850.0
486.0 1730.0
487.0 1800.0
488.0 1830.0
489.0 1800.0
490.0 1840.0
491.0 1540.0
492.0 1360.0
493.0 832.0
494.0 936.0
495.0 1130.0
496.0 1090.0
497.0 916.0
498.0 897.0
499.0 1040.0
500.0 869.0
501.0 1140.0
502.0 1090.0
503.0 943.0
504.0 866.0
505.0 906.0
506.0 476.0
507.0 5.0
508.0 0.0
509.0 0.0
510.0 117.0
511.0 104.0
512.0 434.0
513.0 611.0
514.0 727.0
515.0 805.0
516.0 779.0
517.0 785.0
518.0 755.0
519.0 1030.0
520.0 818.0
521.0 918.0
522.0 191.0
523.0 79.0
524.0 99.0
525.0 87.0
526.0 119.0
527.0 222.0
528.0 230.0
529.0 447.0
530.0 7.0
531.0 206.0
532.0 542.0
533.0 1010.0
534.0 1170.0
535.0 729.0
536.0 1280.0
537.0 918.0
538.0 1210.0
539.0 1160.0
540.0 701.0
541.0 2.0
542.0 3.0
543.0 5.0
544.0 571.0
545.0 969.0
546.0 839.0
547.0 803.0
548.0 927.0
549.0 962.0
550.0 8.0
551.0 273.0
552.0 347.0
553.0 181.0
554.0 36.0
555.0 176.0
556.0 381.0
557.0 607.0
558.0 514.0
559.0 435.0
560.0 2.0
561.0 3.0
562.0 54.0
563.0 38.0
564.0 1.0
565.0 118.0
566.0 105.0
567.0 108.0
568.0 112.0
569.0 119.0
570.0 89.0
571.0 114.0
572.0 122.0
573.0 125.0
574.0 119.0
575.0 82.0
576.0 99.0
577.0 120.0
578.0 90.0
579.0 119.0
580.0 103.0
581.0 111.0
582.0 108.0
583.0 108.0
584.0 108.0
585.0 91.0
586.0 114.0
587.0 124.0
588.0 113.0
589.0 81.0
590.0 113.0
591.0 122.0
592.0 105.0
593.0 114.0
594.0 125.0
595.0 113.0
596.0 125.0
597.0 123.0
598.0 103.0
599.0 118.0
600.0 124.0
601.0 123.0
602.0 96.0
603.0 85.0
604.0 90.0
605.0 106.0
606.0 101.0
607.0 105.0
608.0 110.0
609.0 116.0
610.0 98.0
611.0 111.0
612.0 116.0
613.0 83.0
614.0 110.0
615.0 124.0
616.0 110.0
617.0 119.0
618.0 115.0
619.0 106.0
620.0 101.0
621.0 105.0
622.0 104.0
623.0 114.0
624.0 103.0
625.0 116.0
626.0 125.0
627.0 116.0
628.0 118.0
629.0 102.0
630.0 110.0
631.0 108.0
632.0 120.0
633.0 103.0
634.0 97.0
635.0 111.0
636.0 105.0
637.0 107.0
638.0 110.0
639.0 127.0
640.0 145.0
641.0 160.0
642.0 181.0
643.0 213.0
644.0 234.0
645.0 282.0
646.0 318.0
647.0 378.0
648.0 421.0
649.0 500.0
650.0 693.0
651.0 872.0
652.0 1050.0
653.0 1020.0
654.0 888.0
655.0 1280.0
656.0 953.0
657.0 1100.0
658.0 1020.0
659.0 954.0
660.0 1240.0
661.0 906.0
662.0 987.0
663.0 1240.0
664.0 1170.0
665.0 973.0
666.0 1210.0
667.0 1280.0
668.0 1030.0
669.0 834.0
670.0 663.0
671.0 171.0
672.0 12.0
673.0 3.0
674.0 2.0
675.0 16.0
676.0 2.0
677.0 7.0
678.0 29.0
679.0 9.0
680.0 12.0
681.0 1.0
682.0 18.0
683.0 13.0
684.0 4.0
685.0 121.0
686.0 119.0
687.0 125.0
688.0 116.0
689.0 119.0
690.0 125.0
691.0 106.0
692.0 89.0
693.0 104.0
694.0 125.0
695.0 90.0
696.0 124.0
697.0 107.0
698.0 103.0
699.0 104.0
700.0 111.0
701.0 108.0
702.0 89.0
703.0 120.0
704.0 116.0
705.0 94.0
706.0 25.0
707.0 0.0
708.0 0.0
709.0 84.0
710.0 123.0
711.0 119.0
712.0 124.0
713.0 117.0
714.0 99.0
715.0 123.0
716.0 103.0
717.0 82.0
718.0 108.0
719.0 124.0
720.0 99.0
721.0 107.0
722.0 105.0
723.0 112.0
724.0 125.0
725.0 121.0
726.0 116.0
727.0 112.0
728.0 103.0
729.0 125.0
730.0 98.0
731.0 94.0
732.0 122.0
733.0 121.0
734.0 121.0
735.0 103.0
736.0 122.0
737.0 112.0
738.0 115.0
739.0 112.0
740.0 124.0
741.0 94.0
742.0 111.0
743.0 125.0
744.0 116.0
745.0 112.0
746.0 114.0
747.0 89.0
748.0 78.0
749.0 106.0
750.0 107.0
751.0 124.0
752.0 110.0
753.0 117.0
754.0 111.0
755.0 124.0
756.0 115.0
757.0 120.0
758.0 107.0
759.0 105.0
760.0 120.0
761.0 110.0
762.0 124.0
763.0 84.0
764.0 125.0
765.0 114.0
766.0 105.0
767.0 123.0
768.0 114.0
769.0 87.0
770.0 123.0
771.0 105.0
772.0 90.0
773.0 80.0
774.0 109.0
775.0 101.0
776.0 110.0
777.0 110.0
778.0 88.0
779.0 107.0
780.0 100.0
781.0 118.0
782.0 98.0
783.0 95.0
784.0 120.0
785.0 96.0
786.0 118.0
787.0 91.0
788.0 119.0
789.0 100.0
790.0 119.0
791.0 123.0
792.0 105.0
793.0 108.0
794.0 80.0
795.0 122.0
796.0 104.0
797.0 115.0
798.0 117.0
