0.0 1100.0
1.0 1240.0
2.0 1220.0
3.0 1290.0
4.0 1260.0
5.0 1310.0
6.0 1410.0
7.0 1380.0
8.0 1270.0
9.0 1540.0
10.0 1460.0
11.0 1270.0
12.0 1280.0
13.0 1320.0
14.0 1460.0
15.0 1500.0
16.0 1080.0
17.0 1120.0
18.0 1410.0
19.0 1170.0
20.0 677.0
21.0 411.0
22.0 315.0
23.0 600.0
24.0 578.0
25.0 446.0
26.0 316.0
27.0 164.0
28.0 117.0
29.0 85.0
30.0 117.0
31.0 119.0
32.0 341.0
33.0 715.0
34.0 791.0
35.0 940.0
36.0 841.0
37.0 791.0
38.0 714.0
39.0 822.0
40.0 939.0
41.0 789.0
42.0 826.0
43.0 981.0
44.0 867.0
45.0 106.0
46.0 113.0
47.0 693.0
48.0 1160.0
49.0 1370.0
50.0 1360.0
51.0 1440.0
52.0 1400.0
53.0 1420.0
54.0 1130.0
55.0 1390.0
56.0 1210.0
57.0 1320.0
58.0 1180.0
59.0 1220.0
60.0 1280.0
61.0 1540.0
62.0 1420.0
63.0 1630.0
64.0 1420.0
65.0 1180.0
66.0 1370.0
67.0 1440.0
68.0 927.0
69.0 812.0
70.0 959.0
71.0 945.0
72.0 883.0
73.0 837.0
74.0 849.0
75.0 835.0
76.0 891.0
77.0 958.0
78.0 879.0
79.0 928.0
80.0 844.0
81.0 1030.0
82.0 1020.0
83.0 1000.0
84.0 883.0
85.0 966.0
86.0 874.0
87.0 894.0
88.0 756.0
89.0 906.0
90.0 853.0
91.0 795.0
92.0 1090.0
93.0 856.0
94.0 685.0
95.0 596.0
96.0 325.0
97.0 832.0
98.0 530.0
99.0 121.0
100.0 112.0
101.0 772.0
102.0 936.0
103.0 1020.0
104.0 1070.0
105.0 1330.0
106.0 884.0
107.0 999.0
108.0 1250.0
109.0 1310.0
110.0 1280.0
111.0 1120.0
112.0 977.0
113.0 1150.0
114.0 868.0
115.0 507.0
116.0 1470.0
117.0 1380.0
118.0 1300.0
119.0 1030.0
120.0 1290.0
121.0 1200.0
122.0 1360.0
123.0 1270.0
124.0 1230.0
125.0 1030.0
126.0 1050.0
127.0 1220.0
128.0 1230.0
129.0 1010.0
130.0 1280.0
131.0 1200.0
132.0 1090.0
133.0 1330.0
134.0 929.0
135.0 936.0
136.0 834.0
137.0 1010.0
138.0 1010.0
139.0 606.0
140.0 781.0
141.0 740.0
142.0 689.0
143.0 694.0
144.0 634.0
145.0 633.0
146.0 599.0
147.0 501.0
148.0 381.0
149.0 144.0
150.0 186.0
151.0 362.0
152.0 218.0
153.0 110.0
154.0 84.0
155.0 93.0
156.0 103.0
157.0 63.0
158.0 272.0
159.0 324.0
160.0 364.0
161.0 392.0
162.0 560.0
163.0 516.0
164.0 525.0
165.0 559.0
166.0 775.0
167.0 645.0
168.0 827.0
169.0 682.0
170.0 763.0
171.0 860.0
172.0 650.0
173.0 831.0
174.0 536.0
175.0 634.0
176.0 749.0
177.0 737.0
178.0 954.0
179.0 624.0
180.0 766.0
181.0 857.0
182.0 906.0
183.0 827.0
184.0 1020.0
185.0 903.0
186.0 755.0
187.0 759.0
188.0 826.0
189.0 987.0
190.0 1040.0
191.0 1060.0
192.0 1200.0
193.0 1210.0
194.0 1330.0
195.0 1510.0
196.0 1450.0
197.0 1210.0
198.0 1020.0
199.0 899.0
200.0 784.0
201.0 793.0
202.0 739.0
203.0 651.0
204.0 632.0
205.0 515.0
206.0 23.0
207.0 115.0
208.0 107.0
209.0 172.0
210.0 1140.0
211.0 1360.0
212.0 1460.0
213.0 1490.0
214.0 1430.0
215.0 1280.0
216.0 1370.0
217.0 1520.0
218.0 1410.0
219.0 1190.0
220.0 1360.0
221.0 1180.0
222.0 1160.0
223.0 1370.0
224.0 1330.0
225.0 1540.0
226.0 1400.0
227.0 1200.0
228.0 1220.0
229.0 1200.0
230.0 596.0
231.0 412.0
232.0 255.0
233.0 182.0
234.0 21.0
235.0 245.0
236.0 662.0
237.0 190.0
238.0 453.0
239.0 216.0
240.0 21.0
241.0 25.0
242.0 152.0
243.0 199.0
244.0 404.0
245.0 127.0
246.0 28.0
247.0 84.0
248.0 76.0
249.0 265.0
250.0 431.0
251.0 486.0
252.0 540.0
253.0 622.0
254.0 668.0
255.0 740.0
256.0 815.0
257.0 785.0
258.0 748.0
259.0 861.0
260.0 1040.0
261.0 1140.0
262.0 1130.0
263.0 1050.0
264.0 1250.0
265.0 1010.0
266.0 996.0
267.0 1050.0
268.0 985.0
269.0 1070.0
270.0 961.0
271.0 979.0
272.0 1010.0
273.0 1050.0
274.0 993.0
275.0 1270.0
276.0 967.0
277.0 966.0
278.0 965.0
279.0 942.0
280.0 995.0
281.0 951.0
282.0 964.0
283.0 986.0
284.0 955.0
285.0 989.0
286.0 988.0
287.0 1050.0
288.0 852.0
289.0 879.0
290.0 1120.0
291.0 892.0
292.0 918.0
293.0 1040.0
294.0 1190.0
295.0 1230.0
296.0 1220.0
297.0 1090.0
298.0 982.0
299.0 594.0
300.0 9.0
301.0 0.0
302.0 11.0
303.0 107.0
304.0 113.0
305.0 255.0
306.0 739.0
307.0 874.0
308.0 926.0
309.0 829.0
310.0 854.0
311.0 851.0
312.0 897.0
313.0 794.0
314.0 796.0
315.0 762.0
316.0 883.0
317.0 816.0
318.0 968.0
319.0 783.0
320.0 749.0
321.0 772.0
322.0 967.0
323.0 854.0
324.0 739.0
325.0 743.0
326.0 672.0
327.0 823.0
328.0 817.0
329.0 959.0
330.0 793.0
331.0 961.0
332.0 1040.0
333.0 937.0
334.0 948.0
335.0 1010.0
336.0 1100.0
337.0 990.0
338.0 912.0
339.0 1040.0
340.0 937.0
341.0 1130.0
342.0 916.0
343.0 771.0
344.0 351.0
345.0 934.0
346.0 990.0
347.0 1040.0
348.0 977.0
349.0 1080.0
350.0 1270.0
351.0 1120.0
352.0 1080.0
353.0 874.0
354.0 1170.0
355.0 983.0
356.0 1120.0
357.0 1120.0
358.0 1400.0
359.0 1240.0
360.0 1260.0
361.0 1230.0
362.0 1280.0
363.0 1550.0
364.0 1420.0
365.0 1080.0
366.0 1180.0
367.0 1210.0
368.0 1180.0
369.0 1170.0
370.0 1230.0
371.0 1300.0
372.0 1390.0
373.0 1360.0
374.0 1440.0
375.0 1350.0
376.0 1480.0
377.0 1320.0
378.0 1370.0
379.0 1230.0
380.0 1010.0
381.0 861.0
382.0 873.0
383.0 888.0
384.0 1000.0
385.0 881.0
386.0 1080.0
387.0 991.0
388.0 675.0
389.0 791.0
390.0 777.0
391.0 712.0
392.0 592.0
393.0 762.0
394.0 102.0
395.0 2.0
396.0 8.0
397.0 124.0
398.0 115.0
399.0 123.0
400.0 121.0
401.0 107.0
402.0 86.0
403.0 45.0
404.0 48.0
405.0 103.0
406.0 57.0
407.0 102.0
408.0 125.0
409.0 111.0
410.0 465.0
411.0 532.0
412.0 719.0
413.0 707.0
414.0 669.0
415.0 843.0
416.0 668.0
417.0 712.0
418.0 759.0
419.0 772.0
420.0 203.0
421.0 113.0
422.0 119.0
423.0 482.0
424.0 889.0
425.0 988.0
426.0 984.0
427.0 901.0
428.0 897.0
429.0 1150.0
430.0 1020.0
431.0 120.0
432.0 110.0
433.0 414.0
434.0 973.0
435.0 1100.0
436.0 970.0
437.0 1070.0
438.0 1200.0
439.0 957.0
440.0 118.0
441.0 114.0
442.0 83.0
443.0 86.0
444.0 75.0
445.0 212.0
446.0 420.0
447.0 541.0
448.0 617.0
449.0 634.0
450.0 708.0
451.0 912.0
452.0 930.0
453.0 1030.0
454.0 1110.0
455.0 1310.0
456.0 1310.0
457.0 1510.0
458.0 1610.0
459.0 1310.0
460.0 1700.0
461.0 1740.0
462.0 1660.0
463.0 1640.0
464.0 1410.0
465.0 1570.0
466.0 1550.0
467.0 1330.0
468.0 1070.0
469.0 1110.0
470.0 1660.0
471.0 119.0
472.0 114.0
473.0 472.0
474.0 1110.0
475.0 1230.0
476.0 1220.0
477.0 1070.0
478.0 1010.0
479.0 1290.0
480.0 951.0
481.0 462.0
482.0 96.0
483.0 222.0
484.0 1120.0
485.0 1050.0
486.0 1230.0
487.0 1140.0
488.0 1140.0
489.0 1140.0
490.0 1120.0
491.0 1060.0
492.0 950.0
493.0 1200.0
494.0 1190.0
495.0 673.0
496.0 114.0
497.0 118.0
498.0 343.0
499.0 674.0
500.0 501.0
501.0 450.0
502.0 129.0
503.0 43.0
504.0 72.0
505.0 32.0
506.0 47.0
507.0 68.0
508.0 87.0
509.0 113.0
510.0 170.0
511.0 670.0
512.0 740.0
513.0 846.0
514.0 857.0
515.0 828.0
516.0 868.0
517.0 779.0
518.0 747.0
519.0 949.0
520.0 1040.0
521.0 974.0
522.0 1080.0
523.0 914.0
524.0 997.0
525.0 95.0
526.0 71.0
527.0 72.0
528.0 681.0
529.0 917.0
530.0 976.0
531.0 996.0
532.0 1020.0
533.0 898.0
534.0 943.0
535.0 530.0
536.0 993.0
537.0 1040.0
538.0 976.0
539.0 1040.0
540.0 994.0
541.0 1130.0
542.0 986.0
543.0 887.0
544.0 794.0
545.0 653.0
546.0 673.0
547.0 754.0
548.0 866.0
549.0 407.0
550.0 427.0
551.0 932.0
552.0 409.0
553.0 738.0
554.0 838.0
555.0 835.0
556.0 923.0
557.0 801.0
558.0 811.0
559.0 771.0
560.0 737.0
561.0 290.0
562.0 245.0
563.0 715.0
564.0 887.0
565.0 864.0
566.0 699.0
567.0 115.0
568.0 291.0
569.0 754.0
570.0 881.0
571.0 864.0
572.0 950.0
573.0 812.0
574.0 889.0
575.0 961.0
576.0 845.0
577.0 839.0
578.0 806.0
579.0 811.0
580.0 874.0
581.0 867.0
582.0 853.0
583.0 929.0
584.0 985.0
585.0 925.0
586.0 907.0
587.0 911.0
588.0 878.0
589.0 834.0
590.0 741.0
591.0 890.0
592.0 950.0
593.0 478.0
594.0 100.0
595.0 116.0
596.0 118.0
597.0 100.0
598.0 79.0
599.0 119.0
600.0 106.0
601.0 108.0
602.0 113.0
603.0 110.0
604.0 98.0
605.0 108.0
606.0 118.0
607.0 119.0
608.0 91.0
609.0 86.0
610.0 96.0
611.0 95.0
612.0 106.0
613.0 112.0
614.0 90.0
615.0 117.0
616.0 125.0
617.0 105.0
618.0 78.0
619.0 106.0
620.0 107.0
621.0 113.0
622.0 124.0
623.0 108.0
624.0 123.0
625.0 113.0
626.0 101.0
627.0 125.0
628.0 99.0
629.0 121.0
630.0 122.0
631.0 107.0
632.0 684.0
633.0 873.0
634.0 849.0
635.0 812.0
636.0 812.0
637.0 809.0
638.0 822.0
639.0 4.0
640.0 278.0
641.0 106.0
642.0 115.0
643.0 747.0
644.0 1010.0
645.0 1170.0
646.0 1140.0
647.0 1220.0
648.0 1200.0
649.0 1350.0
650.0 1620.0
651.0 1280.0
652.0 1480.0
653.0 1300.0
654.0 1220.0
655.0 1060.0
656.0 1100.0
657.0 1250.0
658.0 1050.0
659.0 1160.0
660.0 935.0
661.0 939.0
662.0 894.0
663.0 923.0
664.0 1070.0
665.0 843.0
666.0 797.0
667.0 771.0
668.0 655.0
669.0 549.0
670.0 419.0
671.0 192.0
672.0 35.0
673.0 64.0
674.0 59.0
675.0 4.0
676.0 22.0
677.0 60.0
678.0 154.0
679.0 128.0
680.0 71.0
681.0 92.0
682.0 45.0
683.0 37.0
684.0 121.0
685.0 118.0
686.0 121.0
687.0 90.0
688.0 306.0
689.0 506.0
690.0 485.0
691.0 358.0
692.0 370.0
693.0 480.0
694.0 477.0
695.0 174.0
696.0 422.0
697.0 900.0
698.0 793.0
699.0 495.0
700.0 638.0
701.0 855.0
702.0 990.0
703.0 1040.0
704.0 876.0
705.0 701.0
706.0 369.0
707.0 155.0
708.0 68.0
709.0 141.0
710.0 0.0
711.0 115.0
712.0 103.0
713.0 102.0
714.0 373.0
715.0 480.0
716.0 592.0
717.0 568.0
718.0 598.0
719.0 117.0
720.0 97.0
721.0 472.0
722.0 629.0
723.0 730.0
724.0 614.0
725.0 649.0
726.0 657.0
727.0 492.0
728.0 672.0
729.0 625.0
730.0 694.0
731.0 718.0
732.0 724.0
733.0 508.0
734.0 640.0
735.0 93.0
736.0 123.0
737.0 265.0
738.0 638.0
739.0 635.0
740.0 719.0
741.0 870.0
742.0 675.0
743.0 770.0
744.0 112.0
745.0 119.0
746.0 124.0
747.0 92.0
748.0 108.0
749.0 114.0
750.0 125.0
751.0 277.0
752.0 379.0
753.0 480.0
754.0 473.0
755.0 490.0
756.0 553.0
757.0 447.0
758.0 575.0
759.0 562.0
760.0 581.0
761.0 500.0
762.0 628.0
763.0 763.0
764.0 751.0
765.0 880.0
766.0 998.0
767.0 574.0
768.0 844.0
769.0 862.0
770.0 796.0
771.0 715.0
772.0 729.0
773.0 1040.0
774.0 1010.0
775.0 114.0
776.0 109.0
777.0 395.0
778.0 761.0
779.0 770.0
780.0 819.0
781.0 802.0
782.0 882.0
783.0 751.0
784.0 892.0
785.0 700.0
786.0 841.0
787.0 943.0
788.0 797.0
789.0 1020.0
790.0 802.0
