0.0 66.0
1.0 160.0
2.0 315.0
3.0 608.0
4.0 820.0
5.0 981.0
6.0 913.0
7.0 928.0
8.0 801.0
9.0 795.0
10.0 734.0
11.0 781.0
12.0 242.0
13.0 118.0
14.0 105.0
15.0 1050.0
16.0 271.0
17.0 124.0
18.0 112.0
19.0 111.0
20.0 116.0
21.0 119.0
22.0 96.0
23.0 90.0
24.0 81.0
25.0 103.0
26.0 102.0
27.0 115.0
28.0 125.0
29.0 102.0
30.0 125.0
31.0 108.0
32.0 107.0
33.0 299.0
34.0 432.0
35.0 455.0
36.0 411.0
37.0 468.0
38.0 590.0
39.0 611.0
40.0 721.0
41.0 716.0
42.0 989.0
43.0 890.0
44.0 917.0
45.0 843.0
46.0 660.0
47.0 740.0
48.0 1150.0
49.0 729.0
50.0 96.0
51.0 125.0
52.0 479.0
53.0 841.0
54.0 330.0
55.0 360.0
56.0 326.0
57.0 533.0
58.0 759.0
59.0 302.0
60.0 47.0
61.0 94.0
62.0 123.0
63.0 633.0
64.0 651.0
65.0 629.0
66.0 96.0
67.0 108.0
68.0 532.0
69.0 637.0
70.0 636.0
71.0 679.0
72.0 470.0
73.0 47.0
74.0 0.0
75.0 0.0
76.0 0.0
77.0 0.0
78.0 0.0
79.0 93.0
80.0 88.0
81.0 540.0
82.0 864.0
83.0 877.0
84.0 705.0
85.0 729.0
86.0 661.0
87.0 895.0
88.0 973.0
89.0 904.0
90.0 1230.0
91.0 1310.0
92.0 1130.0
93.0 850.0
94.0 1150.0
95.0 1310.0
96.0 1440.0
97.0 1410.0
98.0 975.0
99.0 579.0
100.0 109.0
101.0 99.0
102.0 1240.0
103.0 1280.0
104.0 1450.0
105.0 1550.0
106.0 1320.0
107.0 1290.0
108.0 1260.0
109.0 1540.0
110.0 1650.0
111.0 1640.0
112.0 1480.0
113.0 1620.0
114.0 1630.0
115.0 1580.0
116.0 1270.0
117.0 867.0
118.0 1010.0
119.0 928.0
120.0 1070.0
121.0 1250.0
122.0 699.0
123.0 150.0
124.0 0.0
125.0 0.0
126.0 0.0
127.0 0.0
128.0 0.0
129.0 0.0
130.0 114.0
131.0 124.0
132.0 0.0
133.0 10.0
134.0 251.0
135.0 556.0
136.0 721.0
137.0 781.0
138.0 804.0
139.0 714.0
140.0 704.0
141.0 582.0
142.0 777.0
143.0 774.0
144.0 764.0
145.0 740.0
146.0 692.0
147.0 777.0
148.0 809.0
149.0 779.0
150.0 964.0
151.0 555.0
152.0 0.0
153.0 98.0
154.0 107.0
155.0 102.0
156.0 890.0
157.0 297.0
158.0 0.0
159.0 0.0
160.0 0.0
161.0 0.0
162.0 6.0
163.0 104.0
164.0 122.0
165.0 81.0
166.0 116.0
167.0 109.0
168.0 124.0
169.0 97.0
170.0 124.0
171.0 115.0
172.0 80.0
173.0 106.0
174.0 108.0
175.0 106.0
176.0 118.0
177.0 433.0
178.0 678.0
179.0 698.0
180.0 517.0
181.0 613.0
182.0 687.0
183.0 679.0
184.0 518.0
185.0 839.0
186.0 965.0
187.0 966.0
188.0 1050.0
189.0 938.0
190.0 973.0
191.0 1050.0
192.0 1140.0
193.0 899.0
194.0 871.0
195.0 809.0
196.0 1040.0
197.0 925.0
198.0 954.0
199.0 1080.0
200.0 1050.0
201.0 1190.0
202.0 1170.0
203.0 1220.0
204.0 1250.0
205.0 892.0
206.0 996.0
207.0 873.0
208.0 1050.0
209.0 1100.0
210.0 1020.0
211.0 958.0
212.0 1150.0
213.0 1220.0
214.0 1080.0
215.0 906.0
216.0 1030.0
217.0 1160.0
218.0 1210.0
219.0 903.0
220.0 1090.0
221.0 988.0
222.0 1300.0
223.0 931.0
224.0 590.0
225.0 118.0
226.0 125.0
227.0 331.0
228.0 459.0
229.0 621.0
230.0 788.0
231.0 386.0
232.0 27.0
233.0 5.0
234.0 65.0
235.0 85.0
236.0 107.0
237.0 717.0
238.0 685.0
239.0 1040.0
240.0 1010.0
241.0 941.0
242.0 1010.0
243.0 966.0
244.0 0.0
245.0 0.0
246.0 1040.0
247.0 968.0
248.0 1040.0
249.0 1150.0
250.0 928.0
251.0 1010.0
252.0 991.0
253.0 1080.0
254.0 918.0
255.0 1010.0
256.0 1100.0
257.0 970.0
258.0 929.0
259.0 870.0
260.0 1110.0
261.0 986.0
262.0 1080.0
263.0 928.0
264.0 937.0
265.0 938.0
266.0 1010.0
267.0 892.0
268.0 916.0
269.0 948.0
270.0 1020.0
271.0 1000.0
272.0 1240.0
273.0 1040.0
274.0 931.0
275.0 119.0
276.0 106.0
277.0 745.0
278.0 1030.0
279.0 974.0
280.0 1100.0
281.0 1060.0
282.0 1300.0
283.0 995.0
284.0 1110.0
285.0 1070.0
286.0 1130.0
287.0 1050.0
288.0 1100.0
289.0 1120.0
290.0 992.0
291.0 1270.0
292.0 1000.0
293.0 922.0
294.0 971.0
295.0 1290.0
296.0 1300.0
297.0 1350.0
298.0 1310.0
299.0 1240.0
300.0 205.0
301.0 124.0
302.0 105.0
303.0 1100.0
304.0 1220.0
305.0 1180.0
306.0 1150.0
307.0 1080.0
308.0 1300.0
309.0 1310.0
310.0 1410.0
311.0 1350.0
312.0 684.0
313.0 97.0
314.0 84.0
315.0 103.0
316.0 1180.0
317.0 696.0
318.0 593.0
319.0 565.0
320.0 648.0
321.0 676.0
322.0 0.0
323.0 502.0
324.0 865.0
325.0 925.0
326.0 971.0
327.0 860.0
328.0 1040.0
329.0 619.0
330.0 95.0
331.0 118.0
332.0 90.0
333.0 110.0
334.0 543.0
335.0 665.0
336.0 732.0
337.0 739.0
338.0 749.0
339.0 608.0
340.0 563.0
341.0 596.0
342.0 93.0
343.0 93.0
344.0 746.0
345.0 838.0
346.0 780.0
347.0 630.0
348.0 675.0
349.0 705.0
350.0 748.0
351.0 762.0
352.0 593.0
353.0 654.0
354.0 181.0
355.0 465.0
356.0 527.0
357.0 629.0
358.0 163.0
359.0 26.0
360.0 0.0
361.0 65.0
362.0 115.0
363.0 115.0
364.0 123.0
365.0 76.0
366.0 100.0
367.0 124.0
368.0 123.0
369.0 185.0
370.0 41.0
371.0 16.0
372.0 38.0
373.0 13.0
374.0 28.0
375.0 31.0
376.0 25.0
377.0 86.0
378.0 74.0
379.0 24.0
380.0 52.0
381.0 42.0
382.0 4.0
383.0 92.0
384.0 114.0
385.0 204.0
386.0 118.0
387.0 123.0
388.0 105.0
389.0 282.0
390.0 313.0
391.0 326.0
392.0 345.0
393.0 352.0
394.0 369.0
395.0 367.0
396.0 401.0
397.0 447.0
398.0 439.0
399.0 480.0
400.0 505.0
401.0 555.0
402.0 540.0
403.0 562.0
404.0 567.0
405.0 619.0
406.0 580.0
407.0 641.0
408.0 632.0
409.0 616.0
410.0 624.0
411.0 559.0
412.0 713.0
413.0 627.0
414.0 564.0
415.0 704.0
416.0 674.0
417.0 624.0
418.0 550.0
419.0 602.0
420.0 582.0
421.0 565.0
422.0 557.0
423.0 558.0
424.0 504.0
425.0 576.0
426.0 590.0
427.0 904.0
428.0 933.0
429.0 894.0
430.0 729.0
431.0 785.0
432.0 885.0
433.0 739.0
434.0 719.0
435.0 882.0
436.0 898.0
437.0 781.0
438.0 0.0
439.0 0.0
440.0 0.0
441.0 12.0
442.0 98.0
443.0 125.0
444.0 104.0
445.0 124.0
446.0 82.0
447.0 105.0
448.0 125.0
449.0 102.0
450.0 116.0
451.0 119.0
452.0 98.0
453.0 99.0
454.0 121.0
455.0 121.0
456.0 121.0
457.0 119.0
458.0 88.0
459.0 88.0
460.0 125.0
461.0 103.0
462.0 114.0
463.0 110.0
464.0 117.0
465.0 106.0
466.0 125.0
467.0 122.0
468.0 118.0
469.0 112.0
470.0 119.0
471.0 103.0
472.0 102.0
473.0 336.0
474.0 388.0
475.0 365.0
476.0 384.0
477.0 212.0
478.0 358.0
479.0 361.0
480.0 383.0
481.0 409.0
482.0 383.0
483.0 382.0
484.0 425.0
485.0 446.0
486.0 398.0
487.0 465.0
488.0 427.0
489.0 423.0
490.0 460.0
491.0 500.0
492.0 444.0
493.0 427.0
494.0 468.0
495.0 86.0
496.0 361.0
497.0 479.0
498.0 147.0
499.0 57.0
500.0 111.0
501.0 125.0
502.0 456.0
503.0 451.0
504.0 492.0
505.0 445.0
506.0 446.0
507.0 483.0
508.0 475.0
509.0 437.0
510.0 420.0
511.0 479.0
512.0 483.0
513.0 550.0
514.0 513.0
515.0 527.0
516.0 558.0
517.0 470.0
518.0 436.0
519.0 434.0
520.0 503.0
521.0 717.0
522.0 826.0
523.0 506.0
524.0 642.0
525.0 715.0
526.0 864.0
527.0 832.0
528.0 817.0
529.0 845.0
530.0 815.0
531.0 732.0
532.0 738.0
533.0 807.0
534.0 625.0
535.0 385.0
536.0 89.0
537.0 24.0
538.0 36.0
539.0 78.0
540.0 101.0
541.0 105.0
542.0 449.0
543.0 552.0
544.0 571.0
545.0 483.0
546.0 518.0
547.0 562.0
548.0 581.0
549.0 590.0
550.0 654.0
551.0 644.0
552.0 661.0
553.0 640.0
554.0 624.0
555.0 510.0
556.0 705.0
557.0 546.0
558.0 115.0
559.0 102.0
560.0 461.0
561.0 608.0
562.0 606.0
563.0 581.0
564.0 596.0
565.0 641.0
566.0 666.0
567.0 635.0
568.0 686.0
569.0 508.0
570.0 766.0
571.0 681.0
572.0 581.0
573.0 521.0
574.0 573.0
575.0 613.0
576.0 606.0
577.0 720.0
578.0 574.0
579.0 488.0
580.0 599.0
581.0 488.0
582.0 454.0
583.0 5.0
584.0 117.0
585.0 113.0
586.0 244.0
587.0 447.0
588.0 483.0
589.0 555.0
590.0 531.0
591.0 530.0
592.0 499.0
593.0 386.0
594.0 122.0
595.0 134.0
596.0 329.0
597.0 371.0
598.0 333.0
599.0 249.0
600.0 126.0
601.0 92.0
602.0 186.0
603.0 30.0
604.0 84.0
605.0 102.0
606.0 30.0
607.0 77.0
608.0 173.0
609.0 187.0
610.0 190.0
611.0 61.0
612.0 114.0
613.0 120.0
614.0 106.0
615.0 118.0
616.0 264.0
617.0 290.0
618.0 344.0
619.0 287.0
620.0 1.0
621.0 0.0
622.0 0.0
623.0 0.0
624.0 0.0
625.0 10.0
626.0 116.0
627.0 194.0
628.0 312.0
629.0 374.0
630.0 388.0
631.0 404.0
632.0 426.0
633.0 433.0
634.0 452.0
635.0 437.0
636.0 451.0
637.0 450.0
638.0 426.0
639.0 478.0
640.0 55.0
641.0 115.0
642.0 0.0
643.0 4.0
644.0 109.0
645.0 99.0
646.0 153.0
647.0 234.0
648.0 311.0
649.0 344.0
650.0 317.0
651.0 345.0
652.0 361.0
653.0 345.0
654.0 11.0
655.0 179.0
656.0 113.0
657.0 44.0
658.0 19.0
659.0 167.0
660.0 247.0
661.0 126.0
662.0 242.0
663.0 262.0
664.0 258.0
665.0 255.0
666.0 104.0
667.0 196.0
668.0 249.0
669.0 267.0
670.0 336.0
671.0 329.0
672.0 355.0
673.0 348.0
674.0 376.0
675.0 421.0
676.0 432.0
677.0 422.0
678.0 344.0
679.0 396.0
680.0 441.0
681.0 459.0
682.0 453.0
683.0 483.0
684.0 415.0
685.0 354.0
686.0 12.0
687.0 47.0
688.0 54.0
689.0 2.0
690.0 76.0
691.0 63.0
692.0 276.0
693.0 153.0
694.0 19.0
695.0 175.0
696.0 0.0
697.0 6.0
698.0 107.0
699.0 120.0
700.0 198.0
701.0 346.0
702.0 445.0
703.0 395.0
704.0 464.0
705.0 464.0
706.0 455.0
707.0 473.0
708.0 461.0
709.0 522.0
710.0 482.0
711.0 499.0
712.0 476.0
713.0 441.0
714.0 420.0
715.0 570.0
716.0 585.0
717.0 457.0
718.0 449.0
719.0 577.0
720.0 566.0
721.0 505.0
722.0 467.0
723.0 460.0
724.0 572.0
725.0 818.0
726.0 486.0
727.0 587.0
728.0 704.0
729.0 822.0
730.0 719.0
731.0 652.0
732.0 454.0
733.0 383.0
734.0 8.0
735.0 24.0
736.0 3.0
737.0 28.0
738.0 1.0
739.0 0.0
740.0 2.0
741.0 7.0
742.0 3.0
743.0 9.0
744.0 0.0
745.0 104.0
746.0 86.0
747.0 120.0
748.0 157.0
749.0 268.0
750.0 173.0
751.0 75.0
752.0 85.0
753.0 119.0
754.0 122.0
755.0 113.0
756.0 119.0
757.0 107.0
758.0 115.0
759.0 91.0
760.0 88.0
761.0 122.0
762.0 124.0
763.0 108.0
764.0 115.0
765.0 119.0
766.0 92.0
767.0 123.0
768.0 121.0
769.0 117.0
770.0 136.0
771.0 133.0
772.0 160.0
773.0 174.0
774.0 186.0
775.0 216.0
776.0 265.0
777.0 298.0
778.0 375.0
779.0 376.0
780.0 387.0
781.0 408.0
782.0 426.0
783.0 426.0
784.0 460.0
785.0 491.0
786.0 489.0
787.0 440.0
788.0 448.0
789.0 488.0
790.0 635.0
791.0 538.0
792.0 555.0
793.0 694.0
794.0 631.0
795.0 569.0
796.0 599.0
797.0 519.0
798.0 266.0
