0.0 320.0
1.0 691.0
2.0 848.0
3.0 988.0
4.0 1220.0
5.0 1220.0
6.0 1350.0
7.0 1120.0
8.0 1250.0
9.0 1110.0
10.0 1350.0
11.0 1380.0
12.0 1330.0
13.0 1080.0
14.0 1330.0
15.0 1200.0
16.0 1160.0
17.0 1270.0
18.0 1330.0
19.0 1420.0
20.0 119.0
21.0 0.0
22.0 0.0
23.0 0.0
24.0 0.0
25.0 0.0
26.0 0.0
27.0 0.0
28.0 0.0
29.0 0.0
30.0 0.0
31.0 0.0
32.0 0.0
33.0 91.0
34.0 102.0
35.0 119.0
36.0 111.0
37.0 121.0
38.0 85.0
39.0 235.0
40.0 772.0
41.0 775.0
42.0 196.0
43.0 127.0
44.0 111.0
45.0 347.0
46.0 128.0
47.0 322.0
48.0 374.0
49.0 730.0
50.0 777.0
51.0 296.0
52.0 358.0
53.0 549.0
54.0 580.0
55.0 462.0
56.0 401.0
57.0 112.0
58.0 114.0
59.0 122.0
60.0 533.0
61.0 735.0
62.0 669.0
63.0 695.0
64.0 838.0
65.0 879.0
66.0 924.0
67.0 220.0
68.0 238.0
69.0 1320.0
70.0 1370.0
71.0 1290.0
72.0 1450.0
73.0 1440.0
74.0 1070.0
75.0 1070.0
76.0 1270.0
77.0 1460.0
78.0 1450.0
79.0 1550.0
80.0 1690.0
81.0 1670.0
82.0 1630.0
83.0 1330.0
84.0 1460.0
85.0 1340.0
86.0 1350.0
87.0 1470.0
88.0 1320.0
89.0 1120.0
90.0 97.0
91.0 119.0
92.0 748.0
93.0 1180.0
94.0 1380.0
95.0 1610.0
96.0 1360.0
97.0 1310.0
98.0 1440.0
99.0 1390.0
100.0 1550.0
101.0 1390.0
102.0 1510.0
103.0 1420.0
104.0 1380.0
105.0 1550.0
106.0 1530.0
107.0 1280.0
108.0 1630.0
109.0 1580.0
110.0 1720.0
111.0 1690.0
112.0 1380.0
113.0 1210.0
114.0 958.0
115.0 1090.0
116.0 1570.0
117.0 1880.0
118.0 1770.0
119.0 1520.0
120.0 1770.0
121.0 1460.0
122.0 1680.0
123.0 1780.0
124.0 1740.0
125.0 1670.0
126.0 1730.0
127.0 1600.0
128.0 1690.0
129.0 1400.0
130.0 1560.0
131.0 1730.0
132.0 1070.0
133.0 1240.0
134.0 1600.0
135.0 1580.0
136.0 1040.0
137.0 1340.0
138.0 1340.0
139.0 1610.0
140.0 1300.0
141.0 939.0
142.0 567.0
143.0 812.0
144.0 881.0
145.0 786.0
146.0 1060.0
147.0 1200.0
148.0 1510.0
149.0 1370.0
150.0 262.0
151.0 85.0
152.0 165.0
153.0 298.0
154.0 611.0
155.0 90.0
156.0 584.0
157.0 687.0
158.0 601.0
159.0 544.0
160.0 4.0
161.0 0.0
162.0 0.0
163.0 0.0
164.0 102.0
165.0 121.0
166.0 85.0
167.0 106.0
168.0 88.0
169.0 96.0
170.0 123.0
171.0 114.0
172.0 97.0
173.0 113.0
174.0 116.0
175.0 123.0
176.0 125.0
177.0 277.0
178.0 390.0
179.0 440.0
180.0 592.0
181.0 614.0
182.0 686.0
183.0 763.0
184.0 504.0
185.0 603.0
186.0 615.0
187.0 690.0
188.0 681.0
189.0 624.0
190.0 609.0
191.0 349.0
192.0 166.0
193.0 675.0
194.0 686.0
195.0 725.0
196.0 764.0
197.0 723.0
198.0 875.0
199.0 697.0
200.0 16.0
201.0 609.0
202.0 624.0
203.0 568.0
204.0 376.0
205.0 249.0
206.0 601.0
207.0 450.0
208.0 577.0
209.0 527.0
210.0 87.0
211.0 193.0
212.0 12.0
213.0 44.0
214.0 29.0
215.0 27.0
216.0 24.0
217.0 21.0
218.0 74.0
219.0 23.0
220.0 26.0
221.0 19.0
222.0 12.0
223.0 22.0
224.0 17.0
225.0 10.0
226.0 11.0
227.0 98.0
228.0 104.0
229.0 115.0
230.0 145.0
231.0 202.0
232.0 264.0
233.0 361.0
234.0 407.0
235.0 482.0
236.0 512.0
237.0 576.0
238.0 543.0
239.0 579.0
240.0 382.0
241.0 301.0
242.0 176.0
243.0 92.0
244.0 14.0
245.0 5.0
246.0 23.0
247.0 9.0
248.0 56.0
249.0 451.0
250.0 122.0
251.0 31.0
252.0 82.0
253.0 182.0
254.0 520.0
255.0 4.0
256.0 2.0
257.0 38.0
258.0 22.0
259.0 25.0
260.0 33.0
261.0 31.0
262.0 58.0
263.0 34.0
264.0 36.0
265.0 52.0
266.0 45.0
267.0 58.0
268.0 36.0
269.0 47.0
270.0 49.0
271.0 41.0
272.0 119.0
273.0 103.0
274.0 118.0
275.0 199.0
276.0 268.0
277.0 379.0
278.0 460.0
279.0 547.0
280.0 535.0
281.0 688.0
282.0 792.0
283.0 817.0
284.0 842.0
285.0 1050.0
286.0 983.0
287.0 1050.0
288.0 1040.0
289.0 1260.0
290.0 1140.0
291.0 998.0
292.0 938.0
293.0 998.0
294.0 1010.0
295.0 1040.0
296.0 1230.0
297.0 1230.0
298.0 1110.0
299.0 1240.0
300.0 1140.0
301.0 1160.0
302.0 1020.0
303.0 1050.0
304.0 1230.0
305.0 1330.0
306.0 1110.0
307.0 32.0
308.0 0.0
309.0 0.0
310.0 0.0
311.0 0.0
312.0 106.0
313.0 101.0
314.0 479.0
315.0 1060.0
316.0 835.0
317.0 1070.0
318.0 334.0
319.0 566.0
320.0 905.0
321.0 916.0
322.0 1040.0
323.0 873.0
324.0 239.0
325.0 650.0
326.0 319.0
327.0 928.0
328.0 77.0
329.0 118.0
330.0 673.0
331.0 961.0
332.0 956.0
333.0 999.0
334.0 901.0
335.0 1100.0
336.0 1090.0
337.0 827.0
338.0 866.0
339.0 687.0
340.0 709.0
341.0 737.0
342.0 908.0
343.0 954.0
344.0 1000.0
345.0 946.0
346.0 1120.0
347.0 1120.0
348.0 1180.0
349.0 809.0
350.0 1140.0
351.0 1100.0
352.0 1170.0
353.0 983.0
354.0 725.0
355.0 844.0
356.0 1070.0
357.0 1030.0
358.0 826.0
359.0 966.0
360.0 1170.0
361.0 723.0
362.0 1060.0
363.0 1260.0
364.0 1200.0
365.0 868.0
366.0 1070.0
367.0 1130.0
368.0 727.0
369.0 1160.0
370.0 64.0
371.0 1290.0
372.0 1360.0
373.0 1710.0
374.0 1420.0
375.0 1150.0
376.0 1200.0
377.0 1210.0
378.0 1050.0
379.0 300.0
380.0 940.0
381.0 956.0
382.0 943.0
383.0 1070.0
384.0 947.0
385.0 1100.0
386.0 931.0
387.0 753.0
388.0 130.0
389.0 83.0
390.0 128.0
391.0 82.0
392.0 71.0
393.0 30.0
394.0 97.0
395.0 72.0
396.0 67.0
397.0 59.0
398.0 59.0
399.0 53.0
400.0 54.0
401.0 44.0
402.0 47.0
403.0 61.0
404.0 54.0
405.0 68.0
406.0 36.0
407.0 71.0
408.0 74.0
409.0 35.0
410.0 15.0
411.0 33.0
412.0 25.0
413.0 83.0
414.0 109.0
415.0 123.0
416.0 125.0
417.0 93.0
418.0 115.0
419.0 278.0
420.0 549.0
421.0 559.0
422.0 575.0
423.0 568.0
424.0 538.0
425.0 398.0
426.0 111.0
427.0 305.0
428.0 391.0
429.0 519.0
430.0 342.0
431.0 327.0
432.0 10.0
433.0 78.0
434.0 192.0
435.0 381.0
436.0 615.0
437.0 751.0
438.0 42.0
439.0 521.0
440.0 568.0
441.0 607.0
442.0 723.0
443.0 674.0
444.0 590.0
445.0 706.0
446.0 767.0
447.0 821.0
448.0 845.0
449.0 764.0
450.0 797.0
451.0 669.0
452.0 221.0
453.0 119.0
454.0 672.0
455.0 982.0
456.0 1070.0
457.0 1070.0
458.0 1040.0
459.0 1060.0
460.0 1020.0
461.0 1090.0
462.0 1100.0
463.0 1160.0
464.0 1150.0
465.0 998.0
466.0 1160.0
467.0 1220.0
468.0 1250.0
469.0 1420.0
470.0 1450.0
471.0 1500.0
472.0 1420.0
473.0 1620.0
474.0 1440.0
475.0 1640.0
476.0 1660.0
477.0 1730.0
478.0 616.0
479.0 107.0
480.0 101.0
481.0 15.0
482.0 37.0
483.0 127.0
484.0 112.0
485.0 833.0
486.0 1390.0
487.0 311.0
488.0 98.0
489.0 202.0
490.0 834.0
491.0 777.0
492.0 1090.0
493.0 1100.0
494.0 920.0
495.0 895.0
496.0 845.0
497.0 905.0
498.0 835.0
499.0 1030.0
500.0 1080.0
501.0 1120.0
502.0 921.0
503.0 976.0
504.0 898.0
505.0 799.0
506.0 905.0
507.0 608.0
508.0 715.0
509.0 739.0
510.0 808.0
511.0 967.0
512.0 982.0
513.0 974.0
514.0 936.0
515.0 978.0
516.0 907.0
517.0 785.0
518.0 812.0
519.0 1060.0
520.0 1050.0
521.0 975.0
522.0 969.0
523.0 993.0
524.0 1060.0
525.0 1070.0
526.0 1050.0
527.0 1160.0
528.0 1140.0
529.0 1060.0
530.0 1060.0
531.0 939.0
532.0 516.0
533.0 801.0
534.0 747.0
535.0 912.0
536.0 909.0
537.0 599.0
538.0 1040.0
539.0 722.0
540.0 601.0
541.0 792.0
542.0 700.0
543.0 517.0
544.0 95.0
545.0 116.0
546.0 270.0
547.0 629.0
548.0 590.0
549.0 381.0
550.0 756.0
551.0 825.0
552.0 815.0
553.0 731.0
554.0 764.0
555.0 718.0
556.0 732.0
557.0 676.0
558.0 531.0
559.0 718.0
560.0 771.0
561.0 553.0
562.0 594.0
563.0 320.0
564.0 705.0
565.0 691.0
566.0 415.0
567.0 95.0
568.0 265.0
569.0 491.0
570.0 353.0
571.0 340.0
572.0 541.0
573.0 48.0
574.0 43.0
575.0 65.0
576.0 121.0
577.0 121.0
578.0 86.0
579.0 101.0
580.0 51.0
581.0 56.0
582.0 49.0
583.0 30.0
584.0 120.0
585.0 88.0
586.0 113.0
587.0 86.0
588.0 101.0
589.0 115.0
590.0 103.0
591.0 82.0
592.0 99.0
593.0 120.0
594.0 112.0
595.0 84.0
596.0 122.0
597.0 98.0
598.0 115.0
599.0 84.0
600.0 120.0
601.0 100.0
602.0 120.0
603.0 111.0
604.0 105.0
605.0 103.0
606.0 94.0
607.0 118.0
608.0 94.0
609.0 124.0
610.0 118.0
611.0 103.0
612.0 104.0
613.0 125.0
614.0 80.0
615.0 124.0
616.0 87.0
617.0 117.0
618.0 100.0
619.0 88.0
620.0 104.0
621.0 111.0
622.0 118.0
623.0 110.0
624.0 112.0
625.0 116.0
626.0 92.0
627.0 100.0
628.0 115.0
629.0 116.0
630.0 121.0
631.0 93.0
632.0 343.0
633.0 818.0
634.0 874.0
635.0 966.0
636.0 982.0
637.0 998.0
638.0 1030.0
639.0 891.0
640.0 906.0
641.0 845.0
642.0 1010.0
643.0 85.0
644.0 88.0
645.0 71.0
646.0 102.0
647.0 157.0
648.0 154.0
649.0 123.0
650.0 123.0
651.0 101.0
652.0 84.0
653.0 144.0
654.0 130.0
655.0 136.0
656.0 61.0
657.0 116.0
658.0 81.0
659.0 116.0
660.0 89.0
661.0 109.0
662.0 115.0
663.0 76.0
664.0 97.0
665.0 109.0
666.0 177.0
667.0 207.0
668.0 376.0
669.0 415.0
670.0 513.0
671.0 474.0
672.0 527.0
673.0 288.0
674.0 468.0
675.0 203.0
676.0 36.0
677.0 82.0
678.0 37.0
679.0 7.0
680.0 9.0
681.0 2.0
682.0 0.0
683.0 0.0
684.0 8.0
685.0 3.0
686.0 18.0
687.0 111.0
688.0 113.0
689.0 369.0
690.0 495.0
691.0 565.0
692.0 582.0
693.0 658.0
694.0 763.0
695.0 802.0
696.0 103.0
697.0 116.0
698.0 77.0
699.0 37.0
700.0 115.0
701.0 74.0
702.0 57.0
703.0 58.0
704.0 47.0
705.0 33.0
706.0 123.0
707.0 104.0
708.0 68.0
709.0 59.0
710.0 25.0
711.0 90.0
712.0 72.0
713.0 101.0
714.0 78.0
715.0 98.0
716.0 83.0
717.0 95.0
718.0 193.0
719.0 226.0
720.0 213.0
721.0 53.0
722.0 0.0
723.0 0.0
724.0 123.0
725.0 114.0
726.0 102.0
727.0 162.0
728.0 216.0
729.0 114.0
730.0 115.0
731.0 115.0
732.0 98.0
733.0 114.0
734.0 122.0
735.0 115.0
736.0 82.0
737.0 120.0
738.0 110.0
739.0 113.0
740.0 118.0
741.0 32.0
742.0 111.0
743.0 122.0
744.0 65.0
745.0 104.0
746.0 101.0
747.0 85.0
748.0 68.0
749.0 57.0
750.0 42.0
751.0 119.0
752.0 86.0
753.0 270.0
754.0 257.0
755.0 257.0
756.0 284.0
757.0 318.0
758.0 300.0
759.0 315.0
760.0 452.0
761.0 517.0
762.0 659.0
763.0 733.0
764.0 808.0
765.0 853.0
766.0 821.0
767.0 962.0
768.0 846.0
769.0 816.0
770.0 933.0
771.0 892.0
772.0 926.0
773.0 874.0
774.0 1060.0
775.0 932.0
776.0 811.0
777.0 1010.0
778.0 989.0
779.0 926.0
780.0 976.0
781.0 928.0
782.0 958.0
783.0 1140.0
784.0 1040.0
785.0 933.0
786.0 895.0
787.0 1010.0
788.0 1240.0
789.0 1440.0
790.0 1100.0
791.0 1150.0
792.0 1210.0
793.0 1180.0
794.0 1240.0
795.0 1150.0
796.0 786.0
797.0 1070.0
798.0 106.0
