0.0 39.0
1.0 25.0
2.0 108.0
3.0 139.0
4.0 302.0
5.0 465.0
6.0 593.0
7.0 386.0
8.0 4.0
9.0 44.0
10.0 101.0
11.0 101.0
12.0 108.0
13.0 88.0
14.0 119.0
15.0 107.0
16.0 113.0
17.0 107.0
18.0 99.0
19.0 108.0
20.0 119.0
21.0 94.0
22.0 87.0
23.0 0.0
24.0 10.0
25.0 15.0
26.0 92.0
27.0 117.0
28.0 104.0
29.0 385.0
30.0 594.0
31.0 565.0
32.0 604.0
33.0 562.0
34.0 616.0
35.0 737.0
36.0 770.0
37.0 525.0
38.0 26.0
39.0 5.0
40.0 2.0
41.0 31.0
42.0 19.0
43.0 37.0
44.0 111.0
45.0 85.0
46.0 110.0
47.0 114.0
48.0 108.0
49.0 171.0
50.0 137.0
51.0 83.0
52.0 100.0
53.0 104.0
54.0 105.0
55.0 48.0
56.0 65.0
57.0 59.0
58.0 25.0
59.0 22.0
60.0 17.0
61.0 33.0
62.0 27.0
63.0 98.0
64.0 110.0
65.0 116.0
66.0 82.0
67.0 85.0
68.0 246.0
69.0 195.0
70.0 162.0
71.0 126.0
72.0 121.0
73.0 117.0
74.0 119.0
75.0 83.0
76.0 115.0
77.0 122.0
78.0 99.0
79.0 125.0
80.0 119.0
81.0 865.0
82.0 773.0
83.0 968.0
84.0 1010.0
85.0 936.0
86.0 912.0
87.0 907.0
88.0 61.0
89.0 78.0
90.0 117.0
91.0 108.0
92.0 1010.0
93.0 827.0
94.0 730.0
95.0 1040.0
96.0 681.0
97.0 604.0
98.0 133.0
99.0 69.0
100.0 400.0
101.0 735.0
102.0 49.0
103.0 65.0
104.0 118.0
105.0 122.0
106.0 108.0
107.0 117.0
108.0 103.0
109.0 103.0
110.0 409.0
111.0 415.0
112.0 370.0
113.0 347.0
114.0 288.0
115.0 144.0
116.0 86.0
117.0 31.0
118.0 168.0
119.0 176.0
120.0 110.0
121.0 518.0
122.0 511.0
123.0 145.0
124.0 66.0
125.0 76.0
126.0 61.0
127.0 55.0
128.0 44.0
129.0 39.0
130.0 86.0
131.0 98.0
132.0 122.0
133.0 116.0
134.0 67.0
135.0 54.0
136.0 111.0
137.0 290.0
138.0 228.0
139.0 181.0
140.0 170.0
141.0 68.0
142.0 53.0
143.0 76.0
144.0 52.0
145.0 35.0
146.0 43.0
147.0 33.0
148.0 67.0
149.0 120.0
150.0 112.0
151.0 61.0
152.0 67.0
153.0 60.0
154.0 84.0
155.0 55.0
156.0 65.0
157.0 109.0
158.0 103.0
159.0 124.0
160.0 125.0
161.0 118.0
162.0 108.0
163.0 111.0
164.0 108.0
165.0 120.0
166.0 86.0
167.0 116.0
168.0 121.0
169.0 100.0
170.0 564.0
171.0 892.0
172.0 915.0
173.0 775.0
174.0 752.0
175.0 695.0
176.0 723.0
177.0 694.0
178.0 761.0
179.0 713.0
180.0 740.0
181.0 843.0
182.0 839.0
183.0 621.0
184.0 388.0
185.0 122.0
186.0 369.0
187.0 321.0
188.0 92.0
189.0 116.0
190.0 119.0
191.0 103.0
192.0 101.0
193.0 100.0
194.0 853.0
195.0 437.0
196.0 1140.0
197.0 1230.0
198.0 1010.0
199.0 116.0
200.0 154.0
201.0 112.0
202.0 120.0
203.0 78.0
204.0 86.0
205.0 150.0
206.0 155.0
207.0 121.0
208.0 784.0
209.0 902.0
210.0 1010.0
211.0 1140.0
212.0 1110.0
213.0 1000.0
214.0 1240.0
215.0 1280.0
216.0 1100.0
217.0 1420.0
218.0 1340.0
219.0 1370.0
220.0 1330.0
221.0 1500.0
222.0 1700.0
223.0 1580.0
224.0 1490.0
225.0 1740.0
226.0 1550.0
227.0 1480.0
228.0 1130.0
229.0 1440.0
230.0 1550.0
231.0 1180.0
232.0 1670.0
233.0 1540.0
234.0 1400.0
235.0 1580.0
236.0 1260.0
237.0 1650.0
238.0 1610.0
239.0 1330.0
240.0 1540.0
241.0 1400.0
242.0 1220.0
243.0 1070.0
244.0 1260.0
245.0 1430.0
246.0 1380.0
247.0 1610.0
248.0 1350.0
249.0 1290.0
