0.0 170.0
1.0 304.0
2.0 484.0
3.0 544.0
4.0 684.0
5.0 695.0
6.0 358.0
7.0 99.0
8.0 123.0
9.0 237.0
10.0 75.0
11.0 94.0
12.0 120.0
13.0 140.0
14.0 409.0
15.0 653.0
16.0 755.0
17.0 740.0
18.0 632.0
19.0 702.0
20.0 664.0
21.0 612.0
22.0 614.0
23.0 699.0
24.0 717.0
25.0 1210.0
26.0 798.0
27.0 809.0
28.0 649.0
29.0 428.0
30.0 289.0
31.0 185.0
32.0 675.0
33.0 705.0
34.0 753.0
35.0 767.0
36.0 455.0
37.0 441.0
38.0 76.0
39.0 108.0
40.0 627.0
41.0 1040.0
42.0 910.0
43.0 832.0
44.0 759.0
45.0 685.0
46.0 801.0
47.0 601.0
48.0 100.0
49.0 99.0
50.0 802.0
51.0 1170.0
52.0 1190.0
53.0 1110.0
54.0 798.0
55.0 817.0
56.0 1010.0
57.0 1040.0
58.0 761.0
59.0 823.0
60.0 872.0
61.0 971.0
62.0 892.0
63.0 729.0
64.0 104.0
65.0 114.0
66.0 456.0
67.0 642.0
68.0 616.0
69.0 762.0
70.0 670.0
71.0 594.0
72.0 733.0
73.0 816.0
74.0 732.0
75.0 839.0
76.0 578.0
77.0 641.0
78.0 590.0
79.0 688.0
80.0 679.0
81.0 661.0
82.0 623.0
83.0 686.0
84.0 610.0
85.0 648.0
86.0 852.0
87.0 998.0
88.0 832.0
89.0 1020.0
90.0 1010.0
91.0 873.0
92.0 929.0
93.0 452.0
94.0 107.0
95.0 509.0
96.0 1430.0
97.0 1270.0
98.0 1240.0
99.0 1080.0
100.0 1270.0
101.0 1570.0
102.0 1540.0
103.0 1650.0
104.0 1640.0
105.0 1630.0
106.0 1620.0
107.0 1570.0
108.0 1300.0
109.0 723.0
110.0 549.0
111.0 831.0
112.0 1020.0
113.0 1310.0
114.0 1320.0
115.0 687.0
116.0 611.0
117.0 177.0
118.0 92.0
119.0 110.0
120.0 99.0
121.0 78.0
122.0 100.0
123.0 98.0
124.0 88.0
125.0 97.0
126.0 114.0
127.0 121.0
128.0 115.0
129.0 121.0
130.0 114.0
131.0 102.0
132.0 93.0
133.0 110.0
134.0 388.0
135.0 491.0
136.0 510.0
137.0 544.0
138.0 625.0
139.0 601.0
140.0 661.0
141.0 799.0
142.0 880.0
143.0 810.0
144.0 404.0
145.0 101.0
146.0 366.0
147.0 752.0
148.0 878.0
149.0 813.0
150.0 1100.0
151.0 1310.0
152.0 1300.0
153.0 1720.0
154.0 1790.0
155.0 1390.0
156.0 1560.0
157.0 1360.0
158.0 950.0
159.0 894.0
160.0 768.0
161.0 12.0
162.0 3.0
163.0 112.0
164.0 122.0
165.0 117.0
166.0 115.0
167.0 118.0
168.0 94.0
169.0 100.0
170.0 91.0
171.0 111.0
172.0 110.0
173.0 101.0
174.0 90.0
175.0 105.0
176.0 308.0
177.0 473.0
178.0 493.0
179.0 553.0
180.0 486.0
181.0 541.0
182.0 512.0
183.0 37.0
184.0 464.0
185.0 638.0
186.0 638.0
187.0 216.0
188.0 286.0
189.0 355.0
190.0 235.0
191.0 268.0
192.0 415.0
193.0 410.0
194.0 594.0
195.0 593.0
196.0 491.0
197.0 488.0
198.0 456.0
199.0 390.0
200.0 626.0
201.0 512.0
202.0 479.0
203.0 362.0
204.0 369.0
205.0 99.0
206.0 292.0
207.0 337.0
208.0 239.0
209.0 230.0
210.0 408.0
211.0 374.0
212.0 385.0
213.0 229.0
214.0 147.0
215.0 347.0
216.0 214.0
217.0 90.0
218.0 307.0
219.0 326.0
220.0 376.0
221.0 352.0
222.0 206.0
223.0 261.0
224.0 56.0
225.0 11.0
226.0 0.0
227.0 118.0
228.0 103.0
229.0 119.0
230.0 597.0
231.0 721.0
232.0 823.0
233.0 828.0
234.0 852.0
235.0 761.0
236.0 845.0
237.0 831.0
238.0 741.0
239.0 734.0
240.0 742.0
241.0 789.0
242.0 849.0
243.0 931.0
244.0 1150.0
245.0 962.0
246.0 1160.0
247.0 1090.0
248.0 1080.0
249.0 1070.0
250.0 1100.0
251.0 1260.0
252.0 1090.0
253.0 1070.0
254.0 1040.0
255.0 1210.0
256.0 1280.0
257.0 1090.0
258.0 969.0
259.0 1230.0
260.0 1010.0
261.0 1080.0
262.0 1150.0
263.0 1120.0
264.0 1060.0
265.0 1140.0
266.0 1150.0
267.0 1130.0
268.0 936.0
269.0 1130.0
270.0 1020.0
271.0 1010.0
272.0 857.0
273.0 107.0
274.0 119.0
275.0 847.0
276.0 859.0
277.0 902.0
278.0 1010.0
279.0 981.0
280.0 935.0
281.0 989.0
282.0 865.0
283.0 791.0
284.0 952.0
285.0 1130.0
286.0 974.0
287.0 922.0
288.0 916.0
289.0 838.0
290.0 1040.0
291.0 1210.0
292.0 942.0
293.0 1020.0
294.0 1050.0
295.0 1030.0
296.0 1050.0
297.0 1200.0
298.0 1110.0
299.0 1040.0
300.0 997.0
301.0 1280.0
302.0 1010.0
303.0 868.0
304.0 1030.0
305.0 968.0
306.0 285.0
307.0 117.0
308.0 497.0
309.0 891.0
310.0 876.0
311.0 967.0
312.0 1290.0
313.0 1190.0
314.0 1340.0
315.0 1520.0
316.0 1390.0
317.0 1430.0
318.0 1480.0
319.0 1560.0
320.0 1630.0
321.0 1420.0
322.0 1600.0
323.0 1670.0
324.0 1350.0
325.0 1130.0
326.0 1550.0
327.0 1500.0
328.0 1120.0
329.0 1290.0
330.0 1490.0
331.0 1540.0
332.0 1550.0
333.0 1160.0
334.0 1170.0
335.0 1300.0
336.0 1360.0
337.0 1370.0
338.0 1160.0
339.0 1310.0
340.0 1300.0
341.0 1350.0
342.0 1300.0
343.0 1170.0
344.0 1370.0
345.0 1250.0
346.0 114.0
347.0 122.0
348.0 754.0
349.0 777.0
350.0 843.0
351.0 649.0
352.0 835.0
353.0 779.0
354.0 864.0
355.0 842.0
356.0 753.0
357.0 699.0
358.0 595.0
359.0 220.0
360.0 179.0
361.0 105.0
362.0 115.0
363.0 95.0
364.0 121.0
365.0 85.0
366.0 108.0
367.0 120.0
368.0 163.0
369.0 465.0
370.0 301.0
371.0 180.0
372.0 82.0
373.0 117.0
374.0 111.0
375.0 56.0
376.0 0.0
377.0 0.0
378.0 0.0
379.0 0.0
380.0 0.0
381.0 0.0
382.0 0.0
383.0 0.0
384.0 0.0
385.0 0.0
386.0 117.0
387.0 121.0
388.0 123.0
389.0 0.0
390.0 0.0
391.0 0.0
392.0 5.0
393.0 127.0
394.0 271.0
395.0 474.0
396.0 492.0
397.0 504.0
398.0 220.0
399.0 121.0
400.0 335.0
401.0 603.0
402.0 671.0
403.0 770.0
404.0 764.0
405.0 793.0
406.0 109.0
407.0 639.0
408.0 763.0
409.0 744.0
410.0 735.0
411.0 842.0
412.0 937.0
413.0 929.0
414.0 830.0
415.0 881.0
416.0 870.0
417.0 846.0
418.0 882.0
419.0 852.0
420.0 786.0
421.0 153.0
422.0 10.0
423.0 6.0
424.0 106.0
425.0 105.0
426.0 105.0
427.0 94.0
428.0 123.0
429.0 107.0
430.0 116.0
431.0 92.0
432.0 125.0
433.0 122.0
434.0 116.0
435.0 115.0
436.0 110.0
437.0 143.0
438.0 275.0
439.0 296.0
440.0 134.0
441.0 13.0
442.0 18.0
443.0 100.0
444.0 112.0
445.0 96.0
446.0 87.0
447.0 95.0
448.0 93.0
449.0 130.0
450.0 98.0
451.0 2.0
452.0 16.0
453.0 63.0
454.0 61.0
455.0 53.0
456.0 6.0
457.0 99.0
458.0 107.0
459.0 120.0
460.0 119.0
461.0 98.0
462.0 94.0
463.0 112.0
464.0 123.0
465.0 100.0
466.0 186.0
467.0 221.0
468.0 78.0
469.0 56.0
470.0 14.0
471.0 43.0
472.0 37.0
473.0 43.0
474.0 117.0
475.0 251.0
476.0 245.0
477.0 249.0
478.0 233.0
479.0 58.0
480.0 56.0
481.0 52.0
482.0 63.0
483.0 141.0
484.0 61.0
485.0 125.0
486.0 91.0
487.0 300.0
488.0 368.0
489.0 347.0
490.0 400.0
491.0 388.0
492.0 346.0
493.0 404.0
494.0 337.0
495.0 430.0
496.0 390.0
497.0 421.0
498.0 497.0
499.0 508.0
500.0 593.0
501.0 611.0
502.0 673.0
503.0 706.0
504.0 775.0
505.0 779.0
506.0 833.0
507.0 797.0
508.0 942.0
509.0 909.0
510.0 582.0
511.0 966.0
512.0 1070.0
513.0 1030.0
514.0 686.0
515.0 974.0
516.0 1010.0
517.0 856.0
518.0 632.0
519.0 964.0
520.0 952.0
521.0 1040.0
522.0 1140.0
523.0 916.0
524.0 1020.0
525.0 944.0
526.0 965.0
527.0 781.0
528.0 1010.0
529.0 1090.0
530.0 1240.0
531.0 1040.0
532.0 927.0
533.0 873.0
534.0 640.0
535.0 837.0
536.0 456.0
537.0 438.0
538.0 304.0
539.0 275.0
540.0 577.0
541.0 632.0
542.0 751.0
543.0 751.0
544.0 730.0
545.0 215.0
546.0 159.0
547.0 108.0
548.0 164.0
549.0 422.0
550.0 710.0
551.0 777.0
552.0 731.0
553.0 825.0
554.0 777.0
555.0 664.0
556.0 498.0
557.0 832.0
558.0 756.0
559.0 676.0
560.0 848.0
561.0 686.0
562.0 111.0
563.0 90.0
564.0 566.0
565.0 704.0
566.0 568.0
567.0 575.0
568.0 533.0
569.0 575.0
570.0 511.0
571.0 568.0
572.0 557.0
573.0 781.0
574.0 793.0
575.0 689.0
576.0 853.0
577.0 946.0
578.0 701.0
579.0 943.0
580.0 804.0
581.0 851.0
582.0 1040.0
583.0 1000.0
584.0 881.0
585.0 771.0
586.0 854.0
587.0 121.0
588.0 150.0
589.0 109.0
590.0 132.0
591.0 573.0
592.0 649.0
593.0 292.0
594.0 276.0
595.0 160.0
596.0 186.0
597.0 87.0
598.0 126.0
599.0 117.0
600.0 296.0
601.0 373.0
602.0 415.0
603.0 343.0
604.0 314.0
605.0 436.0
606.0 455.0
607.0 434.0
608.0 497.0
609.0 205.0
610.0 22.0
611.0 135.0
612.0 365.0
613.0 372.0
614.0 39.0
615.0 120.0
616.0 91.0
617.0 89.0
618.0 142.0
619.0 162.0
620.0 164.0
621.0 54.0
622.0 3.0
623.0 109.0
624.0 85.0
625.0 124.0
626.0 43.0
627.0 7.0
628.0 121.0
629.0 99.0
630.0 62.0
631.0 76.0
632.0 21.0
633.0 116.0
634.0 116.0
635.0 108.0
636.0 103.0
637.0 117.0
638.0 111.0
639.0 106.0
640.0 38.0
641.0 106.0
642.0 118.0
643.0 110.0
644.0 9.0
645.0 7.0
646.0 88.0
647.0 115.0
648.0 20.0
649.0 25.0
650.0 105.0
651.0 114.0
652.0 106.0
653.0 83.0
654.0 18.0
655.0 1.0
656.0 14.0
657.0 23.0
658.0 7.0
659.0 17.0
660.0 7.0
661.0 16.0
662.0 11.0
663.0 9.0
664.0 15.0
665.0 11.0
666.0 8.0
667.0 13.0
668.0 13.0
669.0 5.0
670.0 12.0
671.0 9.0
672.0 10.0
673.0 11.0
674.0 12.0
675.0 14.0
676.0 10.0
677.0 14.0
678.0 9.0
679.0 7.0
680.0 8.0
681.0 18.0
682.0 9.0
683.0 10.0
684.0 9.0
685.0 13.0
686.0 11.0
687.0 5.0
688.0 10.0
689.0 13.0
690.0 10.0
691.0 7.0
692.0 11.0
693.0 9.0
694.0 3.0
695.0 10.0
696.0 7.0
697.0 8.0
698.0 8.0
699.0 9.0
700.0 10.0
701.0 8.0
702.0 7.0
703.0 7.0
704.0 8.0
705.0 4.0
706.0 11.0
707.0 5.0
708.0 7.0
709.0 4.0
710.0 8.0
711.0 6.0
712.0 6.0
713.0 6.0
714.0 7.0
715.0 8.0
716.0 7.0
717.0 3.0
718.0 8.0
719.0 3.0
720.0 7.0
721.0 5.0
722.0 5.0
723.0 7.0
724.0 6.0
725.0 9.0
726.0 6.0
727.0 8.0
728.0 9.0
729.0 10.0
730.0 9.0
731.0 4.0
732.0 9.0
733.0 6.0
734.0 8.0
735.0 6.0
736.0 5.0
737.0 4.0
738.0 4.0
739.0 3.0
740.0 5.0
741.0 4.0
742.0 3.0
743.0 5.0
744.0 5.0
745.0 5.0
746.0 2.0
747.0 6.0
748.0 4.0
749.0 3.0
750.0 3.0
751.0 6.0
752.0 5.0
753.0 4.0
754.0 1.0
755.0 1.0
756.0 7.0
757.0 1.0
758.0 4.0
759.0 3.0
760.0 3.0
761.0 3.0
762.0 3.0
763.0 4.0
764.0 3.0
765.0 97.0
766.0 116.0
767.0 111.0
768.0 108.0
769.0 97.0
770.0 92.0
771.0 91.0
772.0 92.0
773.0 114.0
774.0 124.0
775.0 104.0
776.0 110.0
777.0 109.0
778.0 105.0
779.0 88.0
780.0 98.0
781.0 105.0
782.0 110.0
783.0 117.0
784.0 125.0
785.0 60.0
786.0 19.0
787.0 36.0
788.0 71.0
789.0 82.0
790.0 91.0
791.0 88.0
792.0 8.0
793.0 121.0
794.0 105.0
795.0 95.0
796.0 100.0
797.0 102.0
798.0 129.0
