0.0 188.0
1.0 117.0
2.0 84.0
3.0 433.0
4.0 559.0
5.0 664.0
6.0 735.0
7.0 813.0
8.0 868.0
9.0 901.0
10.0 907.0
11.0 1130.0
12.0 1170.0
13.0 1200.0
14.0 1350.0
15.0 1520.0
16.0 1360.0
17.0 1420.0
18.0 1230.0
19.0 1210.0
20.0 1220.0
21.0 1320.0
22.0 1320.0
23.0 1130.0
24.0 1350.0
25.0 1430.0
26.0 1290.0
27.0 1200.0
28.0 1540.0
29.0 1270.0
30.0 1630.0
31.0 982.0
32.0 953.0
33.0 1100.0
34.0 1090.0
35.0 682.0
36.0 600.0
37.0 606.0
38.0 560.0
39.0 456.0
40.0 480.0
41.0 543.0
42.0 282.0
43.0 144.0
44.0 87.0
45.0 170.0
46.0 137.0
47.0 122.0
48.0 99.0
49.0 93.0
50.0 109.0
51.0 116.0
52.0 47.0
53.0 93.0
54.0 105.0
55.0 183.0
56.0 751.0
57.0 696.0
58.0 684.0
59.0 721.0
60.0 750.0
61.0 707.0
62.0 640.0
63.0 700.0
64.0 748.0
65.0 789.0
66.0 689.0
67.0 205.0
68.0 111.0
69.0 443.0
70.0 863.0
71.0 890.0
72.0 1160.0
73.0 1130.0
74.0 1230.0
75.0 1300.0
76.0 1090.0
77.0 1120.0
78.0 1210.0
79.0 1270.0
80.0 1480.0
81.0 1490.0
82.0 1580.0
83.0 1620.0
84.0 1610.0
85.0 1610.0
86.0 1710.0
87.0 1490.0
88.0 1580.0
89.0 1450.0
90.0 1600.0
91.0 1390.0
92.0 745.0
93.0 117.0
94.0 291.0
95.0 1120.0
96.0 1580.0
97.0 1670.0
98.0 1380.0
99.0 1330.0
100.0 1470.0
101.0 1420.0
102.0 1420.0
103.0 1450.0
104.0 1400.0
105.0 1270.0
106.0 1550.0
107.0 1550.0
108.0 1560.0
109.0 1110.0
110.0 1530.0
111.0 1620.0
112.0 1130.0
113.0 1020.0
114.0 1200.0
115.0 1030.0
116.0 1240.0
117.0 888.0
118.0 939.0
119.0 1100.0
120.0 1010.0
121.0 879.0
122.0 980.0
123.0 1340.0
124.0 1230.0
125.0 1150.0
126.0 1100.0
127.0 820.0
128.0 930.0
129.0 1080.0
130.0 1050.0
131.0 1150.0
132.0 1160.0
133.0 952.0
134.0 951.0
135.0 947.0
136.0 838.0
137.0 780.0
138.0 819.0
139.0 754.0
140.0 821.0
141.0 776.0
142.0 895.0
143.0 751.0
144.0 772.0
145.0 674.0
146.0 650.0
147.0 596.0
148.0 743.0
149.0 509.0
150.0 123.0
151.0 115.0
152.0 122.0
153.0 84.0
154.0 78.0
155.0 393.0
156.0 695.0
157.0 619.0
158.0 795.0
159.0 773.0
160.0 763.0
161.0 686.0
162.0 709.0
163.0 700.0
164.0 916.0
165.0 1080.0
166.0 792.0
167.0 745.0
168.0 748.0
169.0 675.0
170.0 800.0
171.0 902.0
172.0 804.0
173.0 1180.0
174.0 1020.0
175.0 849.0
176.0 924.0
177.0 983.0
178.0 823.0
179.0 832.0
180.0 877.0
181.0 987.0
182.0 1020.0
183.0 969.0
184.0 992.0
185.0 1130.0
186.0 891.0
187.0 932.0
188.0 1230.0
189.0 1330.0
190.0 1240.0
191.0 1410.0
192.0 1110.0
193.0 1050.0
194.0 1270.0
195.0 1370.0
196.0 1280.0
197.0 1460.0
198.0 1410.0
199.0 1480.0
200.0 1510.0
201.0 1410.0
202.0 1380.0
203.0 1370.0
204.0 1300.0
205.0 966.0
206.0 936.0
207.0 912.0
208.0 835.0
209.0 833.0
210.0 773.0
211.0 70.0
212.0 518.0
213.0 327.0
214.0 58.0
215.0 45.0
216.0 107.0
217.0 93.0
218.0 185.0
219.0 422.0
220.0 438.0
221.0 562.0
222.0 598.0
223.0 645.0
224.0 605.0
225.0 654.0
226.0 852.0
227.0 715.0
228.0 883.0
229.0 1080.0
230.0 1100.0
231.0 1050.0
232.0 1030.0
233.0 1440.0
234.0 1260.0
235.0 1230.0
236.0 816.0
237.0 34.0
238.0 2.0
239.0 11.0
240.0 169.0
241.0 761.0
242.0 119.0
243.0 1.0
244.0 9.0
245.0 23.0
246.0 630.0
247.0 118.0
248.0 178.0
249.0 618.0
250.0 482.0
251.0 633.0
252.0 398.0
253.0 4.0
254.0 5.0
255.0 27.0
256.0 12.0
257.0 28.0
258.0 11.0
259.0 37.0
260.0 36.0
261.0 48.0
262.0 224.0
263.0 222.0
264.0 63.0
265.0 56.0
266.0 23.0
267.0 25.0
268.0 30.0
269.0 20.0
270.0 93.0
271.0 125.0
272.0 172.0
273.0 248.0
274.0 222.0
275.0 184.0
276.0 203.0
277.0 233.0
278.0 244.0
279.0 282.0
280.0 335.0
281.0 387.0
282.0 395.0
283.0 493.0
284.0 487.0
285.0 589.0
286.0 672.0
287.0 789.0
288.0 924.0
289.0 844.0
290.0 943.0
291.0 958.0
292.0 1170.0
293.0 1140.0
294.0 1190.0
295.0 1010.0
296.0 425.0
297.0 15.0
298.0 0.0
299.0 0.0
300.0 110.0
301.0 120.0
302.0 244.0
303.0 394.0
304.0 37.0
305.0 1.0
306.0 0.0
307.0 5.0
308.0 8.0
309.0 84.0
310.0 120.0
311.0 353.0
312.0 309.0
313.0 248.0
314.0 308.0
315.0 282.0
316.0 308.0
317.0 306.0
318.0 358.0
319.0 293.0
320.0 434.0
321.0 368.0
322.0 351.0
323.0 173.0
324.0 456.0
325.0 545.0
326.0 488.0
327.0 414.0
328.0 508.0
329.0 453.0
330.0 639.0
331.0 589.0
332.0 348.0
333.0 546.0
334.0 547.0
335.0 476.0
336.0 175.0
337.0 67.0
338.0 403.0
339.0 451.0
340.0 520.0
341.0 518.0
342.0 492.0
343.0 566.0
344.0 506.0
345.0 593.0
346.0 546.0
347.0 836.0
348.0 547.0
349.0 502.0
350.0 671.0
351.0 566.0
352.0 667.0
353.0 637.0
354.0 700.0
355.0 820.0
356.0 723.0
357.0 621.0
358.0 717.0
359.0 818.0
360.0 799.0
361.0 618.0
362.0 781.0
363.0 677.0
364.0 611.0
365.0 716.0
366.0 130.0
367.0 7.0
368.0 0.0
369.0 5.0
370.0 4.0
371.0 85.0
372.0 115.0
373.0 85.0
374.0 157.0
375.0 209.0
376.0 274.0
377.0 392.0
378.0 444.0
379.0 551.0
380.0 379.0
381.0 468.0
382.0 515.0
383.0 541.0
384.0 590.0
385.0 480.0
386.0 741.0
387.0 734.0
388.0 798.0
389.0 800.0
390.0 891.0
391.0 582.0
392.0 846.0
393.0 1130.0
394.0 920.0
395.0 834.0
396.0 754.0
397.0 947.0
398.0 917.0
399.0 991.0
400.0 920.0
401.0 775.0
402.0 905.0
403.0 842.0
404.0 882.0
405.0 750.0
406.0 736.0
407.0 719.0
408.0 509.0
409.0 18.0
410.0 1.0
411.0 117.0
412.0 102.0
413.0 8.0
414.0 7.0
415.0 110.0
416.0 91.0
417.0 84.0
418.0 12.0
419.0 3.0
420.0 28.0
421.0 18.0
422.0 108.0
423.0 121.0
424.0 39.0
425.0 18.0
426.0 8.0
427.0 17.0
428.0 98.0
429.0 109.0
430.0 78.0
431.0 47.0
432.0 42.0
433.0 82.0
434.0 102.0
435.0 150.0
436.0 178.0
437.0 245.0
438.0 318.0
439.0 429.0
440.0 382.0
441.0 528.0
442.0 554.0
443.0 659.0
444.0 776.0
445.0 750.0
446.0 773.0
447.0 792.0
448.0 1100.0
449.0 1090.0
450.0 1010.0
451.0 903.0
452.0 1170.0
453.0 1210.0
454.0 1140.0
455.0 830.0
456.0 1120.0
457.0 1230.0
458.0 927.0
459.0 796.0
460.0 645.0
461.0 712.0
462.0 642.0
463.0 718.0
464.0 456.0
465.0 688.0
466.0 635.0
467.0 744.0
468.0 704.0
469.0 752.0
470.0 875.0
471.0 804.0
472.0 701.0
473.0 633.0
474.0 755.0
475.0 857.0
476.0 871.0
477.0 956.0
478.0 958.0
479.0 1070.0
480.0 1200.0
481.0 797.0
482.0 872.0
483.0 1020.0
484.0 942.0
485.0 842.0
486.0 0.0
487.0 0.0
488.0 0.0
489.0 0.0
490.0 0.0
491.0 0.0
492.0 94.0
493.0 106.0
494.0 125.0
495.0 124.0
496.0 109.0
497.0 96.0
498.0 110.0
499.0 125.0
500.0 0.0
501.0 0.0
502.0 0.0
503.0 3.0
504.0 529.0
505.0 887.0
506.0 921.0
507.0 973.0
508.0 973.0
509.0 920.0
510.0 882.0
511.0 898.0
512.0 631.0
513.0 886.0
514.0 932.0
515.0 962.0
516.0 914.0
517.0 829.0
518.0 847.0
519.0 824.0
520.0 738.0
521.0 709.0
522.0 655.0
523.0 794.0
524.0 835.0
525.0 768.0
526.0 484.0
527.0 25.0
528.0 0.0
529.0 879.0
530.0 955.0
531.0 821.0
532.0 868.0
533.0 831.0
534.0 824.0
535.0 839.0
536.0 906.0
537.0 684.0
538.0 874.0
539.0 925.0
540.0 883.0
541.0 927.0
542.0 798.0
543.0 698.0
544.0 405.0
545.0 53.0
546.0 110.0
547.0 44.0
548.0 24.0
549.0 113.0
550.0 105.0
551.0 193.0
552.0 360.0
553.0 463.0
554.0 509.0
555.0 483.0
556.0 663.0
557.0 672.0
558.0 666.0
559.0 649.0
560.0 746.0
561.0 817.0
562.0 755.0
563.0 304.0
564.0 132.0
565.0 126.0
566.0 122.0
567.0 103.0
568.0 118.0
569.0 116.0
570.0 126.0
571.0 28.0
572.0 43.0
573.0 35.0
574.0 43.0
575.0 27.0
576.0 48.0
577.0 59.0
578.0 35.0
579.0 36.0
580.0 50.0
581.0 37.0
582.0 79.0
583.0 95.0
584.0 92.0
585.0 123.0
586.0 122.0
587.0 118.0
588.0 104.0
589.0 100.0
590.0 125.0
591.0 125.0
592.0 108.0
593.0 106.0
594.0 120.0
595.0 117.0
596.0 119.0
597.0 123.0
598.0 103.0
599.0 107.0
600.0 93.0
601.0 96.0
602.0 116.0
603.0 120.0
604.0 85.0
605.0 118.0
606.0 111.0
607.0 86.0
608.0 123.0
609.0 88.0
610.0 80.0
611.0 91.0
612.0 95.0
613.0 84.0
614.0 106.0
615.0 123.0
616.0 104.0
617.0 120.0
618.0 122.0
619.0 86.0
620.0 106.0
621.0 930.0
622.0 775.0
623.0 1090.0
624.0 1110.0
625.0 1080.0
626.0 1050.0
627.0 992.0
628.0 902.0
629.0 94.0
630.0 93.0
631.0 649.0
632.0 949.0
633.0 924.0
634.0 1000.0
635.0 951.0
636.0 911.0
637.0 999.0
638.0 936.0
639.0 987.0
640.0 1050.0
641.0 1140.0
642.0 1200.0
643.0 1100.0
644.0 1180.0
645.0 998.0
646.0 1010.0
647.0 975.0
648.0 1040.0
649.0 1040.0
650.0 1200.0
651.0 933.0
652.0 1120.0
653.0 999.0
654.0 837.0
655.0 917.0
656.0 656.0
657.0 712.0
658.0 502.0
659.0 499.0
660.0 427.0
661.0 188.0
662.0 27.0
663.0 14.0
664.0 2.0
665.0 1.0
666.0 0.0
667.0 0.0
668.0 0.0
669.0 0.0
670.0 11.0
671.0 45.0
672.0 53.0
673.0 25.0
674.0 36.0
675.0 45.0
676.0 88.0
677.0 119.0
678.0 397.0
679.0 376.0
680.0 193.0
681.0 215.0
682.0 307.0
683.0 350.0
684.0 187.0
685.0 93.0
686.0 99.0
687.0 408.0
688.0 377.0
689.0 240.0
690.0 553.0
691.0 544.0
692.0 335.0
693.0 289.0
694.0 676.0
695.0 710.0
696.0 700.0
697.0 706.0
698.0 695.0
699.0 816.0
700.0 827.0
701.0 854.0
702.0 920.0
703.0 995.0
704.0 979.0
705.0 1130.0
706.0 1070.0
707.0 1020.0
708.0 1220.0
709.0 1090.0
710.0 1060.0
711.0 421.0
712.0 31.0
713.0 6.0
714.0 97.0
715.0 78.0
716.0 34.0
717.0 10.0
718.0 164.0
719.0 17.0
720.0 27.0
721.0 119.0
722.0 4.0
723.0 86.0
724.0 108.0
725.0 422.0
726.0 492.0
727.0 659.0
728.0 499.0
729.0 664.0
730.0 783.0
731.0 895.0
732.0 830.0
733.0 898.0
734.0 1060.0
735.0 862.0
736.0 744.0
737.0 728.0
738.0 727.0
739.0 709.0
740.0 718.0
741.0 844.0
742.0 510.0
743.0 0.0
744.0 86.0
745.0 96.0
746.0 205.0
747.0 363.0
748.0 414.0
749.0 94.0
750.0 114.0
751.0 113.0
752.0 124.0
753.0 96.0
754.0 123.0
755.0 86.0
756.0 103.0
757.0 47.0
758.0 67.0
759.0 62.0
760.0 46.0
761.0 47.0
762.0 58.0
763.0 64.0
764.0 61.0
765.0 61.0
766.0 49.0
767.0 45.0
768.0 53.0
769.0 44.0
770.0 23.0
771.0 66.0
772.0 45.0
773.0 49.0
774.0 47.0
775.0 50.0
776.0 46.0
777.0 49.0
778.0 52.0
779.0 51.0
780.0 22.0
781.0 61.0
782.0 45.0
783.0 25.0
784.0 52.0
785.0 34.0
786.0 35.0
787.0 38.0
788.0 31.0
789.0 14.0
790.0 38.0
791.0 23.0
792.0 13.0
793.0 30.0
794.0 12.0
795.0 25.0
796.0 18.0
797.0 20.0
798.0 18.0
799.0 9.0
