0.0 1740.0
1.0 1590.0
2.0 1720.0
3.0 1710.0
4.0 1490.0
5.0 1140.0
6.0 1360.0
7.0 1520.0
8.0 1160.0
9.0 1160.0
10.0 1110.0
11.0 950.0
12.0 705.0
13.0 632.0
14.0 139.0
15.0 116.0
16.0 111.0
17.0 172.0
18.0 120.0
19.0 674.0
20.0 740.0
21.0 746.0
22.0 656.0
23.0 869.0
24.0 550.0
25.0 297.0
26.0 172.0
27.0 330.0
28.0 155.0
29.0 311.0
30.0 328.0
31.0 385.0
32.0 386.0
33.0 365.0
34.0 304.0
35.0 246.0
36.0 96.0
37.0 118.0
38.0 92.0
39.0 122.0
40.0 116.0
41.0 106.0
42.0 543.0
43.0 657.0
44.0 782.0
45.0 826.0
46.0 971.0
47.0 871.0
48.0 850.0
49.0 844.0
50.0 678.0
51.0 863.0
52.0 1050.0
53.0 1040.0
54.0 774.0
55.0 952.0
56.0 998.0
57.0 981.0
58.0 1120.0
59.0 1050.0
60.0 1020.0
61.0 1060.0
62.0 1510.0
63.0 1100.0
64.0 727.0
65.0 199.0
66.0 108.0
67.0 115.0
68.0 122.0
69.0 109.0
70.0 100.0
71.0 112.0
72.0 99.0
73.0 88.0
74.0 101.0
75.0 894.0
76.0 750.0
77.0 792.0
78.0 825.0
79.0 846.0
80.0 845.0
81.0 672.0
82.0 0.0
83.0 764.0
84.0 831.0
85.0 1010.0
86.0 840.0
87.0 755.0
88.0 859.0
89.0 757.0
90.0 847.0
91.0 981.0
92.0 1170.0
93.0 1200.0
94.0 794.0
95.0 1100.0
96.0 1030.0
97.0 888.0
98.0 972.0
99.0 940.0
100.0 239.0
101.0 596.0
102.0 942.0
103.0 1010.0
104.0 1080.0
105.0 786.0
106.0 794.0
107.0 727.0
108.0 760.0
109.0 739.0
110.0 764.0
111.0 648.0
112.0 623.0
113.0 535.0
114.0 407.0
115.0 690.0
116.0 219.0
117.0 9.0
118.0 6.0
119.0 89.0
120.0 106.0
121.0 118.0
122.0 108.0
123.0 124.0
124.0 112.0
125.0 232.0
126.0 194.0
127.0 362.0
128.0 375.0
129.0 388.0
130.0 408.0
131.0 510.0
132.0 450.0
133.0 444.0
134.0 461.0
135.0 571.0
136.0 452.0
137.0 643.0
138.0 619.0
139.0 685.0
140.0 719.0
141.0 783.0
142.0 854.0
143.0 1090.0
144.0 1230.0
145.0 1040.0
146.0 821.0
147.0 980.0
148.0 1060.0
149.0 1190.0
150.0 1140.0
151.0 1300.0
152.0 1350.0
153.0 1430.0
154.0 1240.0
155.0 1280.0
156.0 1430.0
157.0 1120.0
158.0 977.0
159.0 1140.0
160.0 1040.0
161.0 1310.0
162.0 1200.0
163.0 1010.0
164.0 1010.0
165.0 1030.0
166.0 863.0
167.0 895.0
168.0 788.0
169.0 606.0
170.0 652.0
171.0 912.0
172.0 883.0
173.0 769.0
174.0 797.0
175.0 772.0
176.0 920.0
177.0 987.0
178.0 1050.0
179.0 823.0
180.0 939.0
181.0 892.0
182.0 849.0
183.0 235.0
184.0 220.0
185.0 20.0
186.0 1.0
187.0 112.0
188.0 82.0
189.0 690.0
190.0 878.0
191.0 939.0
192.0 1010.0
193.0 1090.0
194.0 1090.0
195.0 1090.0
196.0 925.0
197.0 1080.0
198.0 1040.0
199.0 1130.0
200.0 1010.0
201.0 1130.0
202.0 1170.0
203.0 1280.0
204.0 919.0
205.0 971.0
206.0 261.0
207.0 578.0
208.0 853.0
209.0 678.0
210.0 211.0
211.0 7.0
212.0 121.0
213.0 80.0
214.0 82.0
215.0 819.0
216.0 1090.0
217.0 1050.0
218.0 1180.0
219.0 1200.0
220.0 1230.0
221.0 1240.0
222.0 1170.0
223.0 1270.0
224.0 1240.0
225.0 1260.0
226.0 1110.0
227.0 172.0
228.0 267.0
229.0 119.0
230.0 576.0
231.0 860.0
232.0 927.0
233.0 924.0
234.0 807.0
235.0 1010.0
236.0 1000.0
237.0 915.0
238.0 999.0
239.0 1110.0
240.0 1130.0
241.0 1050.0
242.0 1150.0
243.0 1190.0
244.0 1150.0
245.0 1150.0
246.0 1220.0
247.0 1370.0
248.0 1450.0
249.0 1490.0
250.0 1500.0
251.0 1680.0
252.0 1550.0
253.0 1760.0
254.0 1760.0
255.0 1640.0
256.0 1410.0
257.0 1540.0
258.0 1420.0
259.0 1560.0
260.0 1770.0
261.0 1630.0
262.0 1740.0
263.0 1730.0
264.0 1840.0
265.0 1800.0
266.0 1410.0
267.0 1660.0
268.0 1470.0
269.0 1710.0
270.0 911.0
271.0 1320.0
272.0 1200.0
273.0 1430.0
274.0 1250.0
275.0 1280.0
276.0 1320.0
277.0 691.0
278.0 723.0
279.0 804.0
280.0 989.0
281.0 939.0
282.0 49.0
283.0 122.0
284.0 105.0
285.0 758.0
286.0 1030.0
287.0 902.0
288.0 1010.0
289.0 847.0
290.0 881.0
291.0 1010.0
292.0 1060.0
293.0 1000.0
294.0 1010.0
295.0 879.0
296.0 763.0
297.0 162.0
298.0 78.0
299.0 115.0
300.0 386.0
301.0 456.0
302.0 395.0
303.0 415.0
304.0 423.0
305.0 432.0
306.0 497.0
307.0 536.0
308.0 474.0
309.0 534.0
310.0 616.0
311.0 608.0
312.0 698.0
313.0 795.0
314.0 649.0
315.0 703.0
316.0 596.0
317.0 543.0
318.0 846.0
319.0 727.0
320.0 798.0
321.0 883.0
322.0 798.0
323.0 666.0
324.0 747.0
325.0 861.0
326.0 791.0
327.0 790.0
328.0 880.0
329.0 910.0
330.0 924.0
331.0 850.0
332.0 965.0
333.0 935.0
334.0 869.0
335.0 1010.0
336.0 957.0
337.0 786.0
338.0 906.0
339.0 835.0
340.0 870.0
341.0 990.0
342.0 1180.0
343.0 1040.0
344.0 811.0
345.0 870.0
346.0 870.0
347.0 982.0
348.0 1060.0
349.0 993.0
350.0 920.0
351.0 957.0
352.0 956.0
353.0 811.0
354.0 921.0
355.0 754.0
356.0 782.0
357.0 693.0
358.0 721.0
359.0 756.0
360.0 738.0
361.0 794.0
362.0 741.0
363.0 786.0
364.0 744.0
365.0 677.0
366.0 708.0
367.0 700.0
368.0 690.0
369.0 517.0
370.0 401.0
371.0 470.0
372.0 555.0
373.0 513.0
374.0 419.0
375.0 558.0
376.0 446.0
377.0 454.0
378.0 637.0
379.0 525.0
380.0 561.0
381.0 763.0
382.0 722.0
383.0 805.0
384.0 849.0
385.0 814.0
386.0 817.0
387.0 921.0
388.0 911.0
389.0 840.0
390.0 1020.0
391.0 1010.0
392.0 1080.0
393.0 974.0
394.0 845.0
395.0 1090.0
396.0 1230.0
397.0 1310.0
398.0 1230.0
399.0 1180.0
400.0 1140.0
401.0 1260.0
402.0 987.0
403.0 1440.0
404.0 1310.0
405.0 1280.0
406.0 1210.0
407.0 1220.0
408.0 1430.0
409.0 1360.0
410.0 1560.0
411.0 1310.0
412.0 1430.0
413.0 1460.0
414.0 1380.0
415.0 1140.0
416.0 540.0
417.0 1.0
418.0 61.0
419.0 557.0
420.0 661.0
421.0 165.0
422.0 422.0
423.0 427.0
424.0 27.0
425.0 130.0
426.0 13.0
427.0 115.0
428.0 98.0
429.0 273.0
430.0 462.0
431.0 427.0
432.0 545.0
433.0 603.0
434.0 536.0
435.0 586.0
436.0 494.0
437.0 606.0
438.0 514.0
439.0 731.0
440.0 609.0
441.0 787.0
442.0 898.0
443.0 1010.0
444.0 1030.0
445.0 1030.0
446.0 1090.0
447.0 1010.0
448.0 926.0
449.0 871.0
450.0 871.0
451.0 757.0
452.0 627.0
453.0 810.0
454.0 1030.0
455.0 870.0
456.0 730.0
457.0 886.0
458.0 972.0
459.0 647.0
460.0 708.0
461.0 712.0
462.0 962.0
463.0 931.0
464.0 1040.0
465.0 1080.0
466.0 951.0
467.0 736.0
468.0 1070.0
469.0 1040.0
470.0 1100.0
471.0 1060.0
472.0 1080.0
473.0 1060.0
474.0 961.0
475.0 591.0
476.0 817.0
477.0 930.0
478.0 1120.0
479.0 952.0
480.0 1050.0
481.0 1020.0
482.0 1230.0
483.0 1050.0
484.0 1080.0
485.0 1020.0
486.0 1020.0
487.0 975.0
488.0 970.0
489.0 1010.0
490.0 1020.0
491.0 1100.0
492.0 862.0
493.0 860.0
494.0 818.0
495.0 1070.0
496.0 1090.0
497.0 1050.0
498.0 927.0
499.0 839.0
500.0 794.0
501.0 837.0
502.0 955.0
503.0 616.0
504.0 695.0
505.0 597.0
506.0 581.0
507.0 526.0
508.0 601.0
509.0 543.0
510.0 354.0
511.0 237.0
512.0 330.0
513.0 201.0
514.0 77.0
515.0 118.0
516.0 101.0
517.0 84.0
518.0 119.0
519.0 125.0
520.0 262.0
521.0 287.0
522.0 302.0
523.0 315.0
524.0 333.0
525.0 330.0
526.0 290.0
527.0 371.0
528.0 371.0
529.0 375.0
530.0 467.0
531.0 394.0
532.0 400.0
533.0 389.0
534.0 652.0
535.0 495.0
536.0 694.0
537.0 641.0
538.0 609.0
539.0 627.0
540.0 630.0
541.0 610.0
542.0 665.0
543.0 531.0
544.0 578.0
545.0 661.0
546.0 701.0
547.0 655.0
548.0 392.0
549.0 332.0
550.0 676.0
551.0 605.0
552.0 196.0
553.0 38.0
554.0 17.0
555.0 157.0
556.0 89.0
557.0 73.0
558.0 85.0
559.0 104.0
560.0 64.0
561.0 78.0
562.0 103.0
563.0 96.0
564.0 66.0
565.0 69.0
566.0 34.0
567.0 79.0
568.0 70.0
569.0 73.0
570.0 64.0
571.0 59.0
572.0 39.0
573.0 31.0
574.0 46.0
575.0 56.0
576.0 40.0
577.0 34.0
578.0 52.0
579.0 45.0
580.0 18.0
581.0 121.0
582.0 122.0
583.0 119.0
584.0 99.0
585.0 106.0
586.0 122.0
587.0 110.0
588.0 125.0
589.0 100.0
590.0 112.0
591.0 122.0
592.0 118.0
593.0 122.0
594.0 109.0
595.0 108.0
596.0 110.0
597.0 124.0
598.0 92.0
599.0 118.0
600.0 83.0
601.0 113.0
602.0 121.0
603.0 102.0
604.0 120.0
605.0 123.0
606.0 101.0
607.0 108.0
608.0 107.0
609.0 114.0
610.0 101.0
611.0 114.0
612.0 98.0
613.0 96.0
614.0 120.0
615.0 102.0
616.0 88.0
617.0 104.0
618.0 99.0
619.0 112.0
620.0 119.0
621.0 407.0
622.0 425.0
623.0 394.0
624.0 346.0
625.0 385.0
626.0 422.0
627.0 352.0
628.0 434.0
629.0 403.0
630.0 113.0
631.0 113.0
632.0 122.0
633.0 311.0
634.0 355.0
635.0 365.0
636.0 365.0
637.0 390.0
638.0 363.0
639.0 391.0
640.0 398.0
641.0 399.0
642.0 438.0
643.0 390.0
644.0 505.0
645.0 519.0
646.0 505.0
647.0 496.0
648.0 573.0
649.0 561.0
650.0 494.0
651.0 471.0
652.0 469.0
653.0 593.0
654.0 742.0
655.0 593.0
656.0 143.0
657.0 28.0
658.0 65.0
659.0 118.0
660.0 85.0
661.0 11.0
662.0 95.0
663.0 22.0
664.0 71.0
665.0 62.0
666.0 57.0
667.0 0.0
668.0 0.0
669.0 0.0
670.0 0.0
671.0 0.0
672.0 0.0
673.0 0.0
674.0 0.0
675.0 0.0
676.0 105.0
677.0 125.0
678.0 43.0
679.0 10.0
680.0 105.0
681.0 103.0
682.0 124.0
683.0 197.0
684.0 338.0
685.0 375.0
686.0 427.0
687.0 443.0
688.0 465.0
689.0 458.0
690.0 480.0
691.0 419.0
692.0 481.0
693.0 524.0
694.0 563.0
695.0 369.0
696.0 6.0
697.0 1.0
698.0 86.0
699.0 87.0
700.0 112.0
701.0 212.0
702.0 186.0
703.0 0.0
704.0 11.0
705.0 21.0
706.0 20.0
707.0 13.0
708.0 31.0
709.0 10.0
710.0 5.0
711.0 7.0
712.0 14.0
713.0 22.0
714.0 22.0
715.0 2.0
716.0 5.0
717.0 8.0
718.0 116.0
719.0 118.0
720.0 77.0
721.0 59.0
722.0 79.0
723.0 113.0
724.0 137.0
725.0 176.0
726.0 216.0
727.0 237.0
728.0 174.0
729.0 133.0
730.0 98.0
731.0 97.0
732.0 22.0
733.0 5.0
734.0 3.0
735.0 0.0
736.0 0.0
737.0 0.0
738.0 1.0
739.0 10.0
740.0 2.0
741.0 2.0
742.0 0.0
743.0 15.0
744.0 7.0
745.0 0.0
746.0 0.0
747.0 0.0
748.0 10.0
749.0 4.0
750.0 12.0
751.0 2.0
752.0 2.0
753.0 8.0
754.0 2.0
755.0 3.0
756.0 8.0
757.0 4.0
758.0 3.0
759.0 1.0
760.0 0.0
761.0 9.0
762.0 8.0
763.0 4.0
764.0 4.0
765.0 5.0
766.0 3.0
767.0 2.0
768.0 2.0
769.0 7.0
770.0 3.0
771.0 4.0
772.0 1.0
773.0 0.0
774.0 0.0
775.0 3.0
776.0 87.0
777.0 112.0
778.0 108.0
779.0 124.0
780.0 117.0
781.0 88.0
782.0 98.0
783.0 193.0
784.0 246.0
785.0 357.0
786.0 360.0
