0.0 562.0
1.0 296.0
2.0 118.0
3.0 112.0
4.0 111.0
5.0 124.0
6.0 93.0
7.0 218.0
8.0 331.0
9.0 386.0
10.0 369.0
11.0 226.0
12.0 298.0
13.0 242.0
14.0 440.0
15.0 484.0
16.0 534.0
17.0 710.0
18.0 778.0
19.0 801.0
20.0 792.0
21.0 848.0
22.0 802.0
23.0 938.0
24.0 867.0
25.0 800.0
26.0 816.0
27.0 808.0
28.0 729.0
29.0 742.0
30.0 826.0
31.0 912.0
32.0 914.0
33.0 986.0
34.0 927.0
35.0 1040.0
36.0 809.0
37.0 692.0
38.0 0.0
39.0 4.0
40.0 110.0
41.0 87.0
42.0 116.0
43.0 106.0
44.0 107.0
45.0 120.0
46.0 101.0
47.0 114.0
48.0 82.0
49.0 95.0
50.0 95.0
51.0 87.0
52.0 118.0
53.0 82.0
54.0 115.0
55.0 119.0
56.0 119.0
57.0 109.0
58.0 108.0
59.0 125.0
60.0 96.0
61.0 116.0
62.0 103.0
63.0 101.0
64.0 108.0
65.0 84.0
66.0 97.0
67.0 102.0
68.0 105.0
69.0 95.0
70.0 71.0
71.0 82.0
72.0 101.0
73.0 22.0
74.0 101.0
75.0 83.0
76.0 114.0
77.0 114.0
78.0 107.0
79.0 88.0
80.0 12.0
81.0 104.0
82.0 87.0
83.0 118.0
84.0 106.0
85.0 85.0
86.0 124.0
87.0 79.0
88.0 104.0
89.0 124.0
90.0 174.0
91.0 200.0
92.0 313.0
93.0 378.0
94.0 471.0
95.0 494.0
96.0 615.0
97.0 632.0
98.0 508.0
99.0 557.0
100.0 588.0
101.0 682.0
102.0 1070.0
103.0 1030.0
104.0 1160.0
105.0 1490.0
106.0 1580.0
107.0 1290.0
108.0 746.0
109.0 780.0
110.0 855.0
111.0 1250.0
112.0 850.0
113.0 737.0
114.0 726.0
115.0 725.0
116.0 338.0
117.0 145.0
118.0 17.0
119.0 1.0
120.0 19.0
121.0 36.0
122.0 3.0
123.0 6.0
124.0 124.0
125.0 97.0
126.0 112.0
127.0 285.0
128.0 290.0
129.0 383.0
130.0 341.0
131.0 403.0
132.0 453.0
133.0 440.0
134.0 512.0
135.0 579.0
136.0 576.0
137.0 567.0
138.0 714.0
139.0 740.0
140.0 926.0
141.0 880.0
142.0 824.0
143.0 877.0
144.0 746.0
145.0 856.0
146.0 815.0
147.0 823.0
148.0 1040.0
149.0 1010.0
150.0 1440.0
151.0 1750.0
152.0 1630.0
153.0 1370.0
154.0 1080.0
155.0 585.0
156.0 20.0
157.0 0.0
158.0 6.0
159.0 61.0
160.0 102.0
161.0 115.0
162.0 107.0
163.0 110.0
164.0 121.0
165.0 117.0
166.0 120.0
167.0 107.0
168.0 62.0
169.0 310.0
170.0 571.0
171.0 558.0
172.0 530.0
173.0 520.0
174.0 521.0
175.0 573.0
176.0 181.0
177.0 279.0
178.0 606.0
179.0 930.0
180.0 837.0
181.0 807.0
182.0 985.0
183.0 947.0
184.0 1170.0
185.0 1040.0
186.0 940.0
187.0 985.0
188.0 1120.0
189.0 1110.0
190.0 1030.0
191.0 920.0
192.0 1150.0
193.0 1170.0
194.0 1080.0
195.0 1070.0
196.0 1120.0
197.0 1120.0
198.0 1060.0
199.0 1070.0
200.0 988.0
201.0 947.0
202.0 1120.0
203.0 1140.0
204.0 1250.0
205.0 1030.0
206.0 960.0
207.0 1260.0
208.0 1080.0
209.0 891.0
210.0 925.0
211.0 969.0
212.0 1030.0
213.0 1170.0
214.0 1040.0
215.0 1060.0
216.0 1070.0
217.0 847.0
218.0 1090.0
219.0 921.0
220.0 870.0
221.0 349.0
222.0 117.0
223.0 109.0
224.0 968.0
225.0 882.0
226.0 988.0
227.0 1160.0
228.0 1080.0
229.0 1060.0
230.0 791.0
231.0 1060.0
232.0 901.0
233.0 1050.0
234.0 862.0
235.0 774.0
236.0 917.0
237.0 965.0
238.0 1230.0
239.0 1030.0
240.0 965.0
241.0 858.0
242.0 845.0
243.0 1040.0
244.0 924.0
245.0 1020.0
246.0 1050.0
247.0 1160.0
248.0 995.0
249.0 1170.0
250.0 1170.0
251.0 1100.0
252.0 1050.0
253.0 1010.0
254.0 1040.0
255.0 1080.0
256.0 967.0
257.0 915.0
258.0 1070.0
259.0 1190.0
260.0 1110.0
261.0 964.0
262.0 937.0
263.0 920.0
264.0 1200.0
265.0 1010.0
266.0 1010.0
267.0 1020.0
268.0 1020.0
269.0 973.0
270.0 1040.0
271.0 1150.0
272.0 1050.0
273.0 1130.0
274.0 1030.0
275.0 1120.0
276.0 1240.0
277.0 1080.0
278.0 1100.0
279.0 1070.0
280.0 922.0
281.0 960.0
282.0 861.0
283.0 775.0
284.0 830.0
285.0 408.0
286.0 106.0
287.0 117.0
288.0 112.0
289.0 93.0
290.0 638.0
291.0 587.0
292.0 631.0
293.0 646.0
294.0 681.0
295.0 742.0
296.0 321.0
297.0 0.0
298.0 480.0
299.0 820.0
300.0 867.0
301.0 735.0
302.0 712.0
303.0 802.0
304.0 67.0
305.0 100.0
306.0 91.0
307.0 120.0
308.0 314.0
309.0 656.0
310.0 627.0
311.0 670.0
312.0 708.0
313.0 637.0
314.0 637.0
315.0 195.0
316.0 681.0
317.0 745.0
318.0 854.0
319.0 1110.0
320.0 935.0
321.0 987.0
322.0 771.0
323.0 830.0
324.0 921.0
325.0 948.0
326.0 974.0
327.0 974.0
328.0 810.0
329.0 934.0
330.0 935.0
331.0 984.0
332.0 844.0
333.0 1040.0
334.0 965.0
335.0 1030.0
336.0 870.0
337.0 914.0
338.0 931.0
339.0 918.0
340.0 785.0
341.0 908.0
342.0 992.0
343.0 1030.0
344.0 956.0
345.0 1030.0
346.0 921.0
347.0 950.0
348.0 848.0
349.0 916.0
350.0 956.0
351.0 1010.0
352.0 799.0
353.0 992.0
354.0 931.0
355.0 878.0
356.0 873.0
357.0 887.0
358.0 906.0
359.0 677.0
360.0 664.0
361.0 474.0
362.0 247.0
363.0 636.0
364.0 440.0
365.0 590.0
366.0 496.0
367.0 141.0
368.0 70.0
369.0 249.0
370.0 88.0
371.0 62.0
372.0 37.0
373.0 115.0
374.0 113.0
375.0 116.0
376.0 111.0
377.0 103.0
378.0 118.0
379.0 119.0
380.0 692.0
381.0 704.0
382.0 654.0
383.0 843.0
384.0 303.0
385.0 404.0
386.0 604.0
387.0 353.0
388.0 207.0
389.0 322.0
390.0 193.0
391.0 47.0
392.0 161.0
393.0 128.0
394.0 62.0
395.0 99.0
396.0 43.0
397.0 36.0
398.0 125.0
399.0 96.0
400.0 118.0
401.0 157.0
402.0 152.0
403.0 219.0
404.0 232.0
405.0 257.0
406.0 323.0
407.0 475.0
408.0 422.0
409.0 565.0
410.0 406.0
411.0 115.0
412.0 118.0
413.0 586.0
414.0 695.0
415.0 780.0
416.0 794.0
417.0 636.0
418.0 664.0
419.0 718.0
420.0 799.0
421.0 751.0
422.0 817.0
423.0 826.0
424.0 916.0
425.0 871.0
426.0 960.0
427.0 980.0
428.0 972.0
429.0 977.0
430.0 933.0
431.0 957.0
432.0 953.0
433.0 882.0
434.0 419.0
435.0 31.0
436.0 4.0
437.0 28.0
438.0 98.0
439.0 52.0
440.0 13.0
441.0 5.0
442.0 104.0
443.0 104.0
444.0 117.0
445.0 94.0
446.0 88.0
447.0 120.0
448.0 118.0
449.0 112.0
450.0 123.0
451.0 95.0
452.0 117.0
453.0 113.0
454.0 121.0
455.0 122.0
456.0 117.0
457.0 125.0
458.0 124.0
459.0 115.0
460.0 120.0
461.0 122.0
462.0 95.0
463.0 90.0
464.0 115.0
465.0 114.0
466.0 111.0
467.0 109.0
468.0 112.0
469.0 119.0
470.0 118.0
471.0 116.0
472.0 111.0
473.0 111.0
474.0 87.0
475.0 120.0
476.0 119.0
477.0 113.0
478.0 119.0
479.0 101.0
480.0 20.0
481.0 24.0
482.0 25.0
483.0 36.0
484.0 46.0
485.0 50.0
486.0 75.0
487.0 112.0
488.0 115.0
489.0 91.0
490.0 142.0
491.0 171.0
492.0 191.0
493.0 182.0
494.0 183.0
495.0 214.0
496.0 218.0
497.0 36.0
498.0 33.0
499.0 24.0
500.0 100.0
501.0 111.0
502.0 175.0
503.0 235.0
504.0 208.0
505.0 197.0
506.0 259.0
507.0 227.0
508.0 607.0
509.0 292.0
510.0 376.0
511.0 383.0
512.0 370.0
513.0 491.0
514.0 647.0
515.0 641.0
516.0 805.0
517.0 942.0
518.0 992.0
519.0 1110.0
520.0 1020.0
521.0 1510.0
522.0 1430.0
523.0 1240.0
524.0 1350.0
525.0 1180.0
526.0 1350.0
527.0 1390.0
528.0 1330.0
529.0 1440.0
530.0 1390.0
531.0 1460.0
532.0 1280.0
533.0 1220.0
534.0 1220.0
535.0 1010.0
536.0 928.0
537.0 1170.0
538.0 915.0
539.0 941.0
540.0 822.0
541.0 594.0
542.0 13.0
543.0 16.0
544.0 0.0
545.0 0.0
546.0 84.0
547.0 109.0
548.0 522.0
549.0 1050.0
550.0 1080.0
551.0 1140.0
552.0 1170.0
553.0 1150.0
554.0 1230.0
555.0 1220.0
556.0 1250.0
557.0 1300.0
558.0 1380.0
559.0 1360.0
560.0 1300.0
561.0 1250.0
562.0 1410.0
563.0 1340.0
564.0 1260.0
565.0 945.0
566.0 1070.0
567.0 1030.0
568.0 18.0
569.0 1.0
570.0 0.0
571.0 112.0
572.0 122.0
573.0 648.0
574.0 1180.0
575.0 911.0
576.0 1040.0
577.0 914.0
578.0 991.0
579.0 967.0
580.0 896.0
581.0 981.0
582.0 1070.0
583.0 1030.0
584.0 932.0
585.0 872.0
586.0 1040.0
587.0 1010.0
588.0 1040.0
589.0 1030.0
590.0 1020.0
591.0 320.0
592.0 182.0
593.0 164.0
594.0 99.0
595.0 701.0
596.0 937.0
597.0 805.0
598.0 1000.0
599.0 899.0
600.0 945.0
601.0 926.0
602.0 940.0
603.0 677.0
604.0 982.0
605.0 995.0
606.0 946.0
607.0 967.0
608.0 939.0
609.0 925.0
610.0 1080.0
611.0 969.0
612.0 880.0
613.0 957.0
614.0 956.0
615.0 882.0
616.0 811.0
617.0 329.0
618.0 100.0
619.0 114.0
620.0 109.0
621.0 112.0
622.0 431.0
623.0 857.0
624.0 754.0
625.0 695.0
626.0 204.0
627.0 22.0
628.0 1.0
629.0 654.0
630.0 763.0
631.0 763.0
632.0 319.0
633.0 101.0
634.0 122.0
635.0 86.0
636.0 374.0
637.0 591.0
638.0 285.0
639.0 13.0
640.0 108.0
641.0 120.0
642.0 124.0
643.0 299.0
644.0 354.0
645.0 419.0
646.0 380.0
647.0 422.0
648.0 397.0
649.0 483.0
650.0 487.0
651.0 528.0
652.0 510.0
653.0 480.0
654.0 627.0
655.0 534.0
656.0 532.0
657.0 578.0
658.0 590.0
659.0 631.0
660.0 803.0
661.0 748.0
662.0 846.0
663.0 757.0
664.0 858.0
665.0 844.0
666.0 769.0
667.0 818.0
668.0 971.0
669.0 867.0
670.0 793.0
671.0 993.0
672.0 906.0
673.0 1080.0
674.0 1040.0
675.0 745.0
676.0 945.0
677.0 908.0
678.0 561.0
679.0 576.0
680.0 747.0
681.0 1150.0
682.0 1040.0
683.0 804.0
684.0 854.0
685.0 838.0
686.0 750.0
687.0 771.0
688.0 733.0
689.0 1030.0
690.0 895.0
691.0 885.0
692.0 780.0
693.0 712.0
694.0 850.0
695.0 763.0
696.0 827.0
697.0 841.0
698.0 790.0
699.0 789.0
700.0 1100.0
701.0 941.0
702.0 1230.0
703.0 287.0
704.0 28.0
705.0 123.0
706.0 84.0
707.0 116.0
708.0 507.0
709.0 581.0
710.0 497.0
711.0 307.0
712.0 116.0
713.0 92.0
714.0 134.0
715.0 177.0
716.0 257.0
717.0 353.0
718.0 360.0
719.0 415.0
720.0 375.0
721.0 364.0
722.0 465.0
723.0 423.0
724.0 426.0
725.0 499.0
726.0 535.0
727.0 559.0
728.0 464.0
729.0 548.0
730.0 570.0
731.0 598.0
732.0 613.0
733.0 610.0
734.0 618.0
735.0 763.0
736.0 606.0
737.0 568.0
738.0 566.0
739.0 677.0
740.0 635.0
741.0 742.0
742.0 601.0
743.0 634.0
744.0 570.0
745.0 497.0
746.0 617.0
747.0 517.0
748.0 483.0
749.0 562.0
750.0 532.0
751.0 672.0
752.0 487.0
753.0 590.0
754.0 682.0
755.0 621.0
756.0 630.0
757.0 521.0
758.0 558.0
759.0 528.0
760.0 464.0
761.0 493.0
762.0 524.0
763.0 499.0
764.0 512.0
765.0 292.0
766.0 118.0
767.0 125.0
768.0 93.0
769.0 122.0
770.0 82.0
771.0 120.0
772.0 120.0
773.0 115.0
774.0 80.0
775.0 108.0
776.0 156.0
777.0 192.0
778.0 208.0
779.0 233.0
780.0 224.0
781.0 276.0
782.0 304.0
783.0 348.0
784.0 426.0
785.0 487.0
786.0 526.0
787.0 603.0
788.0 656.0
789.0 670.0
790.0 780.0
791.0 732.0
