0.0 161.0
1.0 52.0
2.0 157.0
3.0 245.0
4.0 114.0
5.0 110.0
6.0 125.0
7.0 110.0
8.0 106.0
9.0 112.0
10.0 110.0
11.0 105.0
12.0 108.0
13.0 112.0
14.0 105.0
15.0 275.0
16.0 821.0
17.0 664.0
18.0 48.0
19.0 18.0
20.0 114.0
21.0 104.0
22.0 212.0
23.0 217.0
24.0 302.0
25.0 254.0
26.0 326.0
27.0 218.0
28.0 229.0
29.0 313.0
30.0 150.0
31.0 39.0
32.0 92.0
33.0 123.0
34.0 90.0
35.0 118.0
36.0 119.0
37.0 103.0
38.0 91.0
39.0 116.0
40.0 124.0
41.0 110.0
42.0 94.0
43.0 115.0
44.0 119.0
45.0 195.0
46.0 271.0
47.0 358.0
48.0 314.0
49.0 39.0
50.0 107.0
51.0 101.0
52.0 73.0
53.0 45.0
54.0 56.0
55.0 66.0
56.0 99.0
57.0 301.0
58.0 458.0
59.0 479.0
60.0 484.0
61.0 492.0
62.0 474.0
63.0 527.0
64.0 579.0
65.0 650.0
66.0 713.0
67.0 608.0
68.0 122.0
69.0 98.0
70.0 125.0
71.0 266.0
72.0 598.0
73.0 364.0
74.0 414.0
75.0 300.0
76.0 154.0
77.0 394.0
78.0 360.0
79.0 260.0
80.0 99.0
81.0 62.0
82.0 55.0
83.0 118.0
84.0 293.0
85.0 587.0
86.0 556.0
87.0 590.0
88.0 612.0
89.0 600.0
90.0 597.0
91.0 547.0
92.0 586.0
93.0 286.0
94.0 106.0
95.0 282.0
96.0 723.0
97.0 730.0
98.0 880.0
99.0 696.0
100.0 665.0
101.0 569.0
102.0 615.0
103.0 112.0
104.0 120.0
105.0 108.0
106.0 92.0
107.0 115.0
108.0 121.0
109.0 301.0
110.0 751.0
111.0 747.0
112.0 741.0
113.0 746.0
114.0 749.0
115.0 789.0
116.0 738.0
117.0 580.0
118.0 695.0
119.0 83.0
120.0 210.0
121.0 263.0
122.0 251.0
123.0 268.0
124.0 543.0
125.0 365.0
126.0 512.0
127.0 292.0
128.0 157.0
129.0 99.0
130.0 56.0
131.0 21.0
132.0 45.0
133.0 12.0
134.0 101.0
135.0 116.0
136.0 275.0
137.0 392.0
138.0 291.0
139.0 150.0
140.0 149.0
141.0 126.0
142.0 118.0
143.0 187.0
144.0 296.0
145.0 301.0
146.0 121.0
147.0 116.0
148.0 136.0
149.0 307.0
150.0 372.0
151.0 388.0
152.0 388.0
153.0 402.0
154.0 403.0
155.0 124.0
156.0 93.0
157.0 122.0
158.0 114.0
159.0 91.0
160.0 108.0
161.0 120.0
162.0 125.0
163.0 86.0
164.0 100.0
165.0 94.0
166.0 101.0
167.0 276.0
168.0 496.0
169.0 540.0
170.0 616.0
171.0 301.0
172.0 88.0
173.0 265.0
174.0 199.0
175.0 96.0
176.0 98.0
177.0 123.0
178.0 94.0
179.0 113.0
180.0 109.0
