0.0 1270.0
1.0 1420.0
2.0 1170.0
3.0 1420.0
4.0 1310.0
5.0 1310.0
6.0 1350.0
7.0 1320.0
8.0 1430.0
9.0 1400.0
10.0 1390.0
11.0 1270.0
12.0 1280.0
13.0 1430.0
14.0 1460.0
15.0 1360.0
16.0 1250.0
17.0 1320.0
18.0 1560.0
19.0 1210.0
20.0 938.0
21.0 1020.0
22.0 1080.0
23.0 817.0
24.0 557.0
25.0 77.0
26.0 356.0
27.0 429.0
28.0 326.0
29.0 203.0
30.0 216.0
31.0 194.0
32.0 83.0
33.0 90.0
34.0 85.0
35.0 88.0
36.0 61.0
37.0 110.0
38.0 124.0
39.0 116.0
40.0 459.0
41.0 488.0
42.0 512.0
43.0 537.0
44.0 545.0
45.0 661.0
46.0 725.0
47.0 829.0
48.0 838.0
49.0 919.0
50.0 745.0
51.0 951.0
52.0 954.0
53.0 916.0
54.0 841.0
55.0 869.0
56.0 1060.0
57.0 326.0
58.0 142.0
59.0 95.0
60.0 282.0
61.0 662.0
62.0 592.0
63.0 656.0
64.0 619.0
65.0 632.0
66.0 582.0
67.0 512.0
68.0 610.0
69.0 778.0
70.0 767.0
71.0 851.0
72.0 888.0
73.0 709.0
74.0 1030.0
75.0 1090.0
76.0 1220.0
77.0 1420.0
78.0 1400.0
79.0 1430.0
80.0 1360.0
81.0 1370.0
82.0 1350.0
83.0 1350.0
84.0 1010.0
85.0 806.0
86.0 157.0
87.0 116.0
88.0 104.0
89.0 78.0
90.0 273.0
91.0 605.0
92.0 298.0
93.0 492.0
94.0 538.0
95.0 491.0
96.0 479.0
97.0 576.0
98.0 492.0
99.0 693.0
100.0 629.0
101.0 655.0
102.0 603.0
103.0 640.0
104.0 602.0
105.0 615.0
106.0 521.0
107.0 690.0
108.0 594.0
109.0 529.0
110.0 501.0
111.0 654.0
112.0 624.0
113.0 596.0
114.0 524.0
115.0 475.0
116.0 527.0
117.0 507.0
118.0 544.0
119.0 512.0
120.0 621.0
121.0 542.0
122.0 380.0
123.0 544.0
124.0 570.0
125.0 625.0
126.0 567.0
127.0 516.0
128.0 606.0
129.0 487.0
130.0 554.0
131.0 345.0
132.0 369.0
133.0 680.0
134.0 534.0
135.0 681.0
136.0 675.0
137.0 599.0
138.0 683.0
139.0 700.0
140.0 516.0
141.0 607.0
142.0 32.0
143.0 336.0
144.0 540.0
145.0 484.0
146.0 467.0
147.0 542.0
148.0 492.0
149.0 429.0
150.0 498.0
151.0 671.0
152.0 614.0
153.0 570.0
154.0 545.0
155.0 446.0
156.0 537.0
157.0 349.0
158.0 11.0
159.0 2.0
160.0 0.0
161.0 27.0
162.0 4.0
163.0 0.0
164.0 34.0
165.0 30.0
166.0 10.0
167.0 4.0
168.0 80.0
169.0 116.0
170.0 93.0
171.0 414.0
172.0 619.0
173.0 630.0
174.0 636.0
175.0 655.0
176.0 660.0
177.0 599.0
178.0 0.0
179.0 182.0
180.0 881.0
181.0 963.0
182.0 1150.0
183.0 1150.0
184.0 1240.0
185.0 1230.0
186.0 1100.0
187.0 1320.0
188.0 1140.0
189.0 1430.0
190.0 1560.0
191.0 1690.0
192.0 1400.0
193.0 1240.0
194.0 1350.0
195.0 1350.0
196.0 1210.0
197.0 1330.0
198.0 1220.0
199.0 1040.0
200.0 1240.0
201.0 1430.0
202.0 1430.0
203.0 1360.0
204.0 1040.0
205.0 1000.0
206.0 1010.0
207.0 909.0
208.0 552.0
209.0 358.0
210.0 226.0
211.0 455.0
212.0 140.0
213.0 128.0
214.0 139.0
215.0 126.0
216.0 151.0
217.0 110.0
218.0 645.0
219.0 578.0
220.0 632.0
221.0 617.0
222.0 688.0
223.0 779.0
224.0 761.0
225.0 757.0
226.0 725.0
227.0 756.0
228.0 744.0
229.0 702.0
230.0 708.0
231.0 837.0
232.0 76.0
233.0 106.0
234.0 402.0
235.0 429.0
236.0 286.0
237.0 184.0
238.0 140.0
239.0 232.0
240.0 328.0
241.0 218.0
242.0 226.0
243.0 381.0
244.0 391.0
245.0 414.0
246.0 226.0
247.0 216.0
248.0 226.0
249.0 373.0
250.0 775.0
251.0 578.0
252.0 363.0
253.0 199.0
254.0 195.0
255.0 183.0
256.0 195.0
257.0 194.0
258.0 179.0
259.0 255.0
260.0 84.0
261.0 898.0
262.0 1080.0
263.0 1140.0
264.0 1030.0
265.0 962.0
266.0 1010.0
267.0 1270.0
268.0 1090.0
269.0 1050.0
270.0 1180.0
271.0 1190.0
272.0 1070.0
273.0 1020.0
274.0 1040.0
275.0 1080.0
276.0 1040.0
277.0 1200.0
278.0 1010.0
279.0 951.0
280.0 908.0
281.0 1450.0
282.0 1030.0
283.0 940.0
284.0 908.0
285.0 970.0
286.0 855.0
287.0 821.0
288.0 846.0
289.0 831.0
290.0 979.0
291.0 1020.0
292.0 952.0
293.0 889.0
294.0 892.0
295.0 873.0
296.0 1050.0
297.0 1080.0
298.0 847.0
299.0 1040.0
300.0 787.0
301.0 1050.0
302.0 1060.0
303.0 1070.0
304.0 1180.0
305.0 827.0
306.0 949.0
307.0 832.0
308.0 717.0
309.0 659.0
310.0 507.0
311.0 53.0
312.0 19.0
313.0 2.0
314.0 69.0
315.0 59.0
316.0 50.0
317.0 41.0
318.0 56.0
319.0 5.0
320.0 0.0
321.0 0.0
322.0 0.0
323.0 2.0
324.0 53.0
325.0 66.0
326.0 75.0
327.0 119.0
328.0 282.0
329.0 303.0
330.0 348.0
331.0 414.0
332.0 427.0
333.0 526.0
334.0 559.0
335.0 607.0
336.0 421.0
337.0 390.0
338.0 26.0
339.0 67.0
340.0 40.0
341.0 53.0
342.0 59.0
343.0 64.0
344.0 115.0
345.0 113.0
346.0 305.0
347.0 204.0
348.0 40.0
349.0 43.0
350.0 40.0
351.0 42.0
352.0 42.0
353.0 46.0
354.0 96.0
355.0 117.0
356.0 316.0
357.0 331.0
358.0 375.0
359.0 412.0
360.0 495.0
361.0 539.0
362.0 597.0
363.0 652.0
364.0 704.0
365.0 794.0
366.0 766.0
367.0 822.0
368.0 222.0
369.0 96.0
370.0 70.0
371.0 40.0
372.0 93.0
373.0 20.0
374.0 121.0
375.0 95.0
376.0 395.0
377.0 456.0
378.0 463.0
379.0 476.0
380.0 479.0
381.0 443.0
382.0 511.0
383.0 495.0
384.0 424.0
385.0 519.0
386.0 504.0
387.0 607.0
388.0 605.0
389.0 705.0
390.0 757.0
391.0 675.0
392.0 873.0
393.0 906.0
394.0 937.0
395.0 969.0
396.0 633.0
397.0 114.0
398.0 110.0
399.0 813.0
400.0 845.0
401.0 868.0
402.0 808.0
403.0 870.0
404.0 904.0
405.0 845.0
406.0 888.0
407.0 742.0
408.0 784.0
409.0 771.0
410.0 747.0
411.0 371.0
412.0 447.0
413.0 73.0
414.0 101.0
415.0 133.0
416.0 102.0
417.0 465.0
418.0 636.0
419.0 618.0
420.0 650.0
421.0 634.0
422.0 596.0
423.0 588.0
424.0 611.0
425.0 721.0
426.0 564.0
427.0 470.0
428.0 723.0
429.0 258.0
430.0 399.0
431.0 514.0
432.0 645.0
433.0 694.0
434.0 766.0
435.0 624.0
436.0 403.0
437.0 577.0
438.0 249.0
439.0 130.0
440.0 110.0
441.0 104.0
442.0 435.0
443.0 574.0
444.0 510.0
445.0 591.0
446.0 610.0
447.0 576.0
448.0 493.0
449.0 544.0
450.0 548.0
451.0 605.0
452.0 412.0
453.0 115.0
454.0 116.0
455.0 628.0
456.0 620.0
457.0 710.0
458.0 678.0
459.0 485.0
460.0 528.0
461.0 614.0
462.0 622.0
463.0 651.0
464.0 655.0
465.0 709.0
466.0 753.0
467.0 735.0
468.0 823.0
469.0 838.0
470.0 919.0
471.0 965.0
472.0 960.0
473.0 908.0
474.0 922.0
475.0 1090.0
476.0 1090.0
477.0 958.0
478.0 794.0
479.0 985.0
480.0 998.0
481.0 933.0
482.0 248.0
483.0 92.0
484.0 123.0
485.0 110.0
486.0 49.0
487.0 299.0
488.0 543.0
489.0 677.0
490.0 694.0
491.0 606.0
492.0 704.0
493.0 691.0
494.0 680.0
495.0 785.0
496.0 905.0
497.0 882.0
498.0 807.0
499.0 834.0
500.0 832.0
501.0 856.0
502.0 796.0
503.0 786.0
504.0 771.0
505.0 843.0
506.0 804.0
507.0 853.0
508.0 832.0
509.0 670.0
510.0 791.0
511.0 789.0
512.0 837.0
513.0 901.0
514.0 336.0
515.0 120.0
516.0 104.0
517.0 123.0
518.0 93.0
519.0 75.0
520.0 88.0
521.0 46.0
522.0 81.0
523.0 116.0
524.0 109.0
525.0 82.0
526.0 103.0
527.0 103.0
528.0 120.0
529.0 107.0
530.0 102.0
531.0 121.0
532.0 99.0
533.0 80.0
534.0 125.0
535.0 47.0
536.0 69.0
537.0 60.0
538.0 19.0
539.0 35.0
540.0 4.0
541.0 38.0
542.0 2.0
543.0 105.0
544.0 119.0
545.0 102.0
546.0 118.0
547.0 172.0
548.0 105.0
549.0 98.0
550.0 98.0
551.0 177.0
552.0 100.0
553.0 114.0
554.0 98.0
555.0 91.0
556.0 94.0
557.0 59.0
558.0 88.0
559.0 104.0
560.0 147.0
561.0 79.0
562.0 413.0
563.0 622.0
564.0 667.0
565.0 466.0
566.0 368.0
567.0 49.0
568.0 99.0
569.0 225.0
570.0 580.0
571.0 588.0
572.0 556.0
573.0 591.0
574.0 540.0
575.0 320.0
576.0 549.0
577.0 479.0
578.0 481.0
579.0 459.0
580.0 513.0
581.0 488.0
582.0 535.0
583.0 549.0
584.0 585.0
585.0 558.0
586.0 647.0
587.0 679.0
588.0 647.0
589.0 546.0
590.0 232.0
591.0 76.0
592.0 115.0
593.0 123.0
594.0 108.0
595.0 125.0
596.0 102.0
597.0 112.0
598.0 93.0
599.0 81.0
600.0 117.0
601.0 122.0
602.0 109.0
603.0 111.0
604.0 93.0
605.0 115.0
606.0 89.0
607.0 125.0
608.0 121.0
609.0 124.0
610.0 111.0
611.0 113.0
612.0 97.0
613.0 100.0
614.0 106.0
615.0 84.0
616.0 109.0
617.0 90.0
618.0 120.0
619.0 110.0
620.0 118.0
621.0 114.0
622.0 91.0
623.0 121.0
624.0 81.0
625.0 125.0
626.0 117.0
627.0 111.0
628.0 81.0
629.0 116.0
630.0 119.0
631.0 471.0
632.0 492.0
633.0 417.0
634.0 470.0
635.0 446.0
636.0 405.0
637.0 194.0
638.0 159.0
639.0 335.0
640.0 83.0
641.0 109.0
642.0 383.0
643.0 512.0
644.0 570.0
645.0 651.0
646.0 554.0
647.0 544.0
648.0 621.0
649.0 611.0
650.0 589.0
651.0 697.0
652.0 729.0
653.0 692.0
654.0 716.0
655.0 787.0
656.0 770.0
657.0 765.0
658.0 885.0
659.0 967.0
660.0 865.0
661.0 918.0
662.0 895.0
663.0 865.0
664.0 902.0
665.0 922.0
666.0 820.0
667.0 358.0
668.0 42.0
669.0 442.0
670.0 118.0
671.0 115.0
672.0 130.0
673.0 95.0
674.0 61.0
675.0 60.0
676.0 44.0
677.0 114.0
678.0 94.0
679.0 121.0
680.0 103.0
681.0 71.0
682.0 82.0
683.0 22.0
684.0 101.0
685.0 59.0
686.0 31.0
687.0 61.0
688.0 45.0
689.0 60.0
690.0 119.0
691.0 102.0
692.0 85.0
693.0 124.0
694.0 99.0
695.0 91.0
696.0 109.0
697.0 264.0
698.0 395.0
699.0 411.0
700.0 416.0
701.0 429.0
702.0 455.0
703.0 430.0
704.0 54.0
705.0 400.0
706.0 677.0
707.0 766.0
708.0 878.0
709.0 932.0
710.0 864.0
711.0 814.0
712.0 905.0
713.0 396.0
714.0 734.0
715.0 811.0
716.0 658.0
717.0 317.0
718.0 120.0
719.0 115.0
720.0 130.0
721.0 137.0
722.0 116.0
723.0 81.0
724.0 71.0
725.0 25.0
726.0 65.0
727.0 62.0
728.0 24.0
729.0 96.0
730.0 120.0
731.0 109.0
732.0 101.0
733.0 112.0
734.0 81.0
735.0 112.0
736.0 113.0
737.0 81.0
738.0 350.0
739.0 405.0
740.0 528.0
741.0 454.0
742.0 516.0
743.0 553.0
744.0 353.0
745.0 373.0
746.0 510.0
747.0 322.0
748.0 120.0
749.0 124.0
750.0 88.0
751.0 337.0
752.0 491.0
753.0 520.0
754.0 464.0
755.0 589.0
756.0 579.0
757.0 550.0
758.0 479.0
759.0 559.0
760.0 638.0
761.0 630.0
762.0 628.0
763.0 674.0
764.0 670.0
765.0 703.0
766.0 756.0
767.0 769.0
768.0 693.0
769.0 750.0
770.0 726.0
771.0 754.0
772.0 695.0
773.0 790.0
774.0 829.0
775.0 422.0
776.0 99.0
777.0 118.0
778.0 207.0
779.0 330.0
780.0 440.0
781.0 475.0
782.0 422.0
783.0 545.0
784.0 515.0
785.0 561.0
786.0 136.0
787.0 22.0
788.0 1.0
789.0 22.0
790.0 22.0
791.0 19.0
