0.0 124.0
1.0 30.0
2.0 79.0
3.0 120.0
4.0 163.0
5.0 246.0
6.0 326.0
7.0 354.0
8.0 445.0
9.0 501.0
10.0 633.0
11.0 120.0
12.0 2.0
13.0 159.0
14.0 400.0
15.0 241.0
16.0 319.0
17.0 96.0
18.0 98.0
19.0 91.0
20.0 348.0
21.0 360.0
22.0 305.0
23.0 332.0
24.0 339.0
25.0 448.0
26.0 220.0
27.0 255.0
28.0 519.0
29.0 629.0
30.0 766.0
31.0 657.0
32.0 102.0
33.0 30.0
34.0 124.0
35.0 111.0
36.0 287.0
37.0 412.0
38.0 494.0
39.0 762.0
40.0 792.0
41.0 738.0
42.0 694.0
43.0 781.0
44.0 841.0
45.0 761.0
46.0 186.0
47.0 78.0
48.0 95.0
49.0 95.0
50.0 102.0
51.0 108.0
52.0 87.0
53.0 110.0
54.0 107.0
55.0 91.0
56.0 125.0
57.0 106.0
58.0 116.0
59.0 113.0
60.0 109.0
61.0 120.0
62.0 93.0
63.0 124.0
64.0 101.0
65.0 121.0
66.0 99.0
67.0 97.0
68.0 90.0
69.0 120.0
70.0 103.0
71.0 97.0
72.0 117.0
73.0 108.0
74.0 148.0
75.0 247.0
76.0 305.0
77.0 421.0
78.0 412.0
79.0 356.0
80.0 451.0
81.0 494.0
82.0 475.0
83.0 523.0
84.0 515.0
85.0 599.0
86.0 637.0
87.0 566.0
88.0 711.0
89.0 759.0
90.0 757.0
91.0 734.0
92.0 655.0
93.0 816.0
94.0 830.0
95.0 962.0
96.0 997.0
97.0 956.0
98.0 843.0
99.0 986.0
100.0 902.0
101.0 1060.0
102.0 963.0
103.0 585.0
104.0 1030.0
105.0 776.0
106.0 682.0
107.0 728.0
108.0 734.0
109.0 559.0
110.0 531.0
111.0 356.0
112.0 53.0
113.0 460.0
114.0 22.0
115.0 179.0
116.0 10.0
117.0 2.0
118.0 17.0
119.0 45.0
120.0 16.0
121.0 113.0
122.0 115.0
123.0 69.0
124.0 180.0
125.0 201.0
126.0 207.0
127.0 224.0
128.0 272.0
129.0 313.0
130.0 324.0
131.0 326.0
132.0 486.0
133.0 479.0
134.0 565.0
135.0 594.0
136.0 470.0
137.0 614.0
138.0 634.0
139.0 601.0
140.0 621.0
141.0 716.0
142.0 657.0
143.0 611.0
144.0 488.0
145.0 377.0
146.0 535.0
147.0 525.0
148.0 525.0
149.0 501.0
150.0 470.0
151.0 485.0
152.0 553.0
153.0 88.0
154.0 112.0
155.0 0.0
156.0 0.0
157.0 31.0
158.0 5.0
159.0 3.0
160.0 34.0
161.0 81.0
162.0 108.0
163.0 85.0
164.0 117.0
165.0 111.0
166.0 177.0
167.0 200.0
168.0 250.0
169.0 347.0
170.0 391.0
171.0 68.0
172.0 26.0
173.0 6.0
174.0 6.0
175.0 29.0
176.0 121.0
177.0 107.0
178.0 294.0
179.0 312.0
180.0 360.0
181.0 167.0
182.0 7.0
183.0 10.0
184.0 0.0
185.0 101.0
186.0 117.0
187.0 330.0
188.0 363.0
189.0 472.0
190.0 420.0
191.0 458.0
192.0 496.0
193.0 503.0
194.0 509.0
195.0 524.0
196.0 574.0
197.0 567.0
198.0 651.0
199.0 497.0
200.0 596.0
201.0 525.0
202.0 741.0
203.0 775.0
204.0 675.0
205.0 682.0
206.0 578.0
207.0 677.0
208.0 643.0
209.0 826.0
210.0 625.0
211.0 808.0
212.0 782.0
213.0 697.0
214.0 748.0
215.0 545.0
216.0 356.0
217.0 393.0
218.0 470.0
219.0 464.0
220.0 430.0
221.0 398.0
222.0 454.0
223.0 306.0
224.0 56.0
225.0 12.0
226.0 117.0
227.0 107.0
228.0 7.0
229.0 126.0
230.0 161.0
231.0 42.0
232.0 3.0
233.0 0.0
234.0 0.0
235.0 1.0
236.0 100.0
237.0 124.0
238.0 112.0
239.0 109.0
240.0 123.0
241.0 212.0
242.0 308.0
243.0 386.0
244.0 442.0
245.0 485.0
246.0 536.0
247.0 481.0
248.0 562.0
249.0 664.0
