0.0 123.0
1.0 123.0
2.0 104.0
3.0 119.0
4.0 123.0
5.0 117.0
6.0 108.0
7.0 112.0
8.0 124.0
9.0 116.0
10.0 112.0
11.0 115.0
12.0 119.0
13.0 122.0
14.0 118.0
15.0 82.0
16.0 95.0
17.0 102.0
18.0 116.0
19.0 124.0
20.0 103.0
21.0 112.0
22.0 85.0
23.0 122.0
24.0 118.0
25.0 110.0
26.0 118.0
27.0 105.0
28.0 119.0
29.0 105.0
30.0 103.0
31.0 89.0
32.0 112.0
33.0 22.0
34.0 11.0
35.0 0.0
36.0 2.0
37.0 4.0
38.0 3.0
39.0 6.0
40.0 3.0
41.0 3.0
42.0 4.0
43.0 3.0
44.0 8.0
45.0 13.0
46.0 4.0
47.0 0.0
48.0 0.0
49.0 120.0
50.0 91.0
51.0 38.0
52.0 97.0
53.0 215.0
54.0 417.0
55.0 573.0
56.0 697.0
57.0 781.0
58.0 693.0
59.0 780.0
60.0 699.0
61.0 846.0
62.0 698.0
63.0 939.0
64.0 750.0
65.0 703.0
66.0 580.0
67.0 242.0
68.0 727.0
69.0 711.0
70.0 415.0
71.0 610.0
72.0 664.0
73.0 695.0
74.0 631.0
75.0 617.0
76.0 594.0
77.0 666.0
78.0 569.0
79.0 550.0
80.0 155.0
81.0 1.0
82.0 0.0
83.0 24.0
84.0 118.0
85.0 102.0
86.0 360.0
87.0 535.0
88.0 620.0
89.0 764.0
90.0 760.0
91.0 770.0
92.0 826.0
93.0 634.0
94.0 624.0
95.0 838.0
96.0 853.0
97.0 731.0
98.0 513.0
99.0 211.0
100.0 520.0
101.0 736.0
102.0 670.0
103.0 685.0
104.0 607.0
105.0 800.0
106.0 669.0
107.0 890.0
108.0 667.0
109.0 644.0
110.0 698.0
111.0 720.0
112.0 559.0
113.0 799.0
114.0 857.0
115.0 787.0
116.0 630.0
117.0 692.0
118.0 732.0
119.0 875.0
120.0 929.0
121.0 545.0
122.0 722.0
123.0 887.0
124.0 924.0
125.0 114.0
126.0 21.0
127.0 116.0
128.0 112.0
129.0 289.0
130.0 3.0
131.0 3.0
132.0 11.0
133.0 21.0
134.0 105.0
135.0 214.0
136.0 436.0
137.0 138.0
138.0 0.0
139.0 74.0
140.0 91.0
141.0 0.0
142.0 8.0
143.0 20.0
144.0 138.0
145.0 25.0
146.0 80.0
147.0 154.0
148.0 110.0
149.0 26.0
150.0 79.0
151.0 5.0
152.0 26.0
153.0 8.0
154.0 103.0
155.0 69.0
156.0 68.0
157.0 78.0
158.0 84.0
159.0 93.0
160.0 99.0
161.0 122.0
162.0 137.0
163.0 125.0
164.0 85.0
165.0 44.0
166.0 77.0
167.0 4.0
168.0 10.0
169.0 25.0
170.0 7.0
171.0 4.0
172.0 17.0
173.0 4.0
174.0 8.0
175.0 9.0
176.0 8.0
177.0 2.0
178.0 4.0
179.0 5.0
180.0 7.0
181.0 8.0
182.0 6.0
183.0 8.0
184.0 3.0
185.0 3.0
186.0 2.0
187.0 3.0
188.0 1.0
189.0 1.0
190.0 2.0
191.0 1.0
192.0 2.0
193.0 3.0
194.0 2.0
195.0 2.0
196.0 0.0
197.0 8.0
198.0 7.0
199.0 4.0
200.0 1.0
201.0 2.0
202.0 4.0
203.0 4.0
204.0 2.0
205.0 5.0
206.0 7.0
207.0 7.0
208.0 10.0
209.0 17.0
210.0 18.0
211.0 11.0
212.0 12.0
213.0 13.0
214.0 42.0
215.0 67.0
216.0 67.0
217.0 61.0
218.0 51.0
219.0 54.0
220.0 63.0
221.0 44.0
222.0 58.0
223.0 49.0
224.0 17.0
225.0 0.0
226.0 95.0
227.0 118.0
228.0 44.0
229.0 71.0
230.0 89.0
231.0 101.0
232.0 126.0
233.0 154.0
234.0 148.0
235.0 174.0
236.0 214.0
237.0 256.0
238.0 322.0
239.0 404.0
240.0 525.0
241.0 621.0
242.0 350.0
243.0 601.0
244.0 722.0
245.0 823.0
246.0 787.0
247.0 300.0
248.0 12.0
249.0 3.0
250.0 100.0
251.0 431.0
252.0 233.0
253.0 1.0
254.0 0.0
255.0 2.0
256.0 338.0
257.0 3.0
258.0 1.0
259.0 0.0
260.0 0.0
261.0 82.0
262.0 104.0
263.0 637.0
264.0 717.0
265.0 644.0
266.0 202.0
267.0 0.0
268.0 0.0
269.0 88.0
270.0 114.0
271.0 107.0
272.0 156.0
273.0 171.0
274.0 211.0
275.0 204.0
276.0 221.0
277.0 223.0
278.0 466.0
279.0 686.0
280.0 764.0
281.0 801.0
282.0 840.0
283.0 933.0
284.0 1020.0
285.0 1060.0
286.0 821.0
287.0 1070.0
288.0 992.0
289.0 683.0
290.0 769.0
291.0 921.0
292.0 910.0
293.0 1010.0
294.0 902.0
295.0 958.0
296.0 874.0
297.0 948.0
298.0 963.0
299.0 1070.0
300.0 1090.0
301.0 854.0
302.0 927.0
303.0 892.0
304.0 945.0
305.0 1190.0
306.0 1220.0
307.0 1110.0
308.0 1030.0
309.0 1290.0
310.0 1260.0
311.0 1200.0
312.0 1100.0
313.0 1080.0
314.0 1180.0
315.0 1340.0
316.0 836.0
317.0 126.0
318.0 0.0
319.0 0.0
320.0 0.0
321.0 110.0
322.0 109.0
323.0 8.0
324.0 8.0
325.0 6.0
326.0 10.0
327.0 29.0
328.0 45.0
329.0 51.0
330.0 62.0
331.0 183.0
332.0 366.0
333.0 347.0
334.0 543.0
335.0 722.0
336.0 748.0
337.0 725.0
338.0 744.0
339.0 1310.0
340.0 990.0
341.0 609.0
342.0 851.0
343.0 806.0
344.0 659.0
345.0 631.0
346.0 618.0
347.0 513.0
348.0 895.0
349.0 930.0
350.0 783.0
351.0 849.0
352.0 1010.0
353.0 1010.0
354.0 1020.0
355.0 924.0
356.0 1050.0
357.0 1090.0
358.0 1110.0
359.0 706.0
360.0 888.0
361.0 806.0
362.0 1100.0
363.0 1220.0
364.0 1320.0
365.0 706.0
366.0 1280.0
367.0 1290.0
368.0 1140.0
369.0 968.0
370.0 1400.0
371.0 1440.0
372.0 1200.0
373.0 998.0
374.0 910.0
375.0 1170.0
376.0 1160.0
377.0 1060.0
378.0 1200.0
379.0 948.0
380.0 785.0
381.0 947.0
382.0 1040.0
383.0 1010.0
384.0 788.0
385.0 751.0
386.0 1020.0
387.0 927.0
388.0 769.0
389.0 942.0
390.0 761.0
391.0 977.0
392.0 986.0
393.0 924.0
394.0 1060.0
395.0 1060.0
396.0 1100.0
397.0 988.0
398.0 1160.0
399.0 1030.0
400.0 1340.0
401.0 1370.0
402.0 1410.0
403.0 1430.0
404.0 1170.0
405.0 1450.0
406.0 1410.0
407.0 1420.0
408.0 1380.0
409.0 1250.0
410.0 1070.0
411.0 1260.0
412.0 966.0
413.0 1380.0
414.0 1230.0
415.0 1140.0
416.0 1290.0
417.0 1050.0
418.0 862.0
419.0 1090.0
420.0 1230.0
421.0 1030.0
422.0 1400.0
423.0 1220.0
424.0 1330.0
425.0 1220.0
426.0 1240.0
427.0 685.0
428.0 1070.0
429.0 1160.0
430.0 1180.0
431.0 939.0
432.0 896.0
433.0 755.0
434.0 647.0
435.0 255.0
436.0 113.0
437.0 389.0
438.0 428.0
439.0 238.0
440.0 240.0
441.0 274.0
442.0 45.0
443.0 165.0
444.0 150.0
445.0 84.0
446.0 0.0
447.0 0.0
448.0 0.0
449.0 0.0
450.0 0.0
451.0 116.0
452.0 97.0
453.0 175.0
454.0 228.0
455.0 247.0
456.0 261.0
457.0 286.0
458.0 238.0
459.0 243.0
460.0 233.0
461.0 210.0
462.0 215.0
463.0 233.0
464.0 260.0
465.0 287.0
466.0 343.0
467.0 401.0
468.0 466.0
469.0 495.0
470.0 558.0
471.0 761.0
472.0 871.0
473.0 886.0
474.0 1040.0
475.0 1210.0
476.0 1280.0
477.0 1270.0
478.0 1290.0
479.0 1270.0
480.0 1130.0
481.0 1360.0
482.0 1320.0
483.0 791.0
484.0 994.0
485.0 903.0
486.0 938.0
487.0 1110.0
488.0 1370.0
489.0 1220.0
490.0 1440.0
491.0 1350.0
492.0 1320.0
493.0 808.0
494.0 1190.0
495.0 1080.0
496.0 971.0
497.0 1270.0
498.0 1200.0
499.0 1040.0
500.0 1140.0
501.0 1240.0
502.0 1000.0
503.0 1050.0
504.0 915.0
505.0 1090.0
506.0 982.0
507.0 1250.0
508.0 945.0
509.0 957.0
510.0 914.0
511.0 1220.0
512.0 1030.0
513.0 934.0
514.0 870.0
515.0 800.0
516.0 736.0
517.0 914.0
518.0 958.0
519.0 821.0
520.0 727.0
521.0 840.0
522.0 1090.0
523.0 800.0
524.0 374.0
525.0 107.0
526.0 121.0
527.0 107.0
528.0 95.0
529.0 116.0
530.0 121.0
531.0 99.0
532.0 116.0
533.0 98.0
534.0 102.0
535.0 96.0
536.0 110.0
537.0 110.0
538.0 121.0
539.0 116.0
540.0 112.0
541.0 106.0
542.0 89.0
543.0 116.0
544.0 105.0
545.0 85.0
546.0 117.0
547.0 110.0
548.0 83.0
549.0 88.0
550.0 86.0
551.0 119.0
552.0 84.0
553.0 110.0
554.0 124.0
555.0 116.0
556.0 125.0
557.0 100.0
558.0 109.0
559.0 122.0
560.0 93.0
561.0 120.0
562.0 107.0
563.0 84.0
564.0 124.0
565.0 100.0
566.0 90.0
567.0 105.0
568.0 114.0
569.0 115.0
570.0 87.0
571.0 122.0
572.0 93.0
573.0 99.0
574.0 103.0
575.0 91.0
576.0 109.0
577.0 114.0
578.0 97.0
579.0 125.0
580.0 124.0
581.0 122.0
582.0 101.0
583.0 88.0
584.0 122.0
585.0 92.0
586.0 112.0
587.0 113.0
588.0 107.0
589.0 123.0
590.0 106.0
591.0 124.0
592.0 123.0
593.0 115.0
594.0 93.0
595.0 81.0
596.0 113.0
597.0 105.0
598.0 82.0
599.0 123.0
600.0 99.0
601.0 115.0
602.0 90.0
603.0 102.0
604.0 104.0
605.0 108.0
606.0 86.0
607.0 106.0
608.0 90.0
609.0 109.0
610.0 106.0
611.0 124.0
612.0 95.0
613.0 108.0
614.0 111.0
615.0 87.0
616.0 106.0
617.0 118.0
618.0 79.0
619.0 104.0
620.0 86.0
621.0 96.0
622.0 118.0
623.0 108.0
624.0 104.0
625.0 91.0
626.0 116.0
627.0 84.0
628.0 120.0
629.0 124.0
630.0 120.0
631.0 114.0
632.0 114.0
633.0 95.0
634.0 87.0
635.0 84.0
636.0 108.0
637.0 102.0
638.0 110.0
639.0 122.0
640.0 121.0
641.0 122.0
642.0 122.0
643.0 106.0
644.0 107.0
645.0 173.0
646.0 157.0
647.0 162.0
648.0 173.0
649.0 202.0
650.0 231.0
651.0 264.0
652.0 302.0
653.0 350.0
654.0 398.0
655.0 432.0
656.0 401.0
657.0 534.0
658.0 661.0
659.0 801.0
660.0 904.0
661.0 1070.0
662.0 1100.0
663.0 1130.0
664.0 1230.0
665.0 1140.0
666.0 920.0
667.0 893.0
668.0 1030.0
669.0 1220.0
670.0 1120.0
671.0 1010.0
672.0 850.0
673.0 973.0
674.0 1120.0
675.0 949.0
676.0 1070.0
677.0 795.0
678.0 625.0
679.0 438.0
680.0 768.0
681.0 576.0
682.0 304.0
683.0 61.0
684.0 0.0
685.0 14.0
686.0 49.0
687.0 34.0
688.0 10.0
689.0 18.0
690.0 43.0
691.0 33.0
692.0 0.0
693.0 20.0
694.0 91.0
695.0 118.0
696.0 115.0
697.0 119.0
698.0 109.0
699.0 131.0
700.0 144.0
701.0 26.0
702.0 1.0
703.0 0.0
704.0 0.0
705.0 0.0
706.0 1.0
707.0 104.0
708.0 123.0
709.0 85.0
710.0 107.0
711.0 26.0
712.0 28.0
713.0 0.0
714.0 0.0
715.0 0.0
716.0 0.0
717.0 0.0
718.0 90.0
719.0 109.0
720.0 81.0
721.0 40.0
722.0 0.0
723.0 0.0
724.0 0.0
725.0 0.0
726.0 85.0
727.0 100.0
728.0 74.0
729.0 98.0
730.0 84.0
731.0 0.0
732.0 0.0
733.0 0.0
734.0 0.0
735.0 0.0
736.0 77.0
737.0 116.0
738.0 111.0
739.0 94.0
740.0 92.0
741.0 117.0
742.0 125.0
743.0 125.0
744.0 80.0
745.0 118.0
746.0 124.0
747.0 101.0
748.0 106.0
749.0 120.0
750.0 95.0
751.0 93.0
752.0 99.0
753.0 114.0
754.0 104.0
755.0 99.0
756.0 104.0
757.0 112.0
758.0 86.0
759.0 125.0
760.0 94.0
761.0 108.0
762.0 117.0
763.0 95.0
764.0 123.0
765.0 117.0
766.0 90.0
767.0 116.0
768.0 94.0
769.0 123.0
770.0 117.0
771.0 84.0
772.0 120.0
773.0 121.0
774.0 107.0
775.0 106.0
776.0 119.0
777.0 125.0
778.0 113.0
779.0 125.0
780.0 106.0
781.0 103.0
782.0 114.0
783.0 104.0
784.0 119.0
785.0 117.0
786.0 116.0
787.0 125.0
788.0 114.0
789.0 109.0
790.0 119.0
791.0 112.0
792.0 122.0
793.0 115.0
794.0 113.0
795.0 97.0
796.0 113.0
797.0 108.0
798.0 107.0
799.0 104.0
