0.0 34.0
1.0 113.0
2.0 78.0
3.0 113.0
4.0 108.0
5.0 114.0
6.0 116.0
7.0 115.0
8.0 113.0
9.0 104.0
10.0 100.0
11.0 116.0
12.0 676.0
13.0 823.0
14.0 790.0
15.0 818.0
16.0 857.0
17.0 705.0
18.0 520.0
19.0 0.0
20.0 331.0
21.0 759.0
22.0 827.0
23.0 735.0
24.0 326.0
25.0 630.0
26.0 859.0
27.0 884.0
28.0 713.0
29.0 727.0
30.0 1100.0
31.0 399.0
32.0 172.0
33.0 16.0
34.0 0.0
35.0 0.0
36.0 0.0
37.0 0.0
38.0 1.0
39.0 60.0
40.0 122.0
41.0 224.0
42.0 77.0
43.0 114.0
44.0 90.0
45.0 461.0
46.0 541.0
47.0 530.0
48.0 572.0
49.0 551.0
50.0 478.0
51.0 39.0
52.0 110.0
53.0 117.0
54.0 641.0
55.0 785.0
56.0 866.0
57.0 875.0
58.0 790.0
59.0 865.0
60.0 908.0
61.0 785.0
62.0 888.0
63.0 928.0
64.0 914.0
65.0 907.0
66.0 676.0
67.0 377.0
68.0 0.0
69.0 0.0
70.0 0.0
71.0 0.0
72.0 52.0
73.0 122.0
74.0 117.0
75.0 894.0
76.0 374.0
77.0 303.0
78.0 246.0
79.0 27.0
80.0 0.0
81.0 0.0
82.0 0.0
83.0 0.0
84.0 58.0
85.0 121.0
86.0 93.0
87.0 947.0
88.0 1030.0
89.0 1150.0
90.0 1220.0
91.0 944.0
92.0 791.0
93.0 838.0
94.0 188.0
95.0 19.0
96.0 117.0
97.0 114.0
98.0 81.0
99.0 5.0
100.0 6.0
101.0 87.0
102.0 119.0
103.0 89.0
104.0 784.0
105.0 760.0
106.0 844.0
107.0 876.0
108.0 837.0
109.0 856.0
110.0 862.0
111.0 893.0
112.0 899.0
113.0 983.0
114.0 1000.0
115.0 1030.0
116.0 1000.0
117.0 917.0
118.0 835.0
119.0 995.0
120.0 1510.0
121.0 1230.0
122.0 1420.0
123.0 1130.0
124.0 942.0
125.0 612.0
126.0 78.0
127.0 304.0
128.0 2.0
129.0 0.0
130.0 15.0
131.0 158.0
132.0 96.0
133.0 1200.0
134.0 1200.0
135.0 929.0
136.0 874.0
137.0 822.0
138.0 682.0
139.0 860.0
140.0 760.0
141.0 1350.0
142.0 1550.0
143.0 1270.0
144.0 1070.0
145.0 1580.0
146.0 1610.0
147.0 1200.0
148.0 1220.0
149.0 1130.0
150.0 971.0
151.0 1130.0
152.0 964.0
153.0 45.0
154.0 123.0
155.0 87.0
156.0 1300.0
157.0 1050.0
158.0 1040.0
159.0 834.0
160.0 1000.0
161.0 1050.0
162.0 1010.0
163.0 991.0
164.0 766.0
165.0 831.0
166.0 434.0
167.0 359.0
168.0 356.0
169.0 1.0
170.0 0.0
171.0 0.0
172.0 91.0
173.0 102.0
174.0 124.0
175.0 101.0
176.0 118.0
177.0 116.0
178.0 106.0
179.0 96.0
180.0 122.0
181.0 96.0
182.0 113.0
183.0 108.0
184.0 123.0
185.0 119.0
186.0 125.0
187.0 103.0
188.0 125.0
189.0 91.0
190.0 118.0
191.0 103.0
192.0 116.0
193.0 122.0
194.0 121.0
195.0 83.0
196.0 83.0
197.0 109.0
198.0 88.0
199.0 108.0
200.0 111.0
201.0 120.0
202.0 114.0
203.0 102.0
204.0 157.0
205.0 214.0
206.0 213.0
207.0 137.0
208.0 195.0
209.0 210.0
210.0 251.0
211.0 262.0
212.0 301.0
213.0 346.0
214.0 407.0
215.0 412.0
216.0 433.0
217.0 467.0
218.0 554.0
219.0 540.0
220.0 636.0
221.0 676.0
222.0 748.0
223.0 622.0
224.0 639.0
225.0 321.0
226.0 502.0
227.0 761.0
228.0 778.0
229.0 651.0
230.0 850.0
231.0 774.0
232.0 763.0
233.0 815.0
234.0 771.0
235.0 849.0
236.0 617.0
237.0 309.0
238.0 121.0
239.0 119.0
240.0 114.0
241.0 576.0
242.0 589.0
243.0 600.0
244.0 668.0
245.0 632.0
246.0 709.0
247.0 684.0
248.0 210.0
249.0 664.0
250.0 763.0
251.0 821.0
252.0 761.0
253.0 830.0
254.0 849.0
255.0 905.0
256.0 889.0
257.0 911.0
258.0 939.0
259.0 1000.0
260.0 1030.0
261.0 983.0
262.0 984.0
263.0 1050.0
264.0 1180.0
265.0 1280.0
266.0 1220.0
267.0 1080.0
268.0 1270.0
269.0 1250.0
270.0 987.0
271.0 1150.0
272.0 935.0
273.0 903.0
274.0 875.0
275.0 970.0
276.0 1020.0
277.0 955.0
278.0 866.0
279.0 920.0
280.0 949.0
281.0 914.0
282.0 858.0
283.0 894.0
284.0 951.0
285.0 997.0
286.0 949.0
287.0 893.0
288.0 825.0
289.0 1010.0
290.0 961.0
291.0 864.0
292.0 852.0
293.0 858.0
294.0 899.0
295.0 834.0
296.0 981.0
297.0 1050.0
298.0 957.0
299.0 879.0
300.0 928.0
301.0 859.0
302.0 949.0
303.0 811.0
304.0 1040.0
305.0 287.0
306.0 9.0
307.0 111.0
308.0 96.0
309.0 665.0
310.0 754.0
311.0 893.0
312.0 35.0
313.0 125.0
314.0 120.0
315.0 688.0
316.0 626.0
317.0 737.0
318.0 825.0
319.0 840.0
320.0 777.0
321.0 672.0
322.0 586.0
323.0 686.0
324.0 664.0
325.0 400.0
326.0 113.0
327.0 115.0
328.0 686.0
329.0 620.0
330.0 764.0
331.0 693.0
332.0 926.0
333.0 883.0
334.0 1050.0
335.0 877.0
336.0 910.0
337.0 784.0
338.0 962.0
339.0 958.0
340.0 976.0
341.0 1080.0
342.0 1020.0
343.0 1150.0
344.0 1050.0
345.0 673.0
346.0 11.0
347.0 97.0
348.0 626.0
349.0 814.0
350.0 659.0
351.0 724.0
352.0 818.0
353.0 805.0
354.0 911.0
355.0 905.0
356.0 877.0
357.0 870.0
358.0 951.0
359.0 776.0
360.0 916.0
361.0 461.0
362.0 963.0
363.0 949.0
364.0 652.0
365.0 294.0
366.0 842.0
367.0 784.0
368.0 704.0
369.0 820.0
370.0 639.0
371.0 745.0
372.0 750.0
373.0 875.0
374.0 818.0
375.0 840.0
376.0 1030.0
377.0 734.0
378.0 623.0
379.0 702.0
380.0 753.0
381.0 811.0
382.0 619.0
383.0 930.0
384.0 466.0
385.0 784.0
386.0 776.0
387.0 795.0
388.0 774.0
389.0 491.0
390.0 434.0
391.0 54.0
392.0 3.0
393.0 15.0
394.0 45.0
395.0 32.0
396.0 71.0
397.0 125.0
398.0 86.0
399.0 324.0
400.0 336.0
401.0 323.0
402.0 351.0
403.0 227.0
404.0 121.0
405.0 122.0
406.0 102.0
407.0 81.0
408.0 122.0
409.0 223.0
410.0 158.0
411.0 251.0
412.0 261.0
413.0 280.0
414.0 331.0
415.0 319.0
416.0 325.0
417.0 350.0
418.0 324.0
419.0 292.0
420.0 398.0
421.0 351.0
422.0 379.0
423.0 433.0
424.0 438.0
425.0 489.0
426.0 514.0
427.0 587.0
428.0 561.0
429.0 581.0
430.0 580.0
431.0 634.0
432.0 623.0
433.0 634.0
434.0 664.0
435.0 570.0
436.0 709.0
437.0 633.0
438.0 582.0
439.0 563.0
440.0 600.0
441.0 688.0
442.0 712.0
443.0 691.0
444.0 625.0
445.0 766.0
446.0 727.0
447.0 666.0
448.0 686.0
449.0 789.0
450.0 798.0
451.0 881.0
452.0 887.0
453.0 1020.0
454.0 929.0
455.0 891.0
456.0 939.0
457.0 981.0
458.0 974.0
459.0 663.0
460.0 749.0
461.0 821.0
462.0 867.0
463.0 783.0
464.0 803.0
465.0 753.0
466.0 636.0
467.0 701.0
468.0 565.0
469.0 575.0
470.0 597.0
471.0 594.0
472.0 391.0
473.0 617.0
474.0 545.0
475.0 578.0
476.0 393.0
477.0 16.0
478.0 202.0
479.0 351.0
480.0 422.0
481.0 508.0
482.0 464.0
483.0 418.0
484.0 346.0
485.0 436.0
486.0 456.0
487.0 339.0
488.0 0.0
489.0 0.0
490.0 0.0
491.0 1.0
492.0 0.0
493.0 0.0
494.0 125.0
495.0 119.0
496.0 163.0
497.0 301.0
498.0 378.0
499.0 360.0
500.0 361.0
501.0 294.0
502.0 330.0
503.0 346.0
504.0 381.0
505.0 386.0
506.0 324.0
507.0 387.0
508.0 446.0
509.0 331.0
510.0 372.0
511.0 389.0
512.0 405.0
513.0 472.0
514.0 707.0
515.0 675.0
516.0 787.0
517.0 600.0
518.0 113.0
519.0 30.0
520.0 2.0
521.0 0.0
522.0 96.0
523.0 112.0
524.0 535.0
525.0 543.0
526.0 514.0
527.0 590.0
528.0 717.0
529.0 700.0
530.0 668.0
531.0 799.0
532.0 792.0
533.0 816.0
534.0 801.0
535.0 800.0
536.0 860.0
537.0 1000.0
538.0 853.0
539.0 930.0
540.0 1070.0
541.0 1120.0
542.0 1130.0
543.0 1150.0
544.0 1160.0
545.0 1250.0
546.0 1340.0
547.0 1360.0
548.0 1440.0
549.0 1420.0
550.0 1430.0
551.0 1520.0
552.0 1620.0
553.0 1690.0
554.0 1700.0
555.0 1720.0
556.0 1550.0
557.0 1490.0
558.0 1460.0
559.0 985.0
560.0 31.0
561.0 4.0
562.0 121.0
563.0 105.0
564.0 1110.0
565.0 1240.0
566.0 1330.0
567.0 1420.0
568.0 1480.0
569.0 1460.0
570.0 1140.0
571.0 988.0
572.0 1110.0
573.0 1120.0
574.0 1260.0
575.0 1410.0
576.0 1220.0
577.0 1320.0
578.0 1370.0
579.0 1380.0
580.0 1190.0
581.0 1140.0
582.0 1200.0
583.0 1050.0
584.0 1090.0
585.0 556.0
586.0 23.0
587.0 111.0
588.0 98.0
589.0 885.0
590.0 1020.0
591.0 1120.0
592.0 996.0
593.0 1040.0
594.0 1230.0
595.0 858.0
596.0 1210.0
597.0 1310.0
598.0 1230.0
599.0 1350.0
600.0 1300.0
601.0 1430.0
602.0 1410.0
603.0 1090.0
604.0 1490.0
605.0 1330.0
606.0 500.0
607.0 8.0
608.0 112.0
609.0 86.0
610.0 483.0
611.0 1180.0
612.0 1350.0
613.0 1060.0
614.0 1190.0
615.0 904.0
616.0 982.0
617.0 901.0
618.0 963.0
619.0 1120.0
620.0 817.0
621.0 960.0
622.0 701.0
623.0 710.0
624.0 735.0
625.0 894.0
626.0 744.0
627.0 765.0
628.0 737.0
629.0 406.0
630.0 567.0
631.0 738.0
632.0 735.0
633.0 705.0
634.0 739.0
635.0 209.0
636.0 572.0
637.0 554.0
638.0 525.0
639.0 745.0
640.0 698.0
641.0 586.0
642.0 674.0
643.0 612.0
644.0 595.0
645.0 390.0
646.0 317.0
647.0 75.0
648.0 102.0
649.0 115.0
650.0 59.0
651.0 2.0
652.0 0.0
653.0 9.0
654.0 27.0
655.0 124.0
656.0 95.0
657.0 193.0
658.0 252.0
659.0 113.0
660.0 7.0
661.0 0.0
662.0 0.0
663.0 1.0
664.0 9.0
665.0 77.0
666.0 116.0
667.0 126.0
668.0 115.0
669.0 139.0
670.0 127.0
671.0 185.0
672.0 186.0
673.0 179.0
674.0 168.0
675.0 238.0
676.0 213.0
677.0 234.0
678.0 189.0
679.0 238.0
680.0 1.0
681.0 99.0
682.0 168.0
683.0 224.0
684.0 211.0
685.0 217.0
686.0 233.0
687.0 242.0
688.0 307.0
689.0 307.0
690.0 289.0
691.0 264.0
692.0 274.0
693.0 309.0
694.0 275.0
695.0 360.0
696.0 326.0
697.0 390.0
698.0 289.0
699.0 439.0
700.0 438.0
701.0 427.0
702.0 429.0
703.0 432.0
704.0 335.0
705.0 518.0
706.0 496.0
707.0 416.0
708.0 504.0
709.0 494.0
710.0 407.0
711.0 507.0
712.0 425.0
713.0 517.0
714.0 519.0
715.0 525.0
716.0 476.0
717.0 542.0
718.0 549.0
719.0 689.0
720.0 681.0
721.0 681.0
722.0 618.0
723.0 619.0
724.0 737.0
725.0 608.0
726.0 660.0
727.0 639.0
728.0 622.0
729.0 489.0
730.0 524.0
731.0 526.0
732.0 462.0
733.0 454.0
734.0 516.0
735.0 141.0
736.0 101.0
737.0 102.0
738.0 117.0
739.0 113.0
740.0 103.0
741.0 118.0
742.0 120.0
743.0 108.0
744.0 121.0
745.0 121.0
746.0 120.0
747.0 118.0
748.0 104.0
749.0 120.0
750.0 105.0
751.0 145.0
752.0 162.0
753.0 171.0
754.0 216.0
755.0 201.0
756.0 265.0
757.0 301.0
758.0 366.0
759.0 397.0
760.0 416.0
761.0 475.0
762.0 496.0
763.0 568.0
764.0 558.0
765.0 621.0
766.0 570.0
767.0 699.0
768.0 665.0
769.0 665.0
770.0 537.0
771.0 560.0
772.0 673.0
773.0 825.0
774.0 756.0
775.0 563.0
776.0 58.0
777.0 8.0
778.0 235.0
779.0 68.0
780.0 97.0
781.0 60.0
782.0 0.0
783.0 80.0
784.0 124.0
785.0 346.0
786.0 422.0
787.0 550.0
788.0 571.0
789.0 578.0
790.0 587.0
791.0 662.0
792.0 646.0
793.0 744.0
794.0 654.0
795.0 739.0
796.0 566.0
