0.0 31.0
1.0 88.0
2.0 103.0
3.0 93.0
4.0 90.0
5.0 96.0
6.0 116.0
7.0 124.0
8.0 49.0
9.0 112.0
10.0 105.0
11.0 114.0
12.0 106.0
13.0 164.0
14.0 0.0
15.0 0.0
16.0 83.0
17.0 120.0
18.0 111.0
19.0 354.0
20.0 281.0
21.0 278.0
22.0 291.0
23.0 326.0
24.0 99.0
25.0 86.0
26.0 103.0
27.0 124.0
28.0 382.0
29.0 99.0
30.0 20.0
31.0 26.0
32.0 10.0
33.0 12.0
34.0 39.0
35.0 123.0
36.0 94.0
37.0 133.0
38.0 336.0
39.0 314.0
40.0 371.0
41.0 314.0
42.0 222.0
43.0 99.0
44.0 246.0
45.0 98.0
46.0 729.0
47.0 601.0
48.0 393.0
49.0 236.0
50.0 213.0
51.0 268.0
52.0 115.0
53.0 104.0
54.0 803.0
55.0 710.0
56.0 832.0
57.0 824.0
58.0 712.0
59.0 773.0
60.0 852.0
61.0 830.0
62.0 586.0
63.0 43.0
64.0 86.0
65.0 118.0
66.0 94.0
67.0 119.0
68.0 103.0
69.0 113.0
70.0 568.0
71.0 685.0
72.0 684.0
73.0 478.0
74.0 211.0
75.0 23.0
76.0 27.0
77.0 58.0
78.0 85.0
79.0 86.0
80.0 75.0
81.0 76.0
82.0 0.0
83.0 0.0
84.0 0.0
85.0 0.0
86.0 0.0
87.0 0.0
88.0 0.0
89.0 0.0
90.0 0.0
91.0 0.0
92.0 0.0
93.0 46.0
94.0 113.0
95.0 88.0
96.0 97.0
97.0 54.0
98.0 101.0
99.0 82.0
100.0 119.0
101.0 124.0
102.0 106.0
103.0 107.0
104.0 100.0
105.0 125.0
106.0 210.0
107.0 365.0
108.0 420.0
109.0 447.0
110.0 465.0
111.0 256.0
112.0 262.0
113.0 421.0
114.0 539.0
115.0 455.0
116.0 896.0
117.0 984.0
118.0 1070.0
119.0 1310.0
120.0 1170.0
121.0 1390.0
122.0 826.0
123.0 240.0
124.0 147.0
125.0 37.0
126.0 34.0
127.0 73.0
128.0 68.0
129.0 59.0
130.0 116.0
131.0 114.0
132.0 79.0
133.0 152.0
134.0 114.0
135.0 893.0
136.0 872.0
137.0 364.0
138.0 357.0
139.0 69.0
140.0 109.0
141.0 129.0
142.0 111.0
143.0 111.0
144.0 425.0
145.0 442.0
146.0 451.0
147.0 496.0
148.0 424.0
149.0 406.0
150.0 374.0
151.0 402.0
152.0 461.0
153.0 524.0
154.0 587.0
155.0 818.0
156.0 922.0
157.0 1130.0
158.0 1220.0
159.0 1240.0
160.0 805.0
161.0 55.0
162.0 79.0
163.0 125.0
164.0 121.0
165.0 121.0
166.0 125.0
167.0 107.0
168.0 710.0
169.0 776.0
170.0 733.0
171.0 779.0
172.0 615.0
173.0 137.0
174.0 167.0
175.0 115.0
176.0 750.0
177.0 721.0
178.0 784.0
179.0 861.0
180.0 819.0
181.0 822.0
182.0 812.0
183.0 870.0
184.0 883.0
185.0 842.0
186.0 919.0
187.0 948.0
188.0 998.0
189.0 1000.0
190.0 951.0
191.0 1040.0
192.0 1100.0
193.0 1100.0
194.0 1150.0
195.0 1170.0
196.0 1140.0
197.0 1110.0
198.0 1090.0
199.0 1220.0
200.0 1140.0
201.0 1280.0
202.0 1240.0
203.0 1500.0
204.0 1430.0
205.0 178.0
206.0 233.0
207.0 117.0
208.0 80.0
209.0 157.0
210.0 84.0
211.0 30.0
212.0 24.0
213.0 234.0
214.0 271.0
215.0 102.0
216.0 597.0
217.0 740.0
