0.0 242.0
1.0 667.0
2.0 994.0
3.0 671.0
4.0 79.0
5.0 96.0
6.0 955.0
7.0 940.0
8.0 1170.0
9.0 639.0
10.0 400.0
11.0 116.0
12.0 82.0
13.0 124.0
14.0 105.0
15.0 259.0
16.0 466.0
17.0 562.0
18.0 652.0
19.0 631.0
20.0 608.0
21.0 619.0
22.0 508.0
23.0 815.0
24.0 915.0
25.0 1020.0
26.0 1010.0
27.0 1160.0
28.0 1210.0
29.0 1120.0
30.0 875.0
31.0 753.0
32.0 867.0
33.0 876.0
34.0 823.0
35.0 1060.0
36.0 1210.0
37.0 1100.0
38.0 896.0
39.0 652.0
40.0 767.0
41.0 1200.0
42.0 1000.0
43.0 824.0
44.0 902.0
45.0 459.0
46.0 118.0
47.0 110.0
48.0 100.0
49.0 52.0
50.0 812.0
51.0 1100.0
52.0 852.0
53.0 699.0
54.0 326.0
55.0 258.0
56.0 254.0
57.0 111.0
58.0 106.0
59.0 607.0
60.0 971.0
61.0 924.0
62.0 891.0
63.0 1050.0
64.0 1050.0
65.0 1150.0
66.0 855.0
67.0 1100.0
68.0 1160.0
69.0 1230.0
70.0 1180.0
71.0 1030.0
72.0 812.0
73.0 1020.0
74.0 1100.0
75.0 1270.0
76.0 1280.0
77.0 1220.0
78.0 1200.0
79.0 495.0
80.0 85.0
81.0 116.0
82.0 946.0
83.0 1210.0
84.0 880.0
85.0 987.0
86.0 867.0
87.0 841.0
88.0 916.0
89.0 831.0
90.0 810.0
91.0 762.0
92.0 772.0
93.0 693.0
94.0 649.0
95.0 461.0
96.0 543.0
97.0 962.0
98.0 1380.0
99.0 1470.0
100.0 611.0
101.0 1050.0
102.0 947.0
103.0 1390.0
104.0 988.0
105.0 839.0
106.0 438.0
107.0 123.0
108.0 125.0
109.0 301.0
110.0 119.0
111.0 114.0
112.0 1020.0
113.0 1360.0
114.0 1390.0
115.0 1060.0
116.0 1080.0
117.0 1320.0
118.0 1640.0
119.0 1390.0
120.0 1640.0
121.0 793.0
122.0 1550.0
123.0 1670.0
124.0 1630.0
125.0 1530.0
126.0 1000.0
127.0 805.0
128.0 1050.0
129.0 1030.0
130.0 546.0
131.0 115.0
132.0 96.0
133.0 589.0
134.0 359.0
135.0 365.0
136.0 232.0
137.0 89.0
138.0 20.0
139.0 4.0
140.0 35.0
141.0 21.0
142.0 118.0
143.0 114.0
144.0 289.0
145.0 290.0
146.0 620.0
147.0 722.0
148.0 705.0
149.0 777.0
150.0 767.0
151.0 767.0
152.0 717.0
153.0 750.0
154.0 846.0
155.0 925.0
156.0 284.0
157.0 527.0
158.0 935.0
159.0 940.0
160.0 925.0
161.0 861.0
162.0 948.0
163.0 1030.0
164.0 890.0
165.0 824.0
166.0 894.0
167.0 821.0
168.0 901.0
169.0 818.0
170.0 1030.0
171.0 1040.0
172.0 1070.0
173.0 1030.0
174.0 1200.0
175.0 992.0
176.0 22.0
177.0 0.0
178.0 0.0
179.0 0.0
180.0 0.0
181.0 3.0
182.0 88.0
183.0 110.0
184.0 110.0
185.0 121.0
186.0 118.0
187.0 124.0
188.0 94.0
189.0 112.0
190.0 120.0
191.0 125.0
192.0 105.0
193.0 121.0
194.0 116.0
195.0 94.0
196.0 90.0
197.0 99.0
198.0 113.0
199.0 600.0
200.0 824.0
201.0 829.0
202.0 623.0
203.0 568.0
204.0 671.0
205.0 573.0
206.0 312.0
207.0 0.0
208.0 560.0
209.0 754.0
210.0 770.0
211.0 856.0
212.0 961.0
213.0 1010.0
214.0 983.0
215.0 976.0
216.0 873.0
217.0 1020.0
218.0 882.0
219.0 1080.0
220.0 912.0
221.0 914.0
222.0 1110.0
223.0 872.0
224.0 975.0
225.0 1050.0
226.0 764.0
227.0 1000.0
228.0 1090.0
229.0 1120.0
230.0 1270.0
231.0 1090.0
232.0 1060.0
233.0 1110.0
234.0 1120.0
235.0 884.0
236.0 1170.0
237.0 1090.0
238.0 1120.0
239.0 1020.0
240.0 1180.0
241.0 1240.0
242.0 1080.0
243.0 904.0
244.0 1040.0
245.0 1060.0
246.0 944.0
247.0 1010.0
248.0 1210.0
249.0 989.0
250.0 939.0
251.0 1030.0
252.0 515.0
253.0 120.0
254.0 121.0
255.0 84.0
256.0 112.0
257.0 104.0
258.0 124.0
259.0 87.0
260.0 724.0
261.0 790.0
262.0 594.0
263.0 775.0
264.0 722.0
265.0 769.0
266.0 789.0
267.0 665.0
268.0 772.0
269.0 801.0
270.0 728.0
271.0 820.0
272.0 780.0
273.0 865.0
274.0 880.0
275.0 862.0
276.0 867.0
277.0 984.0
278.0 1030.0
279.0 1050.0
280.0 1080.0
281.0 1070.0
282.0 1120.0
283.0 1110.0
284.0 989.0
285.0 1040.0
286.0 1060.0
287.0 1120.0
288.0 898.0
289.0 1040.0
290.0 1270.0
291.0 1130.0
292.0 940.0
293.0 994.0
294.0 967.0
295.0 932.0
296.0 796.0
297.0 900.0
298.0 997.0
299.0 967.0
300.0 903.0
301.0 831.0
302.0 974.0
303.0 961.0
304.0 915.0
305.0 926.0
306.0 823.0
307.0 881.0
308.0 863.0
309.0 457.0
310.0 99.0
311.0 116.0
312.0 679.0
313.0 940.0
314.0 928.0
315.0 1040.0
316.0 1050.0
317.0 1070.0
318.0 1090.0
319.0 1050.0
320.0 1030.0
321.0 1050.0
322.0 1060.0
323.0 1020.0
324.0 1080.0
325.0 1180.0
326.0 1080.0
327.0 928.0
328.0 1080.0
329.0 1140.0
330.0 1080.0
331.0 905.0
332.0 1080.0
333.0 764.0
334.0 1120.0
335.0 1150.0
336.0 1080.0
337.0 981.0
338.0 1080.0
339.0 943.0
340.0 996.0
341.0 920.0
342.0 928.0
343.0 664.0
344.0 116.0
345.0 124.0
346.0 708.0
347.0 898.0
348.0 798.0
349.0 1060.0
350.0 115.0
351.0 89.0
352.0 505.0
353.0 762.0
354.0 828.0
355.0 1010.0
356.0 1130.0
357.0 1210.0
358.0 967.0
359.0 1140.0
360.0 1510.0
361.0 1070.0
362.0 956.0
363.0 1310.0
364.0 1340.0
365.0 1040.0
366.0 1440.0
367.0 1350.0
368.0 934.0
369.0 1430.0
370.0 1440.0
371.0 1070.0
372.0 1220.0
373.0 1300.0
374.0 1530.0
375.0 923.0
376.0 1440.0
377.0 1100.0
378.0 1040.0
379.0 1400.0
380.0 1490.0
381.0 912.0
382.0 1130.0
383.0 1430.0
384.0 1270.0
385.0 1030.0
386.0 1310.0
387.0 1490.0
388.0 1230.0
389.0 869.0
390.0 820.0
391.0 563.0
392.0 916.0
393.0 1080.0
394.0 657.0
395.0 690.0
396.0 716.0
397.0 807.0
398.0 776.0
399.0 4.0
400.0 0.0
401.0 0.0
402.0 0.0
403.0 0.0
404.0 4.0
405.0 114.0
406.0 113.0
407.0 5.0
408.0 7.0
409.0 23.0
410.0 34.0
411.0 34.0
412.0 35.0
413.0 11.0
414.0 28.0
415.0 3.0
416.0 11.0
417.0 14.0
418.0 152.0
419.0 80.0
420.0 39.0
421.0 69.0
422.0 49.0
423.0 50.0
424.0 47.0
425.0 88.0
426.0 107.0
427.0 80.0
428.0 127.0
429.0 132.0
430.0 182.0
431.0 424.0
432.0 549.0
433.0 588.0
434.0 585.0
435.0 593.0
436.0 668.0
437.0 646.0
438.0 589.0
439.0 646.0
440.0 572.0
441.0 656.0
442.0 652.0
443.0 540.0
444.0 514.0
445.0 679.0
446.0 770.0
447.0 760.0
448.0 741.0
449.0 833.0
450.0 852.0
451.0 817.0
452.0 986.0
453.0 904.0
454.0 1030.0
455.0 1010.0
456.0 1030.0
457.0 1410.0
458.0 1120.0
459.0 1120.0
460.0 813.0
461.0 1150.0
462.0 1010.0
463.0 1080.0
464.0 1020.0
465.0 1150.0
466.0 1020.0
467.0 646.0
468.0 988.0
469.0 970.0
470.0 916.0
471.0 949.0
472.0 841.0
473.0 728.0
474.0 375.0
475.0 0.0
476.0 0.0
477.0 105.0
478.0 114.0
479.0 132.0
480.0 493.0
481.0 673.0
482.0 755.0
483.0 676.0
484.0 287.0
485.0 0.0
486.0 0.0
487.0 111.0
488.0 117.0
489.0 112.0
490.0 91.0
491.0 106.0
492.0 124.0
493.0 106.0
494.0 121.0
495.0 86.0
496.0 100.0
497.0 119.0
498.0 80.0
499.0 11.0
500.0 79.0
501.0 110.0
502.0 93.0
503.0 123.0
504.0 123.0
505.0 84.0
506.0 104.0
507.0 114.0
508.0 121.0
509.0 93.0
510.0 122.0
511.0 104.0
512.0 120.0
513.0 101.0
514.0 83.0
515.0 96.0
516.0 88.0
517.0 108.0
518.0 230.0
519.0 523.0
520.0 556.0
521.0 605.0
522.0 480.0
523.0 289.0
524.0 227.0
525.0 505.0
526.0 556.0
527.0 564.0
528.0 629.0
529.0 589.0
530.0 378.0
531.0 502.0
532.0 654.0
533.0 690.0
534.0 890.0
535.0 844.0
536.0 939.0
537.0 649.0
538.0 0.0
539.0 0.0
540.0 115.0
541.0 103.0
542.0 526.0
543.0 617.0
544.0 701.0
545.0 688.0
546.0 977.0
547.0 849.0
548.0 1070.0
549.0 909.0
550.0 1010.0
551.0 1030.0
552.0 1190.0
553.0 1220.0
554.0 1270.0
555.0 1050.0
556.0 1300.0
557.0 710.0
558.0 1240.0
559.0 794.0
560.0 1310.0
561.0 1270.0
562.0 754.0
563.0 1310.0
564.0 1290.0
565.0 759.0
566.0 1230.0
567.0 1340.0
568.0 1320.0
569.0 1390.0
570.0 1260.0
571.0 1300.0
572.0 929.0
573.0 1160.0
574.0 1360.0
575.0 928.0
576.0 1220.0
577.0 1120.0
578.0 1010.0
579.0 1220.0
580.0 941.0
581.0 993.0
582.0 949.0
583.0 946.0
584.0 997.0
585.0 936.0
586.0 688.0
587.0 394.0
588.0 114.0
589.0 51.0
590.0 3.0
591.0 56.0
592.0 108.0
593.0 62.0
594.0 60.0
595.0 44.0
596.0 55.0
597.0 82.0
598.0 76.0
599.0 95.0
600.0 131.0
601.0 95.0
602.0 208.0
603.0 303.0
604.0 389.0
605.0 459.0
606.0 435.0
607.0 488.0
608.0 533.0
609.0 546.0
610.0 161.0
611.0 484.0
612.0 529.0
613.0 314.0
614.0 77.0
615.0 122.0
616.0 592.0
617.0 686.0
618.0 656.0
619.0 754.0
620.0 743.0
621.0 827.0
622.0 598.0
623.0 686.0
624.0 795.0
625.0 864.0
626.0 822.0
627.0 968.0
628.0 979.0
629.0 904.0
630.0 892.0
631.0 1020.0
632.0 860.0
633.0 766.0
634.0 832.0
635.0 107.0
636.0 568.0
637.0 686.0
638.0 617.0
639.0 207.0
640.0 0.0
641.0 74.0
642.0 106.0
643.0 259.0
644.0 327.0
645.0 180.0
646.0 433.0
647.0 85.0
648.0 137.0
649.0 45.0
650.0 115.0
651.0 96.0
652.0 221.0
653.0 366.0
654.0 457.0
655.0 505.0
656.0 452.0
657.0 483.0
658.0 458.0
659.0 492.0
660.0 510.0
661.0 515.0
662.0 488.0
663.0 542.0
664.0 544.0
665.0 596.0
666.0 631.0
667.0 620.0
668.0 655.0
669.0 679.0
670.0 746.0
671.0 703.0
672.0 582.0
673.0 577.0
674.0 762.0
675.0 669.0
676.0 762.0
677.0 760.0
678.0 867.0
679.0 847.0
680.0 927.0
681.0 544.0
682.0 675.0
683.0 746.0
684.0 927.0
685.0 706.0
686.0 502.0
687.0 844.0
688.0 974.0
689.0 920.0
690.0 980.0
691.0 1170.0
692.0 1130.0
693.0 592.0
694.0 710.0
695.0 674.0
696.0 650.0
697.0 697.0
698.0 549.0
699.0 673.0
700.0 598.0
701.0 682.0
702.0 490.0
703.0 509.0
704.0 671.0
705.0 806.0
706.0 582.0
707.0 730.0
708.0 793.0
709.0 770.0
710.0 759.0
711.0 753.0
712.0 598.0
713.0 839.0
714.0 658.0
715.0 665.0
716.0 759.0
717.0 581.0
718.0 602.0
719.0 539.0
720.0 749.0
721.0 788.0
722.0 1060.0
723.0 766.0
724.0 1040.0
725.0 1040.0
726.0 989.0
727.0 816.0
728.0 983.0
729.0 1100.0
730.0 867.0
731.0 1120.0
732.0 957.0
733.0 499.0
734.0 39.0
735.0 405.0
736.0 485.0
737.0 719.0
738.0 654.0
739.0 649.0
740.0 782.0
741.0 654.0
742.0 840.0
743.0 775.0
744.0 817.0
745.0 783.0
746.0 551.0
747.0 733.0
748.0 867.0
749.0 880.0
750.0 765.0
751.0 784.0
752.0 961.0
753.0 865.0
754.0 851.0
755.0 640.0
756.0 2.0
757.0 77.0
758.0 124.0
759.0 524.0
760.0 843.0
761.0 861.0
762.0 872.0
763.0 867.0
764.0 1040.0
765.0 838.0
766.0 880.0
767.0 857.0
768.0 1190.0
769.0 903.0
770.0 1080.0
771.0 760.0
772.0 863.0
773.0 1050.0
774.0 454.0
775.0 120.0
776.0 123.0
777.0 123.0
778.0 115.0
779.0 117.0
780.0 85.0
781.0 786.0
782.0 908.0
783.0 780.0
784.0 708.0
785.0 493.0
786.0 785.0
787.0 386.0
788.0 443.0
789.0 48.0
790.0 7.0
791.0 102.0
792.0 79.0
793.0 389.0
794.0 459.0
795.0 575.0
796.0 487.0
797.0 599.0
798.0 508.0
