0.0 62.0
1.0 131.0
2.0 224.0
3.0 349.0
4.0 443.0
5.0 608.0
6.0 540.0
7.0 54.0
8.0 115.0
9.0 111.0
10.0 162.0
11.0 372.0
12.0 96.0
13.0 124.0
14.0 120.0
15.0 107.0
16.0 125.0
17.0 109.0
18.0 91.0
19.0 115.0
20.0 94.0
21.0 110.0
22.0 112.0
23.0 91.0
24.0 125.0
25.0 30.0
26.0 56.0
27.0 2.0
28.0 99.0
29.0 116.0
30.0 158.0
31.0 197.0
32.0 151.0
33.0 224.0
34.0 165.0
35.0 199.0
36.0 183.0
37.0 198.0
38.0 229.0
39.0 70.0
40.0 4.0
41.0 1.0
42.0 5.0
43.0 12.0
44.0 43.0
45.0 125.0
46.0 108.0
47.0 116.0
48.0 103.0
49.0 108.0
50.0 115.0
51.0 88.0
52.0 110.0
53.0 107.0
54.0 109.0
55.0 84.0
56.0 114.0
57.0 90.0
58.0 124.0
59.0 116.0
60.0 79.0
61.0 108.0
62.0 106.0
63.0 79.0
64.0 105.0
65.0 104.0
66.0 104.0
67.0 122.0
68.0 97.0
69.0 118.0
70.0 123.0
71.0 125.0
72.0 121.0
73.0 122.0
74.0 125.0
75.0 119.0
76.0 113.0
77.0 122.0
78.0 122.0
79.0 111.0
80.0 117.0
81.0 88.0
82.0 125.0
83.0 124.0
84.0 89.0
85.0 88.0
86.0 101.0
87.0 111.0
88.0 119.0
89.0 125.0
90.0 97.0
91.0 105.0
92.0 113.0
93.0 99.0
94.0 108.0
95.0 99.0
96.0 116.0
97.0 107.0
98.0 85.0
99.0 106.0
100.0 118.0
101.0 107.0
102.0 119.0
103.0 106.0
104.0 86.0
105.0 121.0
106.0 105.0
107.0 103.0
108.0 78.0
109.0 125.0
110.0 97.0
111.0 112.0
112.0 87.0
113.0 120.0
114.0 113.0
115.0 119.0
116.0 93.0
117.0 111.0
118.0 111.0
119.0 102.0
120.0 125.0
121.0 123.0
122.0 114.0
123.0 35.0
124.0 51.0
125.0 69.0
126.0 79.0
127.0 133.0
128.0 204.0
129.0 73.0
130.0 213.0
131.0 465.0
132.0 391.0
133.0 44.0
134.0 3.0
135.0 53.0
136.0 61.0
137.0 115.0
138.0 86.0
139.0 501.0
140.0 479.0
141.0 542.0
142.0 605.0
143.0 708.0
144.0 460.0
145.0 517.0
146.0 577.0
147.0 575.0
148.0 682.0
149.0 671.0
150.0 513.0
151.0 491.0
152.0 760.0
153.0 530.0
154.0 499.0
155.0 612.0
156.0 0.0
157.0 94.0
158.0 108.0
159.0 117.0
160.0 111.0
161.0 91.0
162.0 170.0
163.0 202.0
164.0 283.0
165.0 295.0
166.0 318.0
167.0 444.0
168.0 508.0
169.0 469.0
170.0 649.0
171.0 550.0
172.0 405.0
173.0 481.0
174.0 33.0
175.0 13.0
176.0 93.0
177.0 31.0
178.0 47.0
179.0 25.0
180.0 106.0
181.0 122.0
182.0 232.0
183.0 255.0
184.0 229.0
185.0 280.0
186.0 307.0
187.0 367.0
188.0 315.0
189.0 390.0
190.0 224.0
191.0 10.0
192.0 92.0
193.0 111.0
194.0 336.0
195.0 350.0
196.0 433.0
197.0 420.0
198.0 537.0
199.0 511.0
200.0 428.0
201.0 479.0
202.0 502.0
203.0 487.0
204.0 573.0
205.0 602.0
206.0 534.0
207.0 562.0
208.0 527.0
209.0 501.0
210.0 553.0
211.0 512.0
212.0 459.0
213.0 332.0
214.0 224.0
215.0 338.0
216.0 263.0
217.0 233.0
218.0 124.0
219.0 128.0
220.0 122.0
221.0 98.0
222.0 103.0
223.0 114.0
224.0 104.0
225.0 101.0
226.0 119.0
227.0 100.0
228.0 119.0
229.0 107.0
230.0 125.0
231.0 123.0
232.0 118.0
233.0 125.0
234.0 125.0
235.0 104.0
