0.0 115.0
1.0 107.0
2.0 123.0
3.0 89.0
4.0 90.0
5.0 102.0
6.0 112.0
7.0 119.0
8.0 124.0
9.0 94.0
10.0 106.0
11.0 123.0
12.0 116.0
13.0 123.0
14.0 100.0
15.0 85.0
16.0 90.0
17.0 124.0
18.0 104.0
19.0 99.0
20.0 110.0
21.0 113.0
22.0 85.0
23.0 94.0
24.0 109.0
25.0 120.0
26.0 112.0
27.0 21.0
28.0 26.0
29.0 27.0
30.0 23.0
31.0 32.0
32.0 33.0
33.0 43.0
34.0 41.0
35.0 54.0
36.0 72.0
37.0 99.0
38.0 133.0
39.0 185.0
40.0 281.0
41.0 266.0
42.0 386.0
43.0 399.0
44.0 473.0
45.0 531.0
46.0 448.0
47.0 471.0
48.0 783.0
49.0 796.0
50.0 748.0
51.0 935.0
52.0 1010.0
53.0 1030.0
54.0 826.0
55.0 776.0
56.0 1430.0
57.0 792.0
58.0 757.0
59.0 730.0
60.0 803.0
61.0 791.0
62.0 839.0
63.0 898.0
64.0 896.0
65.0 914.0
66.0 877.0
67.0 876.0
68.0 947.0
69.0 881.0
70.0 875.0
71.0 801.0
72.0 794.0
73.0 784.0
74.0 772.0
75.0 444.0
76.0 617.0
77.0 697.0
78.0 849.0
79.0 780.0
80.0 814.0
81.0 686.0
82.0 654.0
83.0 755.0
84.0 782.0
85.0 689.0
86.0 629.0
87.0 566.0
88.0 649.0
89.0 602.0
90.0 677.0
91.0 700.0
92.0 113.0
93.0 1.0
94.0 76.0
95.0 106.0
96.0 33.0
97.0 293.0
98.0 401.0
99.0 491.0
100.0 496.0
101.0 533.0
102.0 668.0
103.0 668.0
104.0 576.0
105.0 817.0
106.0 776.0
107.0 790.0
108.0 847.0
109.0 891.0
110.0 724.0
111.0 869.0
112.0 908.0
113.0 1100.0
114.0 1080.0
115.0 1040.0
116.0 1100.0
117.0 854.0
118.0 1070.0
119.0 1080.0
120.0 793.0
121.0 856.0
122.0 760.0
123.0 942.0
124.0 693.0
125.0 765.0
126.0 760.0
127.0 719.0
128.0 646.0
129.0 730.0
130.0 595.0
131.0 826.0
132.0 777.0
133.0 703.0
134.0 719.0
135.0 735.0
136.0 700.0
137.0 689.0
138.0 556.0
139.0 519.0
140.0 513.0
141.0 16.0
142.0 9.0
143.0 116.0
144.0 528.0
145.0 590.0
146.0 89.0
147.0 3.0
148.0 188.0
149.0 13.0
150.0 151.0
151.0 191.0
152.0 251.0
153.0 182.0
154.0 10.0
155.0 91.0
156.0 88.0
157.0 124.0
158.0 215.0
159.0 27.0
160.0 15.0
161.0 2.0
162.0 27.0
163.0 117.0
164.0 83.0
165.0 179.0
166.0 379.0
167.0 375.0
168.0 436.0
169.0 553.0
170.0 524.0
171.0 640.0
172.0 596.0
173.0 739.0
174.0 808.0
175.0 872.0
176.0 919.0
177.0 923.0
178.0 1180.0
179.0 1350.0
180.0 1140.0
181.0 1390.0
182.0 1250.0
183.0 1370.0
184.0 1240.0
185.0 1300.0
186.0 1380.0
187.0 1620.0
188.0 1540.0
189.0 1490.0
190.0 1440.0
191.0 1520.0
192.0 1550.0
193.0 1550.0
194.0 1370.0
195.0 1450.0
196.0 1280.0
197.0 1480.0
198.0 1450.0
199.0 1360.0
200.0 1170.0
201.0 1080.0
202.0 886.0
203.0 843.0
204.0 838.0
205.0 532.0
206.0 548.0
207.0 204.0
208.0 13.0
209.0 24.0
210.0 45.0
211.0 101.0
212.0 99.0
213.0 332.0
214.0 702.0
215.0 781.0
216.0 704.0
217.0 875.0
218.0 962.0
219.0 1020.0
220.0 1100.0
221.0 1000.0
222.0 927.0
223.0 1100.0
224.0 1190.0
225.0 1190.0
226.0 980.0
227.0 1100.0
228.0 1150.0
229.0 1280.0
230.0 1120.0
231.0 1120.0
232.0 1150.0
233.0 977.0
234.0 219.0
235.0 23.0
236.0 1.0
237.0 6.0
238.0 39.0
239.0 110.0
240.0 113.0
241.0 127.0
242.0 277.0
243.0 410.0
244.0 397.0
245.0 488.0
246.0 541.0
247.0 497.0
248.0 758.0
249.0 791.0
250.0 928.0
251.0 837.0
252.0 822.0
253.0 613.0
254.0 529.0
255.0 3.0
256.0 14.0
257.0 19.0
258.0 32.0
259.0 106.0
260.0 92.0
261.0 570.0
262.0 796.0
263.0 837.0
264.0 775.0
265.0 730.0
266.0 1050.0
267.0 994.0
268.0 946.0
269.0 860.0
270.0 964.0
271.0 1240.0
272.0 992.0
273.0 950.0
274.0 1100.0
275.0 1130.0
276.0 1150.0
277.0 1050.0
278.0 971.0
279.0 925.0
280.0 906.0
281.0 1020.0
282.0 882.0
283.0 874.0
284.0 1000.0
285.0 1060.0
286.0 969.0
287.0 1260.0
288.0 1080.0
289.0 1180.0
290.0 1170.0
291.0 1110.0
292.0 1180.0
293.0 1240.0
294.0 1100.0
295.0 1210.0
296.0 1190.0
297.0 1090.0
298.0 1290.0
299.0 1220.0
300.0 1030.0
301.0 993.0
302.0 1060.0
303.0 1100.0
304.0 943.0
305.0 1060.0
306.0 773.0
307.0 768.0
308.0 354.0
309.0 418.0
310.0 518.0
311.0 143.0
312.0 5.0
313.0 95.0
314.0 85.0
315.0 143.0
316.0 472.0
317.0 606.0
318.0 623.0
319.0 696.0
320.0 660.0
321.0 751.0
322.0 806.0
323.0 718.0
324.0 756.0
325.0 840.0
326.0 767.0
327.0 1110.0
328.0 968.0
329.0 946.0
330.0 968.0
331.0 880.0
332.0 757.0
333.0 1150.0
334.0 991.0
335.0 808.0
336.0 858.0
337.0 692.0
338.0 729.0
339.0 712.0
340.0 735.0
341.0 1050.0
342.0 864.0
343.0 1150.0
344.0 1080.0
345.0 1010.0
346.0 1150.0
347.0 829.0
348.0 981.0
349.0 1040.0
350.0 972.0
351.0 710.0
352.0 510.0
353.0 645.0
354.0 617.0
355.0 767.0
356.0 845.0
357.0 788.0
358.0 690.0
359.0 836.0
360.0 833.0
361.0 883.0
362.0 824.0
363.0 834.0
364.0 717.0
365.0 761.0
366.0 865.0
367.0 972.0
368.0 1110.0
369.0 1150.0
370.0 813.0
371.0 1120.0
372.0 1300.0
373.0 1230.0
374.0 903.0
375.0 1180.0
376.0 1120.0
377.0 1070.0
378.0 1420.0
379.0 1420.0
380.0 1360.0
381.0 1300.0
382.0 1020.0
383.0 1040.0
384.0 920.0
385.0 743.0
386.0 1140.0
387.0 1100.0
388.0 1050.0
389.0 991.0
390.0 900.0
391.0 1090.0
392.0 1200.0
393.0 986.0
394.0 1030.0
395.0 1220.0
396.0 1280.0
397.0 1170.0
398.0 1120.0
399.0 1370.0
400.0 1550.0
401.0 1350.0
402.0 847.0
403.0 895.0
404.0 1080.0
405.0 835.0
406.0 748.0
407.0 863.0
408.0 1090.0
409.0 944.0
410.0 807.0
411.0 772.0
412.0 760.0
413.0 679.0
414.0 626.0
415.0 644.0
416.0 312.0
417.0 589.0
418.0 614.0
419.0 346.0
420.0 152.0
421.0 17.0
422.0 115.0
423.0 93.0
424.0 204.0
425.0 191.0
426.0 182.0
427.0 358.0
428.0 419.0
429.0 439.0
430.0 524.0
431.0 548.0
432.0 191.0
433.0 141.0
434.0 111.0
435.0 237.0
436.0 80.0
437.0 54.0
438.0 158.0
439.0 219.0
440.0 199.0
441.0 164.0
442.0 255.0
443.0 197.0
444.0 202.0
445.0 245.0
446.0 62.0
447.0 75.0
448.0 95.0
449.0 124.0
450.0 96.0
451.0 91.0
452.0 167.0
453.0 174.0
454.0 195.0
455.0 247.0
456.0 372.0
457.0 375.0
458.0 436.0
459.0 444.0
460.0 412.0
461.0 484.0
462.0 572.0
463.0 613.0
464.0 654.0
465.0 728.0
466.0 833.0
467.0 816.0
468.0 710.0
469.0 926.0
470.0 1020.0
471.0 1300.0
472.0 1090.0
473.0 870.0
474.0 635.0
475.0 468.0
476.0 647.0
477.0 578.0
478.0 571.0
479.0 791.0
480.0 794.0
481.0 821.0
482.0 920.0
483.0 699.0
484.0 675.0
485.0 665.0
486.0 778.0
487.0 705.0
488.0 884.0
489.0 659.0
490.0 762.0
491.0 913.0
492.0 972.0
493.0 946.0
494.0 1060.0
495.0 1040.0
496.0 975.0
497.0 669.0
498.0 683.0
499.0 769.0
500.0 924.0
501.0 822.0
502.0 935.0
503.0 918.0
504.0 841.0
505.0 743.0
506.0 806.0
507.0 827.0
508.0 778.0
509.0 873.0
510.0 887.0
511.0 838.0
512.0 979.0
513.0 836.0
514.0 870.0
515.0 810.0
516.0 772.0
517.0 876.0
518.0 901.0
519.0 813.0
520.0 934.0
521.0 953.0
522.0 957.0
523.0 830.0
524.0 872.0
525.0 862.0
526.0 931.0
527.0 873.0
528.0 758.0
529.0 720.0
530.0 823.0
531.0 892.0
532.0 911.0
533.0 136.0
534.0 39.0
535.0 17.0
536.0 0.0
537.0 0.0
538.0 7.0
539.0 0.0
540.0 0.0
541.0 90.0
542.0 123.0
543.0 43.0
544.0 50.0
545.0 40.0
546.0 85.0
547.0 101.0
548.0 119.0
549.0 118.0
550.0 101.0
551.0 114.0
552.0 120.0
553.0 123.0
554.0 101.0
555.0 117.0
556.0 94.0
557.0 117.0
558.0 101.0
559.0 120.0
560.0 104.0
561.0 122.0
562.0 102.0
563.0 107.0
564.0 108.0
565.0 119.0
566.0 104.0
567.0 113.0
568.0 114.0
569.0 106.0
570.0 125.0
571.0 87.0
572.0 101.0
573.0 111.0
574.0 97.0
575.0 124.0
576.0 125.0
577.0 119.0
578.0 111.0
579.0 89.0
580.0 124.0
581.0 115.0
582.0 92.0
583.0 123.0
584.0 113.0
585.0 117.0
586.0 102.0
587.0 101.0
588.0 124.0
589.0 115.0
590.0 96.0
591.0 100.0
592.0 115.0
593.0 116.0
594.0 90.0
595.0 95.0
596.0 107.0
597.0 122.0
598.0 121.0
599.0 96.0
600.0 113.0
601.0 101.0
602.0 113.0
603.0 123.0
604.0 95.0
605.0 110.0
606.0 113.0
607.0 117.0
608.0 118.0
609.0 84.0
610.0 111.0
611.0 92.0
612.0 123.0
613.0 113.0
614.0 86.0
615.0 115.0
616.0 118.0
617.0 105.0
618.0 111.0
619.0 98.0
620.0 123.0
621.0 123.0
622.0 95.0
623.0 119.0
624.0 90.0
625.0 110.0
626.0 109.0
627.0 99.0
628.0 125.0
629.0 95.0
630.0 99.0
631.0 120.0
632.0 125.0
633.0 93.0
634.0 93.0
635.0 107.0
636.0 117.0
637.0 82.0
638.0 96.0
639.0 114.0
640.0 82.0
641.0 99.0
642.0 111.0
643.0 84.0
644.0 117.0
645.0 103.0
646.0 108.0
647.0 114.0
648.0 111.0
649.0 118.0
650.0 118.0
651.0 122.0
652.0 117.0
653.0 114.0
654.0 113.0
655.0 203.0
656.0 212.0
657.0 365.0
658.0 275.0
659.0 375.0
660.0 437.0
661.0 407.0
662.0 465.0
663.0 543.0
664.0 525.0
665.0 587.0
666.0 580.0
667.0 624.0
668.0 759.0
669.0 664.0
670.0 636.0
671.0 930.0
672.0 583.0
673.0 889.0
674.0 589.0
675.0 711.0
676.0 711.0
677.0 781.0
678.0 874.0
679.0 866.0
680.0 836.0
681.0 761.0
682.0 643.0
683.0 799.0
684.0 623.0
685.0 726.0
686.0 782.0
687.0 726.0
688.0 664.0
689.0 767.0
690.0 693.0
691.0 537.0
692.0 19.0
693.0 4.0
694.0 0.0
695.0 10.0
696.0 30.0
697.0 13.0
698.0 1.0
699.0 12.0
700.0 52.0
701.0 6.0
702.0 89.0
703.0 115.0
704.0 112.0
705.0 92.0
706.0 119.0
707.0 92.0
708.0 112.0
709.0 108.0
710.0 86.0
711.0 119.0
712.0 115.0
713.0 95.0
714.0 125.0
715.0 103.0
716.0 116.0
717.0 113.0
718.0 126.0
719.0 139.0
720.0 137.0
721.0 122.0
722.0 120.0
723.0 149.0
724.0 122.0
725.0 182.0
726.0 215.0
727.0 243.0
728.0 257.0
729.0 288.0
730.0 378.0
731.0 85.0
732.0 1.0
733.0 4.0
734.0 6.0
735.0 1.0
736.0 0.0
737.0 98.0
738.0 117.0
739.0 101.0
740.0 116.0
741.0 97.0
742.0 105.0
743.0 81.0
744.0 117.0
745.0 123.0
746.0 102.0
747.0 123.0
748.0 112.0
749.0 101.0
750.0 95.0
751.0 112.0
752.0 114.0
753.0 115.0
754.0 121.0
755.0 118.0
756.0 119.0
757.0 118.0
758.0 118.0
759.0 96.0
760.0 98.0
761.0 105.0
762.0 104.0
763.0 84.0
764.0 88.0
765.0 116.0
766.0 108.0
767.0 120.0
768.0 83.0
769.0 88.0
770.0 94.0
771.0 113.0
772.0 112.0
773.0 105.0
774.0 119.0
775.0 113.0
776.0 114.0
777.0 97.0
778.0 106.0
779.0 93.0
780.0 107.0
781.0 110.0
782.0 111.0
783.0 117.0
784.0 97.0
785.0 115.0
786.0 116.0
787.0 112.0
788.0 123.0
789.0 109.0
790.0 90.0
791.0 116.0
792.0 125.0
793.0 99.0
