0.0 105.0
1.0 118.0
2.0 108.0
3.0 125.0
4.0 95.0
5.0 125.0
6.0 109.0
7.0 111.0
8.0 104.0
9.0 104.0
10.0 112.0
11.0 80.0
12.0 100.0
13.0 104.0
14.0 92.0
15.0 117.0
16.0 94.0
17.0 93.0
18.0 124.0
19.0 95.0
20.0 108.0
21.0 111.0
22.0 101.0
23.0 135.0
24.0 223.0
25.0 78.0
26.0 115.0
27.0 95.0
28.0 101.0
29.0 48.0
30.0 91.0
31.0 170.0
32.0 142.0
33.0 160.0
34.0 156.0
35.0 32.0
36.0 16.0
37.0 11.0
38.0 77.0
39.0 120.0
40.0 103.0
41.0 91.0
42.0 94.0
43.0 109.0
44.0 108.0
45.0 114.0
46.0 100.0
47.0 119.0
48.0 108.0
49.0 108.0
50.0 111.0
51.0 125.0
52.0 125.0
53.0 118.0
54.0 122.0
55.0 103.0
56.0 122.0
57.0 99.0
58.0 94.0
59.0 115.0
60.0 97.0
61.0 107.0
62.0 113.0
63.0 112.0
64.0 98.0
65.0 117.0
66.0 112.0
67.0 119.0
68.0 81.0
69.0 91.0
70.0 122.0
71.0 106.0
72.0 105.0
73.0 100.0
74.0 112.0
75.0 114.0
76.0 112.0
77.0 110.0
78.0 118.0
79.0 119.0
80.0 91.0
81.0 98.0
82.0 123.0
83.0 102.0
84.0 105.0
85.0 121.0
86.0 122.0
87.0 112.0
88.0 105.0
89.0 105.0
90.0 85.0
91.0 120.0
92.0 115.0
93.0 124.0
94.0 119.0
95.0 120.0
96.0 125.0
97.0 88.0
98.0 109.0
99.0 103.0
100.0 95.0
101.0 114.0
102.0 115.0
103.0 121.0
104.0 146.0
105.0 160.0
106.0 182.0
107.0 237.0
108.0 285.0
109.0 262.0
110.0 246.0
111.0 311.0
112.0 411.0
113.0 489.0
114.0 543.0
115.0 714.0
116.0 808.0
117.0 874.0
118.0 810.0
119.0 484.0
120.0 571.0
121.0 679.0
122.0 295.0
123.0 273.0
124.0 460.0
125.0 467.0
126.0 374.0
127.0 50.0
128.0 1.0
129.0 14.0
130.0 9.0
131.0 18.0
132.0 3.0
133.0 3.0
134.0 26.0
135.0 118.0
136.0 112.0
137.0 103.0
138.0 114.0
139.0 99.0
140.0 102.0
141.0 85.0
142.0 121.0
143.0 116.0
144.0 113.0
145.0 95.0
146.0 117.0
147.0 75.0
148.0 69.0
149.0 55.0
150.0 89.0
151.0 92.0
152.0 102.0
153.0 111.0
154.0 91.0
155.0 34.0
156.0 27.0
157.0 25.0
158.0 25.0
159.0 24.0
160.0 22.0
161.0 106.0
162.0 108.0
163.0 59.0
164.0 22.0
165.0 23.0
166.0 27.0
167.0 24.0
168.0 21.0
169.0 107.0
170.0 117.0
171.0 124.0
172.0 177.0
173.0 262.0
174.0 255.0
175.0 221.0
176.0 223.0
177.0 133.0
178.0 140.0
179.0 80.0
180.0 67.0
181.0 33.0
182.0 203.0
183.0 374.0
184.0 136.0
185.0 85.0
186.0 0.0
187.0 0.0
188.0 0.0
189.0 119.0
190.0 123.0
191.0 112.0
192.0 96.0
193.0 110.0
194.0 97.0
195.0 99.0
196.0 123.0
197.0 113.0
198.0 108.0
199.0 120.0
200.0 91.0
201.0 97.0
202.0 112.0
203.0 102.0
204.0 112.0
205.0 143.0
206.0 134.0
207.0 125.0
208.0 146.0
209.0 246.0
210.0 255.0
211.0 162.0
212.0 78.0
213.0 123.0
214.0 99.0
215.0 125.0
216.0 11.0
217.0 108.0
218.0 126.0
219.0 209.0
220.0 285.0
221.0 242.0
222.0 220.0
223.0 94.0
224.0 106.0
225.0 102.0
226.0 114.0
227.0 115.0
228.0 120.0
229.0 110.0
230.0 102.0
231.0 116.0
232.0 122.0
233.0 111.0
234.0 98.0
235.0 125.0
236.0 115.0
237.0 104.0
238.0 113.0
239.0 96.0
240.0 104.0
241.0 102.0
242.0 116.0
243.0 95.0
244.0 123.0
245.0 91.0
246.0 111.0
247.0 123.0
248.0 103.0
249.0 95.0
