0.0 88.0
1.0 257.0
2.0 497.0
3.0 691.0
4.0 588.0
5.0 44.0
6.0 0.0
7.0 0.0
8.0 0.0
9.0 0.0
10.0 56.0
11.0 99.0
12.0 98.0
13.0 48.0
14.0 103.0
15.0 104.0
16.0 761.0
17.0 865.0
18.0 453.0
19.0 66.0
20.0 108.0
21.0 113.0
22.0 108.0
23.0 104.0
24.0 117.0
25.0 96.0
26.0 117.0
27.0 80.0
28.0 113.0
29.0 102.0
30.0 78.0
31.0 124.0
32.0 391.0
33.0 436.0
34.0 413.0
35.0 493.0
36.0 519.0
37.0 70.0
38.0 99.0
39.0 119.0
40.0 17.0
41.0 0.0
42.0 7.0
43.0 0.0
44.0 16.0
45.0 18.0
46.0 48.0
47.0 51.0
48.0 61.0
49.0 121.0
50.0 108.0
51.0 97.0
52.0 120.0
53.0 82.0
54.0 229.0
55.0 205.0
56.0 157.0
57.0 34.0
58.0 106.0
59.0 21.0
60.0 58.0
61.0 33.0
62.0 27.0
63.0 28.0
64.0 53.0
65.0 91.0
66.0 123.0
67.0 125.0
68.0 122.0
69.0 105.0
70.0 114.0
71.0 101.0
72.0 102.0
73.0 124.0
74.0 308.0
75.0 337.0
76.0 290.0
77.0 105.0
78.0 117.0
79.0 107.0
80.0 110.0
81.0 109.0
82.0 115.0
83.0 123.0
84.0 89.0
85.0 95.0
86.0 107.0
87.0 101.0
88.0 106.0
89.0 123.0
90.0 83.0
91.0 102.0
92.0 92.0
93.0 85.0
94.0 114.0
95.0 492.0
96.0 710.0
97.0 828.0
98.0 868.0
99.0 748.0
100.0 847.0
101.0 93.0
102.0 120.0
103.0 122.0
104.0 655.0
105.0 224.0
106.0 125.0
107.0 122.0
108.0 105.0
109.0 651.0
110.0 623.0
111.0 400.0
112.0 175.0
113.0 71.0
114.0 86.0
115.0 100.0
116.0 76.0
117.0 121.0
118.0 88.0
119.0 102.0
120.0 581.0
121.0 608.0
122.0 653.0
123.0 690.0
124.0 699.0
125.0 712.0
126.0 350.0
127.0 40.0
128.0 79.0
129.0 116.0
130.0 1290.0
131.0 1230.0
132.0 1350.0
133.0 767.0
134.0 1040.0
135.0 601.0
136.0 584.0
137.0 822.0
138.0 414.0
139.0 10.0
140.0 106.0
141.0 105.0
142.0 106.0
143.0 16.0
144.0 7.0
145.0 0.0
146.0 65.0
147.0 48.0
148.0 13.0
149.0 0.0
150.0 115.0
151.0 24.0
152.0 47.0
153.0 50.0
154.0 135.0
155.0 125.0
156.0 208.0
157.0 206.0
158.0 291.0
159.0 295.0
160.0 336.0
161.0 359.0
162.0 361.0
163.0 339.0
164.0 377.0
165.0 73.0
166.0 105.0
167.0 130.0
168.0 119.0
169.0 124.0
170.0 305.0
171.0 436.0
172.0 463.0
173.0 559.0
174.0 537.0
175.0 719.0
176.0 770.0
177.0 775.0
178.0 1020.0
179.0 1020.0
180.0 759.0
181.0 1290.0
182.0 1410.0
183.0 1240.0
184.0 1440.0
185.0 35.0
186.0 190.0
187.0 114.0
188.0 1050.0
189.0 1380.0
190.0 813.0
191.0 449.0
192.0 1.0
193.0 37.0
194.0 117.0
195.0 121.0
196.0 318.0
197.0 281.0
198.0 602.0
199.0 638.0
200.0 644.0
201.0 350.0
202.0 705.0
203.0 23.0
204.0 112.0
205.0 123.0
206.0 116.0
207.0 101.0
208.0 113.0
209.0 108.0
210.0 109.0
211.0 113.0
212.0 108.0
213.0 125.0
214.0 112.0
215.0 113.0
216.0 94.0
217.0 119.0
218.0 89.0
219.0 121.0
220.0 111.0
221.0 122.0
222.0 987.0
223.0 931.0
224.0 1040.0
225.0 964.0
226.0 1190.0
227.0 1300.0
228.0 1230.0
229.0 317.0
230.0 133.0
231.0 108.0
232.0 171.0
233.0 274.0
234.0 94.0
235.0 54.0
236.0 20.0
237.0 28.0
238.0 140.0
239.0 100.0
240.0 102.0
241.0 634.0
242.0 697.0
243.0 818.0
244.0 940.0
245.0 916.0
246.0 1040.0
247.0 1310.0
248.0 1320.0
249.0 1260.0
250.0 1050.0
251.0 890.0
252.0 1200.0
253.0 1100.0
254.0 1030.0
255.0 1370.0
256.0 1280.0
257.0 1150.0
258.0 1310.0
259.0 1370.0
260.0 1370.0
261.0 1500.0
262.0 1510.0
263.0 1470.0
264.0 1550.0
265.0 1400.0
266.0 1080.0
267.0 1310.0
268.0 1450.0
269.0 1440.0
270.0 1390.0
271.0 1330.0
272.0 1210.0
273.0 1050.0
274.0 1110.0
