0.0 135.0
1.0 222.0
2.0 284.0
3.0 285.0
4.0 279.0
5.0 12.0
6.0 75.0
7.0 106.0
8.0 301.0
9.0 302.0
10.0 325.0
11.0 305.0
12.0 287.0
13.0 330.0
14.0 358.0
15.0 339.0
16.0 336.0
17.0 328.0
18.0 373.0
19.0 334.0
20.0 361.0
21.0 337.0
22.0 402.0
23.0 369.0
24.0 318.0
25.0 408.0
26.0 400.0
27.0 471.0
28.0 354.0
29.0 393.0
30.0 267.0
31.0 412.0
32.0 402.0
33.0 425.0
34.0 397.0
35.0 136.0
36.0 76.0
37.0 0.0
38.0 61.0
39.0 84.0
40.0 270.0
41.0 291.0
42.0 381.0
43.0 415.0
44.0 398.0
45.0 357.0
46.0 384.0
47.0 425.0
48.0 335.0
49.0 423.0
50.0 307.0
51.0 276.0
52.0 338.0
53.0 347.0
54.0 255.0
55.0 108.0
56.0 123.0
57.0 384.0
58.0 546.0
59.0 444.0
60.0 371.0
61.0 484.0
62.0 541.0
63.0 505.0
64.0 533.0
65.0 630.0
66.0 623.0
67.0 642.0
68.0 569.0
69.0 629.0
70.0 626.0
71.0 640.0
72.0 630.0
73.0 625.0
74.0 539.0
75.0 397.0
76.0 514.0
77.0 592.0
78.0 592.0
79.0 589.0
80.0 179.0
81.0 90.0
82.0 125.0
83.0 104.0
84.0 124.0
85.0 124.0
86.0 109.0
87.0 108.0
88.0 105.0
89.0 117.0
90.0 110.0
91.0 91.0
92.0 105.0
93.0 115.0
94.0 107.0
95.0 116.0
96.0 90.0
97.0 111.0
98.0 96.0
99.0 105.0
100.0 238.0
101.0 366.0
102.0 310.0
103.0 446.0
104.0 480.0
105.0 530.0
106.0 474.0
107.0 335.0
108.0 383.0
109.0 539.0
110.0 542.0
111.0 461.0
112.0 440.0
113.0 678.0
114.0 671.0
115.0 703.0
116.0 670.0
117.0 528.0
118.0 562.0
119.0 545.0
120.0 644.0
121.0 284.0
122.0 454.0
123.0 566.0
124.0 714.0
125.0 724.0
126.0 749.0
127.0 719.0
128.0 532.0
129.0 23.0
130.0 50.0
131.0 12.0
132.0 42.0
133.0 135.0
134.0 17.0
135.0 0.0
136.0 0.0
137.0 0.0
138.0 0.0
139.0 0.0
140.0 124.0
141.0 113.0
142.0 202.0
143.0 276.0
144.0 228.0
145.0 239.0
146.0 252.0
147.0 280.0
148.0 302.0
149.0 273.0
150.0 268.0
151.0 35.0
152.0 32.0
153.0 62.0
154.0 65.0
155.0 0.0
156.0 71.0
157.0 92.0
158.0 9.0
159.0 36.0
160.0 147.0
161.0 168.0
162.0 69.0
163.0 66.0
164.0 12.0
165.0 17.0
166.0 32.0
167.0 1.0
168.0 31.0
169.0 12.0
170.0 8.0
171.0 6.0
172.0 19.0
173.0 5.0
174.0 6.0
175.0 8.0
176.0 6.0
177.0 21.0
178.0 8.0
179.0 4.0
180.0 7.0
181.0 6.0
182.0 15.0
183.0 7.0
184.0 0.0
185.0 6.0
186.0 23.0
187.0 26.0
188.0 12.0
189.0 8.0
190.0 6.0
191.0 11.0
192.0 24.0
193.0 9.0
194.0 16.0
195.0 33.0
196.0 9.0
197.0 25.0
198.0 6.0
199.0 26.0
200.0 8.0
201.0 25.0
202.0 18.0
203.0 32.0
204.0 54.0
205.0 20.0
206.0 92.0
207.0 117.0
208.0 107.0
209.0 103.0
210.0 112.0
211.0 176.0
212.0 214.0
213.0 271.0
214.0 284.0
215.0 312.0
216.0 283.0
217.0 338.0
218.0 334.0
219.0 386.0
220.0 388.0
221.0 436.0
222.0 410.0
223.0 371.0
224.0 467.0
225.0 421.0
226.0 359.0
227.0 441.0
228.0 480.0
229.0 279.0
230.0 16.0
231.0 49.0
232.0 310.0
233.0 487.0
234.0 435.0
235.0 181.0
236.0 147.0
237.0 324.0
238.0 352.0
239.0 426.0
240.0 435.0
241.0 413.0
242.0 448.0
243.0 461.0
244.0 499.0
245.0 456.0
246.0 405.0
247.0 7.0
248.0 58.0
249.0 7.0
250.0 10.0
251.0 102.0
252.0 110.0
253.0 307.0
254.0 387.0
255.0 421.0
256.0 445.0
257.0 429.0
258.0 461.0
259.0 419.0
260.0 467.0
261.0 458.0
262.0 473.0
263.0 422.0
264.0 480.0
265.0 539.0
266.0 532.0
267.0 379.0
268.0 472.0
269.0 470.0
270.0 402.0
271.0 704.0
272.0 662.0
273.0 544.0
274.0 659.0
275.0 827.0
276.0 857.0
277.0 804.0
278.0 797.0
279.0 860.0
280.0 702.0
281.0 815.0
282.0 884.0
283.0 794.0
284.0 676.0
285.0 694.0
286.0 1010.0
287.0 772.0
288.0 996.0
289.0 861.0
290.0 833.0
291.0 821.0
292.0 851.0
293.0 876.0
294.0 615.0
295.0 956.0
296.0 877.0
297.0 1000.0
298.0 891.0
299.0 901.0
300.0 992.0
301.0 696.0
302.0 606.0
303.0 731.0
304.0 627.0
305.0 316.0
306.0 0.0
307.0 1.0
308.0 119.0
309.0 107.0
310.0 532.0
311.0 811.0
312.0 527.0
313.0 804.0
314.0 836.0
315.0 788.0
316.0 788.0
317.0 782.0
318.0 803.0
319.0 631.0
320.0 764.0
321.0 817.0
322.0 846.0
323.0 725.0
324.0 766.0
325.0 906.0
326.0 807.0
327.0 979.0
328.0 966.0
329.0 1060.0
330.0 1130.0
331.0 1020.0
332.0 1180.0
333.0 1180.0
334.0 1070.0
335.0 1330.0
336.0 1320.0
337.0 1030.0
338.0 900.0
339.0 706.0
340.0 830.0
341.0 970.0
342.0 883.0
343.0 757.0
344.0 920.0
345.0 968.0
346.0 1190.0
347.0 824.0
348.0 1190.0
349.0 1280.0
350.0 1150.0
351.0 781.0
352.0 613.0
353.0 850.0
354.0 920.0
355.0 1170.0
356.0 932.0
357.0 1260.0
358.0 1290.0
359.0 1260.0
360.0 1230.0
361.0 929.0
362.0 968.0
363.0 1190.0
364.0 1000.0
365.0 725.0
366.0 1130.0
367.0 1150.0
368.0 915.0
369.0 724.0
370.0 1210.0
371.0 1180.0
372.0 1190.0
373.0 1140.0
374.0 858.0
375.0 654.0
376.0 922.0
377.0 1050.0
378.0 883.0
379.0 1080.0
380.0 1280.0
381.0 1210.0
382.0 1240.0
383.0 1220.0
384.0 914.0
385.0 1160.0
386.0 1260.0
387.0 830.0
388.0 1220.0
389.0 1280.0
390.0 1190.0
391.0 1230.0
392.0 1050.0
393.0 867.0
394.0 827.0
395.0 1160.0
396.0 1120.0
397.0 899.0
398.0 1080.0
399.0 1230.0
400.0 1200.0
401.0 1240.0
402.0 1010.0
403.0 961.0
404.0 821.0
405.0 899.0
406.0 838.0
407.0 786.0
408.0 737.0
409.0 980.0
410.0 1140.0
411.0 1230.0
412.0 1000.0
413.0 607.0
414.0 759.0
415.0 730.0
416.0 710.0
417.0 737.0
418.0 708.0
419.0 705.0
420.0 940.0
421.0 619.0
422.0 315.0
423.0 207.0
424.0 456.0
425.0 43.0
426.0 53.0
427.0 21.0
428.0 61.0
429.0 316.0
430.0 189.0
431.0 3.0
432.0 14.0
433.0 22.0
434.0 114.0
435.0 96.0
436.0 6.0
437.0 14.0
438.0 91.0
439.0 108.0
440.0 125.0
441.0 191.0
442.0 209.0
443.0 277.0
444.0 442.0
445.0 500.0
446.0 518.0
447.0 534.0
448.0 595.0
449.0 584.0
450.0 550.0
451.0 607.0
452.0 614.0
453.0 664.0
454.0 626.0
455.0 642.0
456.0 637.0
457.0 648.0
458.0 606.0
459.0 611.0
460.0 589.0
461.0 632.0
462.0 639.0
463.0 490.0
464.0 708.0
465.0 603.0
466.0 554.0
467.0 753.0
468.0 817.0
469.0 708.0
470.0 658.0
471.0 907.0
472.0 913.0
473.0 689.0
474.0 747.0
475.0 609.0
476.0 954.0
477.0 1000.0
478.0 1010.0
479.0 950.0
480.0 771.0
481.0 873.0
482.0 840.0
483.0 902.0
484.0 663.0
485.0 923.0
486.0 925.0
487.0 817.0
488.0 722.0
489.0 663.0
490.0 792.0
491.0 725.0
492.0 545.0
493.0 861.0
494.0 843.0
495.0 583.0
496.0 451.0
497.0 618.0
498.0 580.0
499.0 682.0
500.0 601.0
501.0 574.0
502.0 656.0
503.0 697.0
504.0 858.0
505.0 885.0
506.0 947.0
507.0 536.0
508.0 830.0
509.0 865.0
510.0 956.0
511.0 852.0
512.0 752.0
513.0 623.0
514.0 1010.0
515.0 756.0
516.0 729.0
517.0 697.0
518.0 615.0
519.0 506.0
520.0 0.0
521.0 101.0
522.0 84.0
523.0 116.0
524.0 117.0
525.0 119.0
526.0 117.0
527.0 90.0
528.0 90.0
529.0 93.0
530.0 85.0
531.0 84.0
532.0 50.0
533.0 1.0
534.0 0.0
535.0 4.0
536.0 89.0
537.0 84.0
538.0 121.0
539.0 122.0
540.0 116.0
541.0 102.0
542.0 117.0
543.0 119.0
544.0 102.0
545.0 105.0
546.0 120.0
547.0 124.0
548.0 114.0
549.0 125.0
550.0 86.0
551.0 117.0
552.0 113.0
553.0 91.0
554.0 108.0
555.0 107.0
556.0 100.0
557.0 101.0
558.0 111.0
559.0 110.0
560.0 113.0
561.0 103.0
562.0 124.0
563.0 125.0
564.0 125.0
565.0 111.0
566.0 96.0
567.0 120.0
568.0 123.0
569.0 97.0
570.0 118.0
571.0 117.0
572.0 109.0
573.0 125.0
574.0 111.0
575.0 123.0
576.0 103.0
577.0 117.0
578.0 124.0
579.0 122.0
580.0 118.0
581.0 100.0
582.0 104.0
583.0 81.0
584.0 124.0
585.0 97.0
586.0 115.0
587.0 106.0
588.0 120.0
589.0 99.0
590.0 104.0
591.0 85.0
592.0 92.0
593.0 88.0
594.0 125.0
595.0 120.0
596.0 120.0
597.0 106.0
598.0 108.0
599.0 85.0
600.0 92.0
601.0 90.0
602.0 102.0
603.0 113.0
604.0 124.0
605.0 121.0
606.0 117.0
607.0 121.0
608.0 115.0
609.0 112.0
610.0 118.0
611.0 120.0
612.0 84.0
613.0 96.0
614.0 116.0
615.0 117.0
616.0 114.0
617.0 118.0
618.0 77.0
619.0 99.0
620.0 123.0
621.0 121.0
622.0 95.0
623.0 110.0
624.0 113.0
625.0 119.0
626.0 125.0
627.0 115.0
628.0 124.0
629.0 113.0
630.0 118.0
631.0 121.0
632.0 108.0
633.0 89.0
634.0 106.0
635.0 115.0
636.0 124.0
637.0 86.0
638.0 165.0
639.0 213.0
640.0 253.0
641.0 263.0
642.0 320.0
643.0 339.0
644.0 308.0
645.0 362.0
646.0 317.0
647.0 409.0
648.0 433.0
649.0 434.0
650.0 430.0
651.0 453.0
652.0 489.0
653.0 477.0
654.0 421.0
655.0 422.0
656.0 484.0
657.0 488.0
658.0 521.0
659.0 562.0
660.0 593.0
661.0 505.0
662.0 524.0
663.0 509.0
664.0 568.0
665.0 623.0
666.0 673.0
667.0 564.0
668.0 649.0
669.0 689.0
670.0 673.0
671.0 767.0
672.0 899.0
673.0 792.0
674.0 785.0
675.0 337.0
676.0 6.0
677.0 0.0
678.0 118.0
679.0 109.0
680.0 108.0
681.0 116.0
682.0 93.0
683.0 86.0
684.0 123.0
685.0 125.0
686.0 110.0
687.0 106.0
688.0 109.0
689.0 79.0
690.0 0.0
691.0 88.0
692.0 101.0
693.0 119.0
694.0 102.0
695.0 125.0
696.0 104.0
697.0 101.0
698.0 102.0
699.0 120.0
700.0 94.0
701.0 117.0
702.0 114.0
703.0 97.0
704.0 109.0
705.0 106.0
706.0 115.0
707.0 102.0
708.0 118.0
709.0 89.0
710.0 87.0
711.0 79.0
712.0 89.0
713.0 101.0
714.0 105.0
715.0 119.0
716.0 113.0
717.0 88.0
718.0 125.0
719.0 121.0
720.0 97.0
721.0 109.0
722.0 94.0
723.0 87.0
724.0 97.0
725.0 110.0
726.0 107.0
727.0 116.0
728.0 95.0
729.0 93.0
730.0 110.0
731.0 117.0
732.0 124.0
733.0 111.0
734.0 79.0
735.0 112.0
736.0 121.0
737.0 120.0
738.0 124.0
739.0 109.0
740.0 121.0
741.0 98.0
742.0 101.0
743.0 111.0
744.0 100.0
745.0 98.0
746.0 97.0
747.0 118.0
748.0 119.0
749.0 106.0
750.0 110.0
751.0 116.0
752.0 125.0
753.0 113.0
754.0 118.0
755.0 112.0
756.0 121.0
757.0 123.0
758.0 108.0
759.0 122.0
760.0 124.0
761.0 101.0
762.0 125.0
763.0 85.0
764.0 84.0
765.0 105.0
766.0 99.0
767.0 117.0
768.0 122.0
769.0 105.0
770.0 121.0
771.0 118.0
772.0 107.0
773.0 120.0
774.0 96.0
775.0 120.0
776.0 104.0
777.0 92.0
778.0 97.0
779.0 92.0
780.0 80.0
781.0 93.0
782.0 100.0
783.0 119.0
784.0 95.0
785.0 102.0
786.0 119.0
787.0 94.0
788.0 97.0
789.0 112.0
790.0 109.0
791.0 125.0
792.0 120.0
793.0 90.0
794.0 105.0
795.0 119.0
796.0 92.0
797.0 85.0
798.0 124.0
