0.0 404.0
1.0 637.0
2.0 604.0
3.0 7.0
4.0 0.0
5.0 0.0
6.0 2.0
7.0 87.0
8.0 119.0
9.0 83.0
10.0 110.0
11.0 104.0
12.0 100.0
13.0 86.0
14.0 89.0
15.0 109.0
16.0 97.0
17.0 124.0
18.0 108.0
19.0 99.0
20.0 275.0
21.0 379.0
22.0 261.0
23.0 108.0
24.0 76.0
25.0 9.0
26.0 94.0
27.0 89.0
28.0 116.0
29.0 116.0
30.0 105.0
31.0 119.0
32.0 117.0
33.0 115.0
34.0 276.0
35.0 293.0
36.0 309.0
37.0 139.0
38.0 98.0
39.0 123.0
40.0 104.0
41.0 104.0
42.0 97.0
43.0 91.0
44.0 119.0
45.0 17.0
46.0 64.0
47.0 63.0
48.0 12.0
49.0 35.0
50.0 63.0
51.0 78.0
52.0 77.0
53.0 81.0
54.0 119.0
55.0 104.0
56.0 123.0
57.0 119.0
58.0 106.0
59.0 34.0
60.0 88.0
61.0 43.0
62.0 58.0
63.0 84.0
64.0 124.0
65.0 88.0
66.0 169.0
67.0 255.0
68.0 253.0
69.0 276.0
70.0 300.0
71.0 348.0
72.0 399.0
73.0 474.0
74.0 557.0
75.0 654.0
76.0 651.0
77.0 694.0
78.0 1130.0
79.0 1390.0
80.0 1410.0
81.0 1470.0
82.0 115.0
83.0 121.0
84.0 1220.0
85.0 1600.0
86.0 1580.0
87.0 1240.0
88.0 1590.0
89.0 1650.0
90.0 1610.0
91.0 1710.0
92.0 1100.0
93.0 1420.0
94.0 1720.0
95.0 1300.0
96.0 1070.0
97.0 1590.0
98.0 936.0
99.0 994.0
100.0 1030.0
101.0 478.0
102.0 513.0
103.0 86.0
104.0 34.0
105.0 0.0
106.0 115.0
107.0 86.0
108.0 125.0
109.0 101.0
110.0 125.0
111.0 103.0
112.0 103.0
113.0 600.0
114.0 816.0
115.0 951.0
116.0 1070.0
117.0 1250.0
118.0 1100.0
119.0 1290.0
120.0 1190.0
121.0 1380.0
122.0 1370.0
123.0 994.0
124.0 1240.0
125.0 1560.0
126.0 1500.0
127.0 1540.0
128.0 1560.0
129.0 1250.0
130.0 1470.0
131.0 1240.0
132.0 1090.0
133.0 1290.0
134.0 1450.0
135.0 1110.0
136.0 902.0
137.0 1110.0
138.0 1230.0
139.0 871.0
140.0 762.0
141.0 726.0
142.0 782.0
143.0 368.0
144.0 125.0
145.0 105.0
146.0 0.0
147.0 112.0
148.0 86.0
149.0 116.0
150.0 116.0
151.0 743.0
152.0 1.0
153.0 0.0
154.0 0.0
155.0 88.0
156.0 118.0
157.0 258.0
158.0 382.0
159.0 405.0
160.0 399.0
161.0 279.0
162.0 64.0
163.0 22.0
164.0 96.0
165.0 78.0
166.0 111.0
167.0 54.0
168.0 56.0
169.0 51.0
170.0 48.0
171.0 60.0
172.0 56.0
173.0 55.0
174.0 55.0
175.0 57.0
176.0 49.0
177.0 43.0
178.0 35.0
179.0 35.0
180.0 76.0
181.0 107.0
182.0 88.0
183.0 131.0
184.0 97.0
185.0 32.0
186.0 63.0
187.0 76.0
188.0 125.0
189.0 84.0
190.0 243.0
191.0 332.0
192.0 303.0
193.0 309.0
194.0 125.0
195.0 124.0
196.0 184.0
197.0 672.0
198.0 565.0
199.0 827.0
200.0 843.0
201.0 899.0
202.0 928.0
203.0 963.0
204.0 1020.0
205.0 1040.0
206.0 1100.0
207.0 920.0
208.0 969.0
209.0 124.0
210.0 104.0
211.0 794.0
212.0 885.0
213.0 1080.0
214.0 1090.0
215.0 429.0
216.0 110.0
217.0 44.0
218.0 52.0
219.0 103.0
220.0 121.0
221.0 300.0
222.0 677.0
223.0 879.0
224.0 637.0
225.0 850.0
226.0 1040.0
227.0 1080.0
228.0 1110.0
229.0 1130.0
230.0 1110.0
231.0 1190.0
232.0 1030.0
233.0 1250.0
234.0 1210.0
235.0 1260.0
236.0 1260.0
237.0 1270.0
238.0 1220.0
239.0 1160.0
240.0 1190.0
241.0 1180.0
242.0 1240.0
243.0 1170.0
244.0 1290.0
245.0 1320.0
246.0 1270.0
247.0 1210.0
248.0 1240.0
249.0 1210.0
