0.0 8.0
1.0 109.0
2.0 114.0
3.0 104.0
4.0 118.0
5.0 114.0
6.0 115.0
7.0 91.0
8.0 101.0
9.0 116.0
10.0 92.0
11.0 106.0
12.0 123.0
13.0 109.0
14.0 124.0
15.0 124.0
16.0 104.0
17.0 123.0
18.0 121.0
19.0 100.0
20.0 90.0
21.0 124.0
22.0 86.0
23.0 121.0
24.0 122.0
25.0 94.0
26.0 118.0
27.0 110.0
28.0 110.0
29.0 105.0
30.0 94.0
31.0 102.0
32.0 113.0
33.0 110.0
34.0 106.0
35.0 102.0
36.0 97.0
37.0 113.0
38.0 110.0
39.0 112.0
40.0 120.0
41.0 98.0
42.0 119.0
43.0 140.0
44.0 167.0
45.0 204.0
46.0 270.0
47.0 379.0
48.0 491.0
49.0 664.0
50.0 730.0
51.0 863.0
52.0 1220.0
53.0 1240.0
54.0 1330.0
55.0 1490.0
56.0 1460.0
57.0 1280.0
58.0 1480.0
59.0 881.0
60.0 1140.0
61.0 1530.0
62.0 1430.0
63.0 756.0
64.0 1040.0
65.0 1180.0
66.0 1360.0
67.0 1240.0
68.0 1150.0
69.0 1640.0
70.0 1560.0
71.0 1250.0
72.0 825.0
73.0 257.0
74.0 8.0
75.0 124.0
76.0 1080.0
77.0 1150.0
78.0 1010.0
79.0 1380.0
80.0 1310.0
81.0 1150.0
82.0 1430.0
83.0 1420.0
84.0 1350.0
85.0 977.0
86.0 987.0
87.0 851.0
88.0 684.0
89.0 771.0
90.0 863.0
91.0 745.0
92.0 901.0
93.0 789.0
94.0 809.0
95.0 604.0
96.0 737.0
97.0 695.0
98.0 566.0
99.0 147.0
100.0 249.0
101.0 13.0
102.0 58.0
103.0 1.0
104.0 67.0
105.0 2.0
106.0 10.0
107.0 32.0
108.0 148.0
109.0 63.0
110.0 1.0
111.0 5.0
112.0 2.0
113.0 0.0
114.0 116.0
115.0 97.0
116.0 118.0
117.0 115.0
118.0 121.0
119.0 117.0
120.0 109.0
121.0 120.0
122.0 87.0
123.0 92.0
124.0 71.0
125.0 148.0
126.0 219.0
127.0 318.0
128.0 247.0
129.0 34.0
130.0 276.0
131.0 229.0
132.0 166.0
133.0 61.0
134.0 98.0
135.0 76.0
136.0 185.0
137.0 202.0
138.0 54.0
139.0 40.0
140.0 149.0
141.0 79.0
142.0 15.0
143.0 54.0
144.0 109.0
145.0 42.0
146.0 74.0
147.0 7.0
148.0 25.0
149.0 23.0
150.0 12.0
151.0 36.0
152.0 68.0
153.0 62.0
154.0 35.0
155.0 19.0
156.0 16.0
157.0 2.0
158.0 26.0
159.0 50.0
160.0 51.0
161.0 68.0
162.0 110.0
163.0 95.0
164.0 138.0
165.0 155.0
166.0 175.0
167.0 160.0
168.0 7.0
169.0 2.0
170.0 122.0
171.0 113.0
172.0 130.0
173.0 176.0
174.0 259.0
175.0 462.0
176.0 342.0
177.0 134.0
178.0 361.0
179.0 423.0
180.0 503.0
181.0 522.0
182.0 566.0
183.0 472.0
184.0 644.0
185.0 654.0
186.0 526.0
187.0 629.0
188.0 576.0
189.0 6.0
190.0 153.0
191.0 31.0
192.0 392.0
193.0 413.0
194.0 514.0
195.0 481.0
196.0 359.0
197.0 27.0
198.0 265.0
199.0 225.0
200.0 240.0
201.0 18.0
202.0 82.0
203.0 34.0
204.0 79.0
205.0 47.0
206.0 109.0
207.0 91.0
208.0 52.0
209.0 64.0
210.0 15.0
211.0 2.0
212.0 15.0
213.0 17.0
214.0 8.0
215.0 7.0
216.0 18.0
217.0 10.0
218.0 25.0
219.0 51.0
220.0 20.0
221.0 9.0
222.0 25.0
223.0 13.0
224.0 63.0
225.0 94.0
226.0 144.0
227.0 223.0
228.0 276.0
229.0 436.0
230.0 449.0
231.0 35.0
232.0 11.0
233.0 26.0
234.0 4.0
235.0 124.0
236.0 123.0
237.0 108.0
238.0 55.0
239.0 87.0
240.0 44.0
241.0 50.0
242.0 30.0
243.0 46.0
244.0 36.0
245.0 37.0
246.0 45.0
247.0 43.0
248.0 27.0
249.0 43.0
250.0 41.0
251.0 44.0
252.0 28.0
253.0 28.0
254.0 34.0
255.0 6.0
256.0 27.0
257.0 4.0
258.0 6.0
259.0 18.0
260.0 98.0
261.0 89.0
262.0 47.0
263.0 30.0
264.0 22.0
265.0 41.0
266.0 17.0
267.0 37.0
268.0 29.0
269.0 44.0
270.0 35.0
271.0 53.0
272.0 50.0
273.0 38.0
274.0 0.0
275.0 0.0
276.0 0.0
277.0 0.0
278.0 16.0
279.0 32.0
280.0 104.0
281.0 164.0
282.0 203.0
283.0 228.0
284.0 363.0
285.0 471.0
286.0 558.0
287.0 661.0
288.0 739.0
289.0 796.0
290.0 875.0
291.0 872.0
292.0 808.0
293.0 816.0
294.0 837.0
295.0 932.0
296.0 862.0
297.0 1060.0
298.0 1100.0
299.0 929.0
300.0 1050.0
301.0 1290.0
302.0 1080.0
303.0 862.0
304.0 923.0
305.0 849.0
306.0 1040.0
307.0 1200.0
308.0 996.0
309.0 1090.0
310.0 1120.0
311.0 1310.0
312.0 891.0
313.0 969.0
314.0 1110.0
315.0 1200.0
316.0 1150.0
317.0 1240.0
318.0 817.0
319.0 1300.0
320.0 1520.0
321.0 1630.0
322.0 1400.0
323.0 918.0
324.0 59.0
325.0 962.0
326.0 935.0
327.0 1210.0
328.0 695.0
329.0 0.0
330.0 7.0
331.0 0.0
332.0 88.0
333.0 123.0
334.0 155.0
335.0 582.0
336.0 87.0
337.0 328.0
338.0 3.0
339.0 4.0
340.0 0.0
341.0 95.0
342.0 104.0
343.0 117.0
344.0 113.0
345.0 116.0
346.0 124.0
347.0 125.0
348.0 106.0
349.0 120.0
350.0 716.0
351.0 799.0
352.0 777.0
353.0 665.0
354.0 615.0
355.0 461.0
356.0 179.0
357.0 643.0
358.0 870.0
359.0 946.0
360.0 830.0
361.0 741.0
362.0 1040.0
363.0 1030.0
364.0 917.0
365.0 840.0
366.0 1010.0
367.0 1110.0
368.0 1070.0
369.0 1040.0
370.0 1250.0
371.0 1290.0
372.0 1140.0
373.0 1410.0
374.0 1650.0
375.0 1020.0
376.0 1520.0
377.0 1710.0
378.0 1340.0
379.0 1330.0
380.0 1650.0
381.0 1610.0
382.0 1470.0
383.0 1780.0
384.0 1820.0
385.0 1600.0
386.0 1700.0
387.0 1830.0
388.0 1740.0
389.0 1610.0
390.0 1860.0
391.0 1780.0
392.0 1800.0
393.0 1690.0
394.0 1820.0
395.0 1740.0
396.0 1740.0
397.0 1670.0
398.0 1430.0
399.0 1720.0
400.0 1710.0
401.0 1770.0
402.0 1800.0
403.0 1710.0
404.0 1740.0
405.0 1750.0
406.0 1640.0
407.0 1750.0
408.0 1800.0
409.0 1520.0
410.0 1800.0
411.0 1760.0
412.0 1640.0
413.0 1810.0
414.0 1800.0
415.0 1710.0
416.0 1410.0
417.0 1690.0
418.0 1650.0
419.0 1810.0
420.0 1700.0
421.0 1610.0
422.0 1170.0
423.0 1450.0
424.0 1620.0
425.0 1340.0
426.0 1340.0
427.0 941.0
428.0 1260.0
429.0 911.0
430.0 822.0
431.0 929.0
432.0 1210.0
433.0 1540.0
434.0 1120.0
435.0 952.0
436.0 1420.0
437.0 1430.0
438.0 964.0
439.0 1240.0
440.0 782.0
441.0 1320.0
442.0 651.0
443.0 938.0
444.0 1150.0
445.0 244.0
446.0 128.0
447.0 6.0
448.0 3.0
449.0 1.0
450.0 5.0
451.0 7.0
452.0 153.0
453.0 2.0
454.0 1.0
455.0 2.0
456.0 120.0
457.0 95.0
458.0 56.0
459.0 177.0
460.0 46.0
461.0 11.0
462.0 0.0
463.0 0.0
464.0 0.0
465.0 0.0
466.0 0.0
467.0 0.0
468.0 0.0
469.0 0.0
470.0 6.0
471.0 5.0
472.0 117.0
473.0 116.0
474.0 738.0
475.0 762.0
476.0 701.0
477.0 710.0
478.0 421.0
479.0 619.0
480.0 716.0
481.0 714.0
482.0 795.0
483.0 913.0
484.0 942.0
485.0 948.0
486.0 1020.0
487.0 900.0
488.0 1130.0
489.0 872.0
490.0 2.0
491.0 3.0
492.0 110.0
493.0 103.0
494.0 95.0
495.0 84.0
496.0 99.0
497.0 87.0
498.0 105.0
499.0 112.0
500.0 123.0
501.0 116.0
502.0 114.0
503.0 112.0
504.0 115.0
505.0 112.0
506.0 105.0
507.0 113.0
508.0 111.0
509.0 103.0
510.0 110.0
511.0 102.0
512.0 123.0
513.0 112.0
514.0 108.0
515.0 119.0
516.0 93.0
517.0 6.0
518.0 70.0
519.0 17.0
520.0 11.0
521.0 24.0
522.0 61.0
523.0 85.0
524.0 40.0
525.0 35.0
526.0 70.0
527.0 131.0
528.0 186.0
529.0 296.0
530.0 526.0
531.0 714.0
532.0 768.0
533.0 879.0
534.0 781.0
535.0 966.0
536.0 954.0
537.0 834.0
538.0 1020.0
539.0 957.0
540.0 1230.0
541.0 1170.0
542.0 1390.0
543.0 1360.0
544.0 1450.0
545.0 1340.0
546.0 1370.0
547.0 1330.0
548.0 1050.0
549.0 1170.0
550.0 911.0
551.0 946.0
552.0 244.0
553.0 749.0
554.0 980.0
555.0 964.0
556.0 560.0
557.0 2.0
558.0 85.0
559.0 98.0
560.0 112.0
561.0 117.0
562.0 107.0
563.0 103.0
564.0 121.0
565.0 80.0
566.0 119.0
567.0 118.0
568.0 104.0
569.0 107.0
570.0 102.0
571.0 121.0
572.0 93.0
573.0 90.0
574.0 117.0
575.0 122.0
576.0 118.0
577.0 118.0
578.0 112.0
579.0 116.0
580.0 119.0
581.0 93.0
582.0 119.0
583.0 117.0
584.0 112.0
585.0 122.0
586.0 81.0
587.0 121.0
588.0 95.0
589.0 118.0
590.0 116.0
591.0 116.0
592.0 118.0
593.0 110.0
594.0 106.0
595.0 125.0
596.0 113.0
597.0 122.0
598.0 118.0
599.0 125.0
600.0 96.0
601.0 120.0
602.0 101.0
603.0 89.0
604.0 108.0
605.0 93.0
606.0 116.0
607.0 100.0
608.0 117.0
609.0 86.0
610.0 124.0
611.0 84.0
612.0 115.0
613.0 92.0
614.0 100.0
615.0 121.0
616.0 87.0
617.0 113.0
618.0 122.0
619.0 104.0
620.0 121.0
621.0 118.0
622.0 107.0
623.0 111.0
624.0 85.0
625.0 107.0
626.0 111.0
627.0 109.0
628.0 121.0
629.0 111.0
630.0 110.0
631.0 121.0
632.0 105.0
633.0 119.0
634.0 102.0
635.0 113.0
636.0 114.0
637.0 91.0
638.0 93.0
639.0 124.0
640.0 125.0
641.0 124.0
642.0 95.0
643.0 110.0
644.0 117.0
645.0 111.0
646.0 86.0
647.0 109.0
648.0 97.0
649.0 118.0
650.0 124.0
651.0 120.0
652.0 88.0
653.0 125.0
654.0 120.0
655.0 109.0
656.0 123.0
657.0 103.0
658.0 121.0
659.0 108.0
660.0 97.0
661.0 117.0
662.0 105.0
663.0 121.0
664.0 120.0
665.0 97.0
666.0 114.0
667.0 120.0
668.0 122.0
669.0 92.0
670.0 105.0
671.0 119.0
672.0 105.0
673.0 119.0
674.0 94.0
675.0 354.0
676.0 382.0
677.0 406.0
678.0 415.0
679.0 451.0
680.0 484.0
681.0 519.0
682.0 572.0
683.0 705.0
684.0 705.0
685.0 747.0
686.0 789.0
687.0 1280.0
688.0 1330.0
689.0 1380.0
690.0 1520.0
691.0 1350.0
692.0 1080.0
693.0 1520.0
694.0 1190.0
695.0 952.0
696.0 1050.0
697.0 970.0
698.0 1130.0
699.0 1140.0
700.0 931.0
701.0 895.0
702.0 1010.0
703.0 949.0
704.0 944.0
705.0 657.0
706.0 614.0
707.0 13.0
708.0 7.0
709.0 13.0
710.0 34.0
711.0 17.0
712.0 27.0
713.0 0.0
714.0 11.0
715.0 7.0
716.0 9.0
717.0 112.0
718.0 280.0
719.0 67.0
720.0 0.0
721.0 0.0
722.0 0.0
723.0 0.0
724.0 22.0
725.0 9.0
726.0 122.0
727.0 103.0
728.0 89.0
729.0 110.0
730.0 94.0
731.0 69.0
732.0 178.0
733.0 54.0
734.0 0.0
735.0 0.0
736.0 0.0
737.0 0.0
738.0 30.0
739.0 3.0
740.0 110.0
741.0 100.0
742.0 112.0
743.0 121.0
744.0 81.0
745.0 0.0
746.0 0.0
747.0 0.0
748.0 0.0
749.0 0.0
750.0 0.0
751.0 123.0
752.0 117.0
753.0 0.0
754.0 0.0
755.0 1.0
756.0 27.0
757.0 114.0
758.0 117.0
759.0 117.0
760.0 114.0
761.0 84.0
762.0 89.0
763.0 96.0
764.0 89.0
765.0 90.0
766.0 105.0
767.0 110.0
768.0 113.0
769.0 122.0
770.0 94.0
771.0 115.0
772.0 92.0
773.0 103.0
774.0 124.0
775.0 123.0
776.0 100.0
777.0 94.0
778.0 120.0
779.0 97.0
780.0 104.0
781.0 101.0
782.0 100.0
783.0 96.0
784.0 90.0
785.0 110.0
786.0 120.0
787.0 117.0
788.0 85.0
789.0 115.0
790.0 103.0
791.0 123.0
792.0 125.0
793.0 75.0
794.0 112.0
795.0 112.0
796.0 102.0
797.0 106.0
798.0 124.0
