0.0 1030.0
1.0 1760.0
2.0 1800.0
3.0 1720.0
4.0 1550.0
5.0 1710.0
6.0 1830.0
7.0 1830.0
8.0 1780.0
9.0 1810.0
10.0 1770.0
11.0 1740.0
12.0 1780.0
13.0 1760.0
14.0 1670.0
15.0 1770.0
16.0 1600.0
17.0 1730.0
18.0 1800.0
19.0 1710.0
20.0 1780.0
21.0 1840.0
22.0 1720.0
23.0 1780.0
24.0 1620.0
25.0 1630.0
26.0 1700.0
27.0 1540.0
28.0 1400.0
29.0 1410.0
30.0 1470.0
31.0 885.0
32.0 1400.0
33.0 1180.0
34.0 968.0
35.0 1150.0
36.0 950.0
37.0 679.0
38.0 539.0
39.0 199.0
40.0 307.0
41.0 116.0
42.0 46.0
43.0 63.0
44.0 131.0
45.0 39.0
46.0 122.0
47.0 108.0
48.0 653.0
49.0 854.0
50.0 889.0
51.0 923.0
52.0 770.0
53.0 1060.0
54.0 1210.0
55.0 1230.0
56.0 905.0
57.0 239.0
58.0 119.0
59.0 664.0
60.0 988.0
61.0 1230.0
62.0 1130.0
63.0 858.0
64.0 894.0
65.0 1380.0
66.0 1310.0
67.0 1400.0
68.0 1130.0
69.0 1280.0
70.0 1360.0
71.0 1250.0
72.0 1400.0
73.0 1460.0
74.0 1250.0
75.0 1010.0
76.0 1110.0
77.0 1160.0
78.0 1010.0
79.0 968.0
80.0 964.0
81.0 1010.0
82.0 854.0
83.0 712.0
84.0 877.0
85.0 761.0
86.0 354.0
87.0 88.0
88.0 101.0
89.0 113.0
90.0 111.0
91.0 90.0
92.0 95.0
93.0 86.0
94.0 111.0
95.0 119.0
96.0 114.0
97.0 117.0
98.0 100.0
99.0 118.0
100.0 116.0
101.0 118.0
102.0 125.0
103.0 104.0
104.0 122.0
105.0 101.0
106.0 110.0
107.0 113.0
108.0 125.0
109.0 100.0
110.0 100.0
111.0 107.0
112.0 110.0
113.0 106.0
114.0 106.0
115.0 109.0
116.0 112.0
117.0 107.0
118.0 124.0
119.0 110.0
120.0 114.0
121.0 109.0
122.0 123.0
123.0 115.0
124.0 119.0
125.0 117.0
126.0 119.0
127.0 119.0
128.0 102.0
129.0 87.0
130.0 124.0
131.0 124.0
132.0 113.0
133.0 106.0
134.0 92.0
135.0 112.0
136.0 88.0
137.0 121.0
138.0 116.0
139.0 100.0
140.0 102.0
141.0 120.0
142.0 88.0
143.0 105.0
144.0 118.0
145.0 112.0
146.0 91.0
147.0 110.0
148.0 126.0
149.0 4.0
150.0 14.0
151.0 34.0
152.0 45.0
153.0 52.0
154.0 85.0
155.0 93.0
156.0 7.0
157.0 12.0
158.0 80.0
159.0 83.0
160.0 24.0
161.0 13.0
162.0 29.0
163.0 17.0
164.0 20.0
165.0 1.0
166.0 1.0
167.0 4.0
168.0 5.0
169.0 4.0
170.0 10.0
171.0 7.0
172.0 9.0
173.0 8.0
174.0 6.0
175.0 11.0
176.0 4.0
177.0 9.0
178.0 3.0
179.0 14.0
180.0 4.0
181.0 4.0
182.0 4.0
183.0 0.0
184.0 2.0
185.0 0.0
186.0 1.0
187.0 1.0
188.0 7.0
189.0 1.0
190.0 3.0
191.0 3.0
192.0 4.0
193.0 7.0
194.0 9.0
195.0 21.0
196.0 19.0
197.0 37.0
198.0 16.0
199.0 33.0
200.0 26.0
201.0 36.0
202.0 0.0
203.0 119.0
204.0 85.0
205.0 82.0
206.0 88.0
207.0 120.0
208.0 150.0
209.0 197.0
210.0 271.0
211.0 389.0
212.0 492.0
213.0 592.0
214.0 697.0
215.0 733.0
216.0 985.0
217.0 1210.0
218.0 1230.0
219.0 1390.0
220.0 1230.0
221.0 1270.0
222.0 1360.0
223.0 1140.0
224.0 750.0
225.0 536.0
226.0 818.0
227.0 335.0
228.0 373.0
229.0 60.0
230.0 110.0
231.0 542.0
232.0 100.0
233.0 20.0
234.0 10.0
235.0 10.0
236.0 30.0
237.0 83.0
238.0 115.0
239.0 497.0
240.0 668.0
241.0 738.0
242.0 753.0
243.0 815.0
244.0 1010.0
245.0 988.0
246.0 1100.0
247.0 11.0
248.0 10.0
249.0 0.0
250.0 88.0
251.0 118.0
252.0 141.0
253.0 212.0
254.0 327.0
255.0 372.0
256.0 718.0
257.0 874.0
258.0 880.0
259.0 939.0
260.0 1150.0
261.0 961.0
262.0 929.0
263.0 1010.0
264.0 833.0
265.0 801.0
266.0 839.0
267.0 878.0
268.0 1090.0
269.0 837.0
270.0 947.0
271.0 809.0
272.0 1090.0
273.0 880.0
274.0 1020.0
275.0 797.0
276.0 945.0
277.0 1030.0
278.0 752.0
279.0 848.0
280.0 878.0
281.0 708.0
282.0 763.0
283.0 647.0
284.0 595.0
285.0 716.0
286.0 885.0
287.0 1140.0
288.0 867.0
289.0 791.0
290.0 877.0
291.0 797.0
292.0 941.0
293.0 1120.0
294.0 1320.0
295.0 1310.0
296.0 1500.0
297.0 744.0
298.0 953.0
299.0 70.0
300.0 993.0
301.0 450.0
302.0 232.0
303.0 328.0
304.0 91.0
305.0 13.0
306.0 1.0
307.0 0.0
308.0 85.0
309.0 125.0
310.0 241.0
311.0 389.0
312.0 628.0
313.0 809.0
314.0 1050.0
315.0 967.0
316.0 1080.0
317.0 1240.0
318.0 1070.0
319.0 1220.0
320.0 1510.0
321.0 1210.0
322.0 1200.0
323.0 199.0
324.0 246.0
325.0 135.0
326.0 15.0
327.0 93.0
328.0 46.0
329.0 29.0
330.0 288.0
331.0 500.0
332.0 853.0
333.0 979.0
334.0 1330.0
335.0 1410.0
336.0 1450.0
337.0 1710.0
338.0 1320.0
339.0 1180.0
340.0 945.0
341.0 1360.0
342.0 1620.0
343.0 1050.0
344.0 1530.0
345.0 1430.0
346.0 1200.0
347.0 1560.0
348.0 1640.0
349.0 1250.0
350.0 1290.0
351.0 1440.0
352.0 1470.0
353.0 1280.0
354.0 1460.0
355.0 1480.0
356.0 1530.0
357.0 1680.0
358.0 1840.0
359.0 1530.0
360.0 1370.0
361.0 1520.0
362.0 1470.0
363.0 1620.0
364.0 1480.0
365.0 1540.0
366.0 1360.0
367.0 1760.0
368.0 1510.0
369.0 1290.0
370.0 1400.0
371.0 1780.0
372.0 1700.0
373.0 1200.0
374.0 1220.0
375.0 974.0
376.0 1110.0
377.0 1090.0
378.0 1060.0
379.0 1160.0
380.0 1160.0
381.0 1350.0
382.0 1300.0
383.0 1050.0
384.0 1190.0
385.0 859.0
386.0 728.0
387.0 608.0
388.0 670.0
389.0 589.0
390.0 480.0
391.0 533.0
392.0 381.0
393.0 68.0
394.0 93.0
395.0 191.0
396.0 251.0
397.0 4.0
398.0 6.0
399.0 1.0
400.0 86.0
401.0 123.0
402.0 103.0
403.0 629.0
404.0 579.0
405.0 567.0
406.0 522.0
407.0 596.0
408.0 510.0
409.0 409.0
410.0 0.0
411.0 423.0
412.0 378.0
413.0 635.0
414.0 821.0
415.0 730.0
416.0 684.0
417.0 541.0
418.0 594.0
419.0 665.0
420.0 650.0
421.0 703.0
422.0 992.0
423.0 894.0
424.0 727.0
425.0 798.0
426.0 892.0
427.0 740.0
428.0 744.0
429.0 804.0
430.0 840.0
431.0 959.0
432.0 1110.0
433.0 1040.0
434.0 974.0
435.0 1090.0
436.0 1290.0
437.0 1060.0
438.0 1120.0
439.0 1300.0
440.0 1400.0
441.0 1270.0
442.0 1430.0
443.0 1100.0
444.0 1060.0
445.0 1300.0
446.0 1320.0
447.0 1030.0
448.0 1050.0
449.0 1080.0
450.0 859.0
451.0 1130.0
452.0 1330.0
453.0 1100.0
454.0 1170.0
455.0 1170.0
456.0 1170.0
457.0 1130.0
458.0 1060.0
459.0 1220.0
460.0 1220.0
461.0 1020.0
462.0 1020.0
463.0 1080.0
464.0 1180.0
465.0 1110.0
466.0 1160.0
467.0 916.0
468.0 818.0
469.0 759.0
470.0 711.0
471.0 739.0
472.0 867.0
473.0 854.0
474.0 740.0
475.0 782.0
476.0 730.0
477.0 686.0
478.0 788.0
479.0 757.0
480.0 762.0
481.0 1140.0
482.0 837.0
483.0 686.0
484.0 547.0
485.0 522.0
486.0 593.0
487.0 607.0
488.0 706.0
489.0 304.0
490.0 108.0
491.0 97.0
492.0 101.0
493.0 120.0
494.0 110.0
495.0 125.0
496.0 117.0
497.0 115.0
498.0 117.0
499.0 100.0
500.0 121.0
501.0 81.0
502.0 87.0
503.0 99.0
504.0 114.0
505.0 85.0
506.0 110.0
507.0 107.0
508.0 120.0
509.0 119.0
510.0 90.0
511.0 117.0
512.0 96.0
513.0 125.0
514.0 116.0
515.0 111.0
516.0 108.0
517.0 94.0
518.0 87.0
519.0 98.0
520.0 105.0
521.0 110.0
522.0 112.0
523.0 109.0
524.0 106.0
525.0 114.0
526.0 111.0
527.0 112.0
528.0 114.0
529.0 88.0
530.0 96.0
531.0 91.0
532.0 109.0
533.0 110.0
534.0 107.0
535.0 124.0
536.0 124.0
537.0 110.0
538.0 119.0
539.0 87.0
540.0 118.0
541.0 116.0
542.0 119.0
543.0 104.0
544.0 115.0
545.0 106.0
546.0 119.0
547.0 107.0
548.0 98.0
549.0 106.0
550.0 114.0
551.0 117.0
552.0 107.0
553.0 99.0
554.0 90.0
555.0 114.0
556.0 104.0
557.0 95.0
558.0 123.0
559.0 105.0
560.0 99.0
561.0 96.0
562.0 95.0
563.0 118.0
564.0 90.0
565.0 85.0
566.0 100.0
567.0 104.0
568.0 115.0
569.0 123.0
570.0 102.0
571.0 123.0
572.0 124.0
573.0 98.0
574.0 94.0
575.0 90.0
576.0 125.0
577.0 123.0
578.0 85.0
579.0 114.0
580.0 108.0
581.0 115.0
582.0 93.0
583.0 96.0
584.0 120.0
585.0 117.0
586.0 113.0
587.0 124.0
588.0 92.0
589.0 98.0
590.0 122.0
591.0 101.0
592.0 109.0
593.0 116.0
594.0 121.0
595.0 124.0
596.0 113.0
597.0 96.0
598.0 96.0
599.0 117.0
600.0 100.0
601.0 111.0
602.0 78.0
603.0 98.0
604.0 124.0
605.0 98.0
606.0 109.0
607.0 101.0
608.0 117.0
609.0 119.0
610.0 98.0
611.0 106.0
612.0 109.0
613.0 101.0
614.0 124.0
615.0 91.0
616.0 106.0
617.0 225.0
618.0 234.0
619.0 258.0
620.0 258.0
621.0 311.0
622.0 414.0
623.0 472.0
624.0 594.0
625.0 725.0
626.0 903.0
627.0 910.0
628.0 956.0
629.0 1150.0
630.0 1120.0
631.0 1300.0
632.0 1320.0
633.0 1200.0
634.0 1170.0
635.0 1120.0
636.0 883.0
637.0 789.0
638.0 837.0
639.0 933.0
640.0 1070.0
641.0 1170.0
642.0 918.0
643.0 1030.0
644.0 985.0
645.0 1170.0
646.0 644.0
647.0 844.0
648.0 168.0
649.0 5.0
650.0 0.0
651.0 2.0
652.0 21.0
653.0 1.0
654.0 21.0
655.0 5.0
656.0 94.0
657.0 101.0
658.0 125.0
659.0 113.0
660.0 105.0
661.0 121.0
662.0 114.0
663.0 173.0
664.0 64.0
665.0 253.0
666.0 353.0
667.0 433.0
668.0 488.0
669.0 481.0
670.0 538.0
671.0 517.0
672.0 102.0
673.0 2.0
674.0 104.0
675.0 103.0
676.0 100.0
677.0 123.0
678.0 116.0
679.0 103.0
680.0 114.0
681.0 95.0
682.0 112.0
683.0 108.0
684.0 112.0
685.0 125.0
686.0 122.0
687.0 120.0
688.0 115.0
689.0 115.0
690.0 110.0
691.0 102.0
692.0 112.0
693.0 113.0
694.0 125.0
695.0 95.0
696.0 83.0
697.0 117.0
698.0 92.0
699.0 97.0
700.0 116.0
701.0 117.0
702.0 124.0
703.0 119.0
704.0 122.0
705.0 114.0
706.0 120.0
707.0 94.0
708.0 105.0
709.0 120.0
710.0 99.0
711.0 115.0
712.0 116.0
713.0 110.0
714.0 118.0
715.0 83.0
716.0 111.0
717.0 87.0
718.0 111.0
719.0 108.0
720.0 123.0
721.0 94.0
722.0 97.0
723.0 90.0
724.0 115.0
725.0 106.0
726.0 101.0
727.0 115.0
728.0 105.0
729.0 86.0
730.0 115.0
731.0 120.0
732.0 121.0
733.0 111.0
734.0 106.0
735.0 125.0
736.0 79.0
737.0 93.0
738.0 112.0
739.0 109.0
740.0 114.0
741.0 82.0
742.0 121.0
743.0 96.0
744.0 109.0
745.0 124.0
746.0 115.0
747.0 120.0
748.0 123.0
749.0 105.0
750.0 102.0
751.0 88.0
752.0 115.0
753.0 90.0
754.0 113.0
755.0 114.0
756.0 124.0
757.0 101.0
758.0 123.0
759.0 84.0
760.0 112.0
761.0 120.0
762.0 102.0
763.0 100.0
764.0 125.0
765.0 116.0
766.0 115.0
767.0 113.0
768.0 109.0
769.0 120.0
770.0 115.0
771.0 96.0
772.0 119.0
773.0 93.0
774.0 113.0
775.0 88.0
776.0 124.0
777.0 91.0
778.0 97.0
779.0 125.0
780.0 101.0
781.0 105.0
782.0 122.0
783.0 109.0
784.0 113.0
785.0 84.0
786.0 97.0
787.0 114.0
788.0 111.0
789.0 93.0
790.0 94.0
791.0 125.0
792.0 104.0
793.0 93.0
794.0 83.0
795.0 113.0
796.0 102.0
797.0 93.0
798.0 117.0
