0.0 79.0
1.0 153.0
2.0 146.0
3.0 61.0
4.0 163.0
5.0 198.0
6.0 214.0
7.0 194.0
8.0 219.0
9.0 193.0
10.0 223.0
11.0 237.0
12.0 152.0
13.0 92.0
14.0 106.0
15.0 202.0
16.0 312.0
17.0 383.0
18.0 447.0
19.0 490.0
20.0 447.0
21.0 492.0
22.0 594.0
23.0 653.0
24.0 588.0
25.0 547.0
26.0 618.0
27.0 620.0
28.0 806.0
29.0 843.0
30.0 757.0
31.0 610.0
32.0 862.0
33.0 428.0
34.0 231.0
35.0 428.0
36.0 582.0
37.0 684.0
38.0 719.0
39.0 358.0
40.0 656.0
41.0 309.0
42.0 102.0
43.0 100.0
44.0 584.0
45.0 327.0
46.0 180.0
47.0 419.0
48.0 441.0
49.0 396.0
50.0 325.0
51.0 102.0
52.0 88.0
53.0 403.0
54.0 453.0
55.0 422.0
56.0 516.0
57.0 551.0
58.0 535.0
59.0 642.0
60.0 605.0
61.0 684.0
62.0 741.0
63.0 746.0
64.0 768.0
65.0 795.0
66.0 690.0
67.0 561.0
68.0 85.0
69.0 30.0
70.0 18.0
71.0 1.0
72.0 20.0
73.0 91.0
74.0 117.0
75.0 775.0
76.0 917.0
77.0 851.0
78.0 243.0
79.0 17.0
80.0 0.0
81.0 31.0
82.0 123.0
83.0 96.0
84.0 760.0
85.0 709.0
86.0 894.0
87.0 875.0
88.0 899.0
89.0 964.0
90.0 938.0
91.0 952.0
92.0 1050.0
93.0 881.0
94.0 846.0
95.0 672.0
96.0 1060.0
97.0 1090.0
98.0 1090.0
99.0 1070.0
100.0 1260.0
101.0 579.0
102.0 85.0
103.0 119.0
104.0 1170.0
105.0 1280.0
106.0 1250.0
107.0 974.0
108.0 918.0
109.0 593.0
110.0 954.0
111.0 609.0
112.0 296.0
113.0 29.0
114.0 98.0
115.0 315.0
116.0 98.0
117.0 0.0
118.0 770.0
119.0 1100.0
120.0 1210.0
121.0 857.0
122.0 387.0
123.0 64.0
124.0 52.0
125.0 65.0
126.0 72.0
127.0 87.0
128.0 89.0
129.0 79.0
130.0 65.0
131.0 106.0
132.0 109.0
133.0 110.0
134.0 365.0
135.0 413.0
136.0 273.0
137.0 458.0
138.0 224.0
139.0 380.0
140.0 387.0
141.0 474.0
142.0 544.0
143.0 537.0
144.0 622.0
145.0 685.0
146.0 469.0
147.0 34.0
148.0 111.0
149.0 120.0
150.0 432.0
151.0 418.0
152.0 451.0
153.0 474.0
154.0 479.0
155.0 496.0
156.0 186.0
157.0 67.0
158.0 527.0
159.0 517.0
160.0 542.0
161.0 536.0
162.0 8.0
163.0 19.0
164.0 26.0
165.0 121.0
166.0 86.0
167.0 221.0
168.0 432.0
169.0 508.0
170.0 536.0
171.0 509.0
172.0 511.0
173.0 568.0
174.0 549.0
175.0 571.0
176.0 584.0
177.0 580.0
178.0 662.0
179.0 630.0
180.0 678.0
181.0 700.0
182.0 816.0
183.0 748.0
184.0 715.0
185.0 876.0
186.0 899.0
187.0 780.0
188.0 908.0
189.0 931.0
190.0 932.0
191.0 835.0
192.0 950.0
193.0 1030.0
194.0 856.0
195.0 879.0
196.0 908.0
197.0 934.0
198.0 1010.0
199.0 874.0
200.0 858.0
201.0 977.0
202.0 881.0
203.0 1050.0
204.0 971.0
205.0 969.0
206.0 920.0
207.0 1000.0
208.0 1050.0
209.0 969.0
210.0 945.0
211.0 866.0
212.0 939.0
213.0 957.0
214.0 975.0
215.0 1000.0
216.0 1020.0
217.0 930.0
218.0 871.0
219.0 894.0
220.0 1100.0
221.0 974.0
222.0 839.0
223.0 409.0
224.0 124.0
225.0 109.0
226.0 958.0
227.0 940.0
228.0 1100.0
229.0 1010.0
230.0 996.0
231.0 1080.0
232.0 950.0
233.0 954.0
234.0 910.0
235.0 819.0
236.0 825.0
237.0 776.0
238.0 281.0
239.0 82.0
240.0 243.0
241.0 106.0
242.0 103.0
243.0 937.0
244.0 989.0
245.0 1020.0
246.0 1010.0
247.0 998.0
248.0 918.0
249.0 964.0
250.0 1030.0
251.0 1160.0
252.0 1100.0
253.0 1170.0
254.0 1150.0
255.0 990.0
256.0 1080.0
257.0 1150.0
258.0 895.0
259.0 884.0
260.0 862.0
261.0 1050.0
262.0 786.0
263.0 762.0
264.0 1020.0
265.0 939.0
266.0 1030.0
267.0 979.0
268.0 952.0
269.0 1000.0
270.0 1040.0
271.0 883.0
272.0 838.0
273.0 962.0
274.0 865.0
275.0 830.0
276.0 979.0
277.0 1050.0
278.0 1100.0
279.0 962.0
280.0 889.0
281.0 922.0
282.0 858.0
283.0 966.0
284.0 912.0
285.0 962.0
286.0 936.0
287.0 710.0
288.0 86.0
289.0 90.0
290.0 120.0
291.0 972.0
292.0 892.0
293.0 954.0
294.0 892.0
295.0 1010.0
296.0 1080.0
297.0 960.0
298.0 939.0
299.0 825.0
300.0 930.0
301.0 1000.0
302.0 1240.0
303.0 1400.0
304.0 1330.0
305.0 1480.0
306.0 1330.0
307.0 1330.0
308.0 1250.0
309.0 1280.0
310.0 1080.0
311.0 696.0
312.0 657.0
313.0 598.0
314.0 680.0
315.0 641.0
316.0 668.0
317.0 655.0
318.0 551.0
319.0 392.0
320.0 5.0
321.0 1.0
322.0 2.0
323.0 352.0
324.0 449.0
325.0 453.0
326.0 543.0
327.0 548.0
328.0 479.0
329.0 97.0
330.0 99.0
331.0 284.0
332.0 385.0
333.0 3.0
334.0 109.0
335.0 263.0
336.0 348.0
337.0 428.0
338.0 540.0
339.0 538.0
340.0 595.0
341.0 539.0
342.0 597.0
343.0 540.0
344.0 577.0
345.0 641.0
346.0 595.0
347.0 640.0
348.0 618.0
349.0 742.0
350.0 832.0
351.0 761.0
352.0 804.0
353.0 725.0
354.0 559.0
355.0 703.0
356.0 748.0
357.0 963.0
358.0 886.0
359.0 851.0
360.0 1070.0
361.0 1130.0
362.0 1240.0
363.0 1120.0
364.0 1170.0
365.0 1300.0
366.0 1220.0
367.0 1110.0
368.0 1110.0
369.0 1050.0
370.0 979.0
371.0 1020.0
372.0 1090.0
373.0 1130.0
374.0 1050.0
375.0 958.0
376.0 917.0
377.0 1130.0
378.0 1110.0
379.0 1100.0
380.0 1120.0
381.0 1120.0
382.0 1050.0
383.0 1070.0
384.0 1030.0
385.0 892.0
386.0 909.0
387.0 856.0
388.0 881.0
389.0 902.0
390.0 890.0
391.0 925.0
392.0 883.0
393.0 782.0
394.0 1010.0
395.0 709.0
396.0 846.0
397.0 66.0
398.0 753.0
399.0 677.0
400.0 558.0
401.0 838.0
402.0 741.0
403.0 729.0
404.0 597.0
405.0 594.0
406.0 570.0
407.0 679.0
408.0 56.0
409.0 513.0
410.0 291.0
411.0 445.0
412.0 404.0
413.0 31.0
414.0 86.0
415.0 228.0
416.0 143.0
417.0 401.0
418.0 463.0
419.0 400.0
420.0 78.0
421.0 216.0
422.0 75.0
423.0 48.0
424.0 30.0
425.0 193.0
426.0 33.0
427.0 111.0
428.0 112.0
429.0 125.0
430.0 233.0
431.0 200.0
432.0 258.0
433.0 282.0
434.0 292.0
435.0 318.0
436.0 242.0
437.0 339.0
438.0 393.0
439.0 373.0
440.0 426.0
441.0 420.0
442.0 437.0
443.0 377.0
444.0 496.0
445.0 296.0
446.0 103.0
447.0 124.0
448.0 442.0
449.0 512.0
450.0 527.0
451.0 564.0
452.0 561.0
453.0 515.0
454.0 569.0
455.0 613.0
456.0 534.0
457.0 632.0
458.0 678.0
459.0 604.0
460.0 685.0
461.0 683.0
462.0 684.0
463.0 686.0
464.0 724.0
465.0 708.0
466.0 608.0
467.0 755.0
468.0 707.0
469.0 810.0
470.0 741.0
471.0 752.0
472.0 858.0
473.0 814.0
474.0 745.0
475.0 842.0
476.0 755.0
477.0 798.0
478.0 873.0
479.0 901.0
480.0 791.0
481.0 859.0
482.0 1020.0
483.0 945.0
484.0 1080.0
485.0 873.0
486.0 942.0
487.0 802.0
488.0 929.0
489.0 865.0
490.0 954.0
491.0 910.0
492.0 1040.0
493.0 787.0
494.0 123.0
495.0 95.0
496.0 123.0
497.0 99.0
498.0 103.0
499.0 518.0
500.0 296.0
501.0 91.0
502.0 110.0
503.0 210.0
504.0 143.0
505.0 26.0
506.0 5.0
507.0 26.0
508.0 33.0
509.0 21.0
510.0 104.0
511.0 101.0
512.0 254.0
513.0 264.0
514.0 289.0
515.0 315.0
516.0 357.0
517.0 392.0
518.0 427.0
519.0 396.0
520.0 414.0
521.0 444.0
522.0 50.0
523.0 202.0
524.0 322.0
525.0 81.0
526.0 140.0
527.0 120.0
528.0 396.0
529.0 302.0
530.0 60.0
531.0 50.0
532.0 59.0
533.0 129.0
534.0 118.0
535.0 113.0
536.0 327.0
537.0 318.0
538.0 356.0
539.0 404.0
540.0 408.0
541.0 340.0
542.0 432.0
543.0 472.0
544.0 443.0
545.0 506.0
546.0 498.0
547.0 591.0
548.0 648.0
549.0 706.0
550.0 649.0
551.0 748.0
552.0 812.0
553.0 787.0
554.0 802.0
555.0 798.0
556.0 902.0
557.0 872.0
558.0 962.0
559.0 986.0
560.0 997.0
561.0 1000.0
562.0 971.0
563.0 1000.0
564.0 1030.0
565.0 1110.0
566.0 1110.0
567.0 986.0
568.0 1110.0
569.0 933.0
570.0 980.0
571.0 848.0
572.0 88.0
573.0 365.0
574.0 257.0
575.0 101.0
576.0 51.0
577.0 224.0
578.0 90.0
579.0 121.0
580.0 344.0
581.0 438.0
582.0 428.0
583.0 497.0
584.0 501.0
585.0 448.0
586.0 495.0
587.0 483.0
588.0 561.0
589.0 578.0
590.0 622.0
591.0 140.0
592.0 106.0
593.0 99.0
594.0 546.0
595.0 607.0
596.0 594.0
597.0 681.0
598.0 613.0
599.0 576.0
600.0 666.0
601.0 740.0
602.0 735.0
603.0 695.0
604.0 785.0
605.0 786.0
606.0 819.0
607.0 800.0
608.0 787.0
609.0 939.0
610.0 806.0
611.0 905.0
612.0 882.0
613.0 897.0
614.0 41.0
615.0 8.0
616.0 69.0
617.0 279.0
618.0 106.0
619.0 825.0
620.0 843.0
621.0 886.0
622.0 729.0
623.0 871.0
624.0 911.0
625.0 792.0
626.0 887.0
627.0 825.0
628.0 793.0
629.0 891.0
630.0 924.0
631.0 1000.0
632.0 1070.0
633.0 1070.0
634.0 863.0
635.0 827.0
636.0 805.0
637.0 726.0
638.0 860.0
639.0 847.0
640.0 786.0
641.0 960.0
642.0 589.0
643.0 878.0
644.0 783.0
645.0 877.0
646.0 682.0
647.0 230.0
648.0 110.0
649.0 105.0
650.0 293.0
651.0 391.0
652.0 544.0
653.0 79.0
654.0 0.0
655.0 27.0
656.0 88.0
657.0 88.0
658.0 122.0
659.0 314.0
660.0 296.0
661.0 117.0
662.0 103.0
663.0 7.0
664.0 0.0
665.0 22.0
666.0 17.0
667.0 14.0
668.0 0.0
669.0 121.0
670.0 124.0
671.0 256.0
672.0 281.0
673.0 339.0
674.0 304.0
675.0 267.0
676.0 256.0
677.0 295.0
678.0 349.0
679.0 368.0
680.0 374.0
681.0 406.0
682.0 403.0
683.0 420.0
684.0 360.0
685.0 463.0
686.0 216.0
687.0 440.0
688.0 448.0
689.0 508.0
690.0 468.0
691.0 423.0
692.0 461.0
693.0 433.0
694.0 398.0
695.0 496.0
696.0 489.0
697.0 553.0
698.0 586.0
699.0 609.0
700.0 575.0
701.0 437.0
702.0 428.0
703.0 612.0
704.0 463.0
705.0 583.0
706.0 603.0
707.0 654.0
708.0 687.0
709.0 710.0
710.0 729.0
711.0 657.0
712.0 583.0
713.0 564.0
714.0 543.0
715.0 557.0
716.0 598.0
717.0 532.0
718.0 528.0
719.0 693.0
720.0 552.0
721.0 597.0
722.0 572.0
723.0 488.0
724.0 661.0
725.0 546.0
726.0 302.0
727.0 235.0
728.0 368.0
729.0 511.0
730.0 481.0
731.0 461.0
732.0 380.0
733.0 446.0
734.0 500.0
735.0 400.0
736.0 475.0
737.0 424.0
738.0 383.0
739.0 422.0
740.0 508.0
741.0 416.0
742.0 473.0
743.0 416.0
744.0 529.0
745.0 238.0
746.0 428.0
747.0 343.0
748.0 334.0
749.0 400.0
750.0 385.0
751.0 337.0
752.0 322.0
753.0 175.0
754.0 0.0
755.0 0.0
756.0 1.0
757.0 3.0
758.0 0.0
759.0 14.0
760.0 1.0
761.0 1.0
762.0 0.0
763.0 88.0
764.0 102.0
765.0 88.0
766.0 51.0
767.0 40.0
768.0 49.0
769.0 59.0
770.0 54.0
771.0 60.0
772.0 13.0
773.0 118.0
774.0 98.0
775.0 115.0
776.0 118.0
777.0 120.0
778.0 116.0
779.0 98.0
780.0 107.0
781.0 102.0
782.0 98.0
783.0 120.0
784.0 115.0
785.0 130.0
786.0 139.0
787.0 149.0
788.0 183.0
789.0 194.0
790.0 231.0
791.0 246.0
792.0 289.0
793.0 337.0
794.0 321.0
795.0 385.0
796.0 383.0
797.0 338.0
798.0 18.0
799.0 110.0
