0.0 110.0
1.0 287.0
2.0 326.0
3.0 422.0
4.0 91.0
5.0 109.0
6.0 497.0
7.0 481.0
8.0 274.0
9.0 0.0
10.0 0.0
11.0 92.0
12.0 116.0
13.0 124.0
14.0 95.0
15.0 84.0
16.0 96.0
17.0 319.0
18.0 732.0
19.0 285.0
20.0 129.0
21.0 119.0
22.0 97.0
23.0 22.0
24.0 109.0
25.0 117.0
26.0 287.0
27.0 299.0
28.0 459.0
29.0 509.0
30.0 557.0
31.0 405.0
32.0 497.0
33.0 260.0
34.0 237.0
35.0 79.0
36.0 103.0
37.0 106.0
38.0 93.0
39.0 108.0
40.0 120.0
41.0 88.0
42.0 75.0
43.0 64.0
44.0 187.0
45.0 485.0
46.0 483.0
47.0 254.0
48.0 98.0
49.0 95.0
50.0 406.0
51.0 450.0
52.0 404.0
53.0 575.0
54.0 394.0
55.0 66.0
56.0 110.0
57.0 56.0
58.0 81.0
59.0 12.0
60.0 7.0
61.0 107.0
62.0 101.0
63.0 481.0
64.0 589.0
65.0 731.0
66.0 744.0
67.0 925.0
68.0 1330.0
69.0 1180.0
70.0 1150.0
71.0 1450.0
72.0 1370.0
73.0 1250.0
74.0 1300.0
75.0 1300.0
76.0 1270.0
77.0 1290.0
78.0 1370.0
79.0 1390.0
80.0 1420.0
81.0 1460.0
82.0 1380.0
83.0 1370.0
84.0 1410.0
85.0 1070.0
86.0 1090.0
87.0 1060.0
88.0 874.0
89.0 1020.0
90.0 1410.0
91.0 1180.0
92.0 988.0
93.0 125.0
94.0 111.0
95.0 75.0
96.0 117.0
97.0 516.0
98.0 770.0
99.0 709.0
100.0 189.0
101.0 451.0
102.0 366.0
103.0 502.0
104.0 367.0
105.0 295.0
106.0 8.0
107.0 7.0
108.0 17.0
109.0 47.0
110.0 103.0
111.0 121.0
112.0 396.0
113.0 727.0
114.0 675.0
115.0 698.0
116.0 842.0
117.0 821.0
118.0 699.0
119.0 1060.0
120.0 876.0
121.0 895.0
122.0 786.0
123.0 927.0
124.0 1140.0
125.0 1310.0
126.0 1100.0
127.0 1410.0
128.0 1040.0
129.0 884.0
130.0 860.0
131.0 105.0
132.0 123.0
133.0 425.0
134.0 910.0
135.0 710.0
136.0 829.0
137.0 774.0
138.0 689.0
139.0 681.0
140.0 744.0
141.0 842.0
142.0 724.0
143.0 622.0
144.0 248.0
145.0 102.0
146.0 118.0
147.0 100.0
148.0 115.0
149.0 111.0
150.0 373.0
151.0 750.0
152.0 853.0
153.0 875.0
154.0 786.0
155.0 651.0
156.0 148.0
157.0 16.0
158.0 142.0
159.0 102.0
160.0 101.0
161.0 567.0
162.0 224.0
163.0 85.0
164.0 65.0
165.0 17.0
166.0 73.0
167.0 33.0
168.0 22.0
169.0 41.0
170.0 105.0
171.0 121.0
172.0 104.0
173.0 287.0
174.0 536.0
175.0 534.0
176.0 99.0
177.0 71.0
178.0 114.0
179.0 117.0
180.0 309.0
181.0 384.0
182.0 470.0
183.0 409.0
184.0 505.0
185.0 565.0
186.0 543.0
187.0 548.0
188.0 670.0
189.0 722.0
190.0 620.0
191.0 780.0
192.0 513.0
193.0 76.0
194.0 123.0
195.0 94.0
196.0 125.0
197.0 89.0
198.0 121.0
199.0 446.0
200.0 524.0
201.0 592.0
202.0 34.0
203.0 26.0
204.0 5.0
205.0 27.0
206.0 0.0
207.0 125.0
208.0 90.0
209.0 286.0
210.0 392.0
211.0 595.0
212.0 659.0
213.0 836.0
214.0 1040.0
215.0 1120.0
216.0 1130.0
217.0 1070.0
218.0 1160.0
219.0 1150.0
220.0 1170.0
221.0 1170.0
222.0 1130.0
223.0 1140.0
224.0 1170.0
225.0 1140.0
226.0 1200.0
227.0 1170.0
228.0 1170.0
229.0 1150.0
230.0 1030.0
231.0 1090.0
232.0 1100.0
233.0 1130.0
234.0 1090.0
235.0 920.0
236.0 1350.0
237.0 151.0
238.0 121.0
239.0 674.0
240.0 317.0
241.0 40.0
242.0 0.0
243.0 90.0
244.0 121.0
245.0 915.0
246.0 960.0
247.0 1360.0
248.0 1390.0
249.0 1330.0
