0.0 37.0
1.0 71.0
2.0 190.0
3.0 238.0
4.0 193.0
5.0 499.0
6.0 551.0
7.0 537.0
8.0 8.0
9.0 10.0
10.0 18.0
11.0 397.0
12.0 519.0
13.0 564.0
14.0 615.0
15.0 609.0
16.0 646.0
17.0 564.0
18.0 721.0
19.0 722.0
20.0 638.0
21.0 616.0
22.0 635.0
23.0 664.0
24.0 691.0
25.0 754.0
26.0 965.0
27.0 455.0
28.0 10.0
29.0 8.0
30.0 13.0
31.0 0.0
32.0 0.0
33.0 0.0
34.0 0.0
35.0 0.0
36.0 0.0
37.0 50.0
38.0 23.0
39.0 22.0
40.0 28.0
41.0 118.0
42.0 113.0
43.0 123.0
44.0 36.0
45.0 42.0
46.0 37.0
47.0 77.0
48.0 21.0
49.0 40.0
50.0 123.0
51.0 112.0
52.0 99.0
53.0 101.0
54.0 108.0
55.0 105.0
56.0 85.0
57.0 212.0
58.0 165.0
59.0 160.0
60.0 148.0
61.0 149.0
62.0 45.0
63.0 39.0
64.0 46.0
65.0 105.0
66.0 183.0
67.0 158.0
68.0 114.0
69.0 25.0
70.0 0.0
71.0 0.0
72.0 0.0
73.0 0.0
74.0 18.0
75.0 107.0
76.0 115.0
77.0 103.0
78.0 56.0
79.0 73.0
80.0 38.0
81.0 0.0
82.0 0.0
83.0 0.0
84.0 0.0
85.0 0.0
86.0 114.0
87.0 117.0
88.0 109.0
89.0 39.0
90.0 14.0
91.0 13.0
92.0 0.0
93.0 47.0
94.0 100.0
95.0 97.0
96.0 73.0
97.0 56.0
98.0 50.0
99.0 46.0
100.0 64.0
101.0 66.0
102.0 57.0
103.0 50.0
104.0 57.0
105.0 44.0
106.0 37.0
107.0 4.0
108.0 11.0
109.0 0.0
110.0 0.0
111.0 0.0
112.0 109.0
113.0 113.0
114.0 86.0
115.0 59.0
116.0 62.0
117.0 58.0
118.0 94.0
119.0 34.0
120.0 10.0
121.0 77.0
122.0 18.0
123.0 29.0
124.0 58.0
125.0 45.0
126.0 29.0
127.0 25.0
128.0 34.0
129.0 24.0
130.0 38.0
131.0 39.0
132.0 40.0
133.0 34.0
134.0 42.0
135.0 36.0
136.0 44.0
137.0 30.0
138.0 25.0
139.0 33.0
140.0 34.0
141.0 32.0
142.0 101.0
143.0 90.0
144.0 132.0
145.0 139.0
146.0 149.0
147.0 133.0
148.0 62.0
149.0 92.0
150.0 123.0
151.0 125.0
152.0 125.0
153.0 121.0
154.0 132.0
155.0 133.0
156.0 162.0
157.0 126.0
158.0 55.0
159.0 42.0
160.0 40.0
161.0 40.0
162.0 38.0
163.0 27.0
164.0 36.0
165.0 47.0
166.0 78.0
167.0 18.0
168.0 96.0
169.0 120.0
170.0 116.0
171.0 106.0
172.0 122.0
173.0 101.0
174.0 105.0
175.0 77.0
176.0 107.0
177.0 103.0
178.0 118.0
179.0 110.0
180.0 81.0
181.0 101.0
182.0 120.0
183.0 115.0
184.0 90.0
185.0 124.0
186.0 101.0
187.0 84.0
188.0 125.0
189.0 119.0
190.0 124.0
191.0 123.0
192.0 118.0
193.0 111.0
194.0 121.0
195.0 99.0
196.0 87.0
197.0 89.0
198.0 120.0
199.0 118.0
200.0 97.0
201.0 118.0
202.0 88.0
203.0 105.0
204.0 115.0
205.0 105.0
206.0 124.0
207.0 85.0
208.0 114.0
209.0 118.0
210.0 105.0
211.0 109.0
212.0 100.0
213.0 86.0
214.0 99.0
215.0 104.0
216.0 124.0
217.0 113.0
218.0 114.0
219.0 119.0
220.0 118.0
221.0 114.0
222.0 109.0
223.0 125.0
224.0 122.0
225.0 97.0
226.0 111.0
227.0 118.0
228.0 100.0
229.0 125.0
230.0 103.0
231.0 97.0
232.0 83.0
233.0 112.0
234.0 118.0
235.0 123.0
236.0 116.0
237.0 85.0
238.0 125.0
239.0 106.0
240.0 124.0
241.0 125.0
242.0 104.0
243.0 103.0
244.0 120.0
245.0 119.0
246.0 105.0
247.0 117.0
248.0 120.0
249.0 115.0
250.0 107.0
251.0 121.0
252.0 84.0
253.0 109.0
254.0 97.0
255.0 123.0
256.0 111.0
257.0 117.0
258.0 85.0
259.0 116.0
260.0 97.0
261.0 120.0
262.0 110.0
263.0 112.0
264.0 88.0
265.0 125.0
266.0 124.0
267.0 109.0
268.0 100.0
269.0 109.0
270.0 124.0
271.0 119.0
272.0 120.0
273.0 92.0
274.0 88.0
275.0 123.0
276.0 109.0
277.0 124.0
278.0 106.0
279.0 84.0
280.0 110.0
281.0 123.0
282.0 83.0
283.0 88.0
284.0 129.0
285.0 10.0
286.0 105.0
287.0 105.0
288.0 142.0
289.0 215.0
290.0 328.0
291.0 393.0
292.0 435.0
293.0 457.0
294.0 448.0
295.0 215.0
296.0 450.0
297.0 642.0
298.0 757.0
299.0 714.0
300.0 731.0
301.0 927.0
302.0 952.0
303.0 1020.0
304.0 873.0
305.0 889.0
306.0 910.0
307.0 963.0
308.0 1520.0
309.0 1440.0
310.0 1670.0
311.0 1490.0
312.0 1280.0
313.0 1250.0
314.0 1240.0
315.0 1580.0
316.0 1530.0
317.0 1280.0
318.0 1550.0
319.0 1730.0
320.0 1360.0
321.0 1540.0
322.0 1460.0
323.0 1430.0
324.0 1450.0
325.0 1020.0
326.0 548.0
327.0 1050.0
328.0 918.0
329.0 3.0
330.0 6.0
331.0 12.0
332.0 0.0
333.0 0.0
334.0 0.0
335.0 0.0
336.0 6.0
337.0 30.0
338.0 0.0
339.0 1.0
340.0 31.0
341.0 27.0
342.0 54.0
343.0 47.0
344.0 76.0
345.0 108.0
346.0 45.0
347.0 101.0
348.0 228.0
349.0 178.0
350.0 290.0
351.0 193.0
352.0 154.0
353.0 282.0
354.0 529.0
355.0 641.0
356.0 663.0
357.0 671.0
358.0 507.0
359.0 363.0
360.0 99.0
361.0 41.0
362.0 416.0
363.0 498.0
364.0 564.0
365.0 270.0
366.0 22.0
367.0 75.0
368.0 16.0
369.0 15.0
370.0 3.0
371.0 113.0
372.0 92.0
373.0 256.0
374.0 348.0
375.0 397.0
376.0 453.0
377.0 585.0
378.0 666.0
379.0 743.0
380.0 852.0
381.0 949.0
382.0 1040.0
383.0 909.0
384.0 1290.0
385.0 1380.0
386.0 1470.0
387.0 1500.0
388.0 1580.0
389.0 1560.0
390.0 1270.0
391.0 1650.0
392.0 1780.0
393.0 1750.0
394.0 1380.0
395.0 862.0
396.0 893.0
397.0 639.0
398.0 1050.0
399.0 751.0
400.0 824.0
401.0 984.0
402.0 801.0
403.0 858.0
404.0 1080.0
405.0 1450.0
406.0 1820.0
407.0 1830.0
408.0 1830.0
409.0 1810.0
410.0 1660.0
411.0 1670.0
412.0 1780.0
413.0 1570.0
414.0 1800.0
415.0 1540.0
416.0 1820.0
417.0 1800.0
418.0 1340.0
419.0 1340.0
420.0 1540.0
421.0 1320.0
422.0 1110.0
423.0 1540.0
424.0 1250.0
425.0 1040.0
426.0 1350.0
427.0 1290.0
428.0 1040.0
429.0 1060.0
430.0 1130.0
431.0 1030.0
432.0 811.0
433.0 931.0
434.0 1170.0
435.0 1350.0
436.0 1170.0
437.0 1150.0
438.0 942.0
439.0 900.0
440.0 1020.0
441.0 1070.0
442.0 1230.0
443.0 1090.0
444.0 988.0
445.0 787.0
446.0 735.0
447.0 166.0
448.0 80.0
449.0 56.0
450.0 401.0
451.0 272.0
452.0 428.0
453.0 779.0
454.0 202.0
455.0 0.0
456.0 0.0
457.0 0.0
458.0 0.0
459.0 0.0
460.0 90.0
461.0 95.0
462.0 529.0
463.0 598.0
464.0 682.0
465.0 443.0
466.0 687.0
467.0 733.0
468.0 713.0
469.0 614.0
470.0 741.0
471.0 705.0
472.0 746.0
473.0 726.0
474.0 1060.0
475.0 849.0
476.0 1030.0
477.0 974.0
478.0 1110.0
479.0 1410.0
480.0 1410.0
481.0 1340.0
482.0 1680.0
483.0 979.0
484.0 542.0
485.0 0.0
486.0 29.0
487.0 117.0
488.0 345.0
489.0 202.0
490.0 808.0
491.0 1130.0
492.0 1450.0
493.0 1450.0
494.0 1230.0
495.0 1010.0
496.0 1170.0
497.0 1140.0
498.0 1090.0
499.0 1030.0
500.0 1120.0
501.0 1210.0
502.0 1030.0
503.0 889.0
504.0 872.0
505.0 967.0
506.0 850.0
507.0 878.0
508.0 867.0
509.0 895.0
510.0 921.0
511.0 964.0
512.0 1140.0
513.0 1050.0
514.0 1010.0
515.0 1000.0
516.0 1190.0
517.0 1760.0
518.0 508.0
519.0 89.0
520.0 699.0
521.0 498.0
522.0 37.0
523.0 105.0
524.0 184.0
525.0 245.0
526.0 89.0
527.0 147.0
528.0 47.0
529.0 76.0
530.0 65.0
531.0 0.0
532.0 6.0
533.0 95.0
534.0 83.0
535.0 34.0
536.0 118.0
537.0 87.0
538.0 91.0
539.0 42.0
540.0 52.0
541.0 80.0
542.0 81.0
543.0 88.0
544.0 132.0
545.0 205.0
546.0 248.0
547.0 271.0
548.0 295.0
549.0 57.0
550.0 180.0
551.0 182.0
552.0 79.0
553.0 71.0
554.0 23.0
555.0 37.0
556.0 34.0
557.0 28.0
558.0 3.0
559.0 0.0
560.0 0.0
561.0 12.0
562.0 86.0
563.0 108.0
564.0 292.0
565.0 522.0
566.0 639.0
567.0 659.0
568.0 917.0
569.0 1080.0
570.0 1170.0
571.0 1270.0
572.0 1260.0
573.0 1580.0
574.0 1100.0
575.0 1620.0
576.0 1690.0
577.0 1510.0
578.0 1460.0
579.0 936.0
580.0 332.0
581.0 0.0
582.0 0.0
583.0 26.0
584.0 117.0
585.0 168.0
586.0 212.0
587.0 422.0
588.0 246.0
589.0 384.0
590.0 137.0
591.0 70.0
592.0 38.0
593.0 128.0
594.0 298.0
595.0 124.0
596.0 242.0
597.0 208.0
598.0 11.0
599.0 81.0
600.0 54.0
601.0 82.0
602.0 134.0
603.0 54.0
604.0 135.0
605.0 48.0
606.0 19.0
607.0 1.0
608.0 67.0
609.0 61.0
610.0 47.0
611.0 147.0
612.0 80.0
613.0 27.0
614.0 40.0
615.0 13.0
616.0 41.0
617.0 19.0
618.0 23.0
619.0 17.0
620.0 24.0
621.0 41.0
622.0 45.0
623.0 26.0
624.0 40.0
625.0 25.0
626.0 32.0
627.0 33.0
628.0 74.0
629.0 56.0
630.0 114.0
631.0 155.0
632.0 258.0
633.0 296.0
634.0 178.0
635.0 238.0
636.0 176.0
637.0 145.0
638.0 140.0
639.0 43.0
640.0 3.0
641.0 107.0
642.0 115.0
643.0 86.0
644.0 0.0
645.0 0.0
646.0 58.0
647.0 414.0
648.0 332.0
649.0 540.0
650.0 559.0
651.0 513.0
652.0 541.0
653.0 578.0
654.0 602.0
655.0 706.0
656.0 784.0
657.0 407.0
658.0 505.0
659.0 704.0
660.0 769.0
661.0 933.0
662.0 932.0
663.0 1100.0
664.0 835.0
665.0 844.0
666.0 1000.0
667.0 1100.0
668.0 524.0
669.0 722.0
670.0 905.0
671.0 1190.0
672.0 788.0
673.0 1120.0
674.0 652.0
675.0 1160.0
676.0 998.0
677.0 1190.0
678.0 766.0
679.0 857.0
680.0 714.0
681.0 790.0
682.0 889.0
683.0 1040.0
684.0 1520.0
685.0 1260.0
686.0 873.0
687.0 1190.0
688.0 1230.0
689.0 1090.0
690.0 1060.0
691.0 835.0
692.0 1010.0
693.0 1020.0
694.0 1180.0
695.0 1320.0
696.0 572.0
697.0 1080.0
698.0 958.0
699.0 1220.0
700.0 712.0
701.0 1330.0
702.0 866.0
703.0 1070.0
704.0 1050.0
705.0 917.0
706.0 913.0
707.0 947.0
708.0 524.0
709.0 698.0
710.0 1130.0
711.0 753.0
712.0 798.0
713.0 701.0
714.0 570.0
715.0 891.0
716.0 860.0
717.0 648.0
718.0 766.0
719.0 763.0
720.0 758.0
721.0 593.0
722.0 757.0
723.0 753.0
724.0 874.0
725.0 728.0
726.0 1100.0
727.0 682.0
728.0 750.0
729.0 762.0
730.0 791.0
731.0 591.0
732.0 612.0
733.0 774.0
734.0 24.0
735.0 21.0
736.0 3.0
737.0 0.0
738.0 119.0
739.0 91.0
740.0 33.0
741.0 81.0
742.0 115.0
743.0 392.0
744.0 509.0
745.0 134.0
746.0 96.0
747.0 100.0
748.0 106.0
749.0 118.0
750.0 91.0
751.0 114.0
752.0 103.0
753.0 107.0
754.0 117.0
755.0 93.0
756.0 107.0
757.0 93.0
758.0 114.0
759.0 100.0
760.0 119.0
761.0 119.0
762.0 121.0
763.0 109.0
764.0 117.0
765.0 96.0
766.0 117.0
767.0 116.0
768.0 101.0
769.0 80.0
770.0 122.0
771.0 123.0
772.0 102.0
773.0 121.0
774.0 122.0
775.0 109.0
776.0 103.0
777.0 122.0
778.0 113.0
779.0 96.0
780.0 109.0
781.0 106.0
782.0 95.0
783.0 97.0
784.0 125.0
785.0 125.0
786.0 96.0
787.0 111.0
788.0 90.0
789.0 123.0
790.0 122.0
791.0 107.0
792.0 104.0
793.0 100.0
794.0 105.0
795.0 125.0
796.0 116.0
797.0 101.0
798.0 114.0
