0.0 282.0
1.0 207.0
2.0 194.0
3.0 111.0
4.0 110.0
5.0 446.0
6.0 484.0
7.0 183.0
8.0 0.0
9.0 99.0
10.0 84.0
11.0 125.0
12.0 122.0
13.0 119.0
14.0 107.0
15.0 117.0
16.0 122.0
17.0 116.0
18.0 156.0
19.0 290.0
20.0 368.0
21.0 122.0
22.0 18.0
23.0 25.0
24.0 117.0
25.0 101.0
26.0 255.0
27.0 235.0
28.0 290.0
29.0 397.0
30.0 431.0
31.0 469.0
32.0 413.0
33.0 457.0
34.0 545.0
35.0 596.0
36.0 746.0
37.0 721.0
38.0 911.0
39.0 751.0
40.0 831.0
41.0 612.0
42.0 190.0
43.0 16.0
44.0 4.0
45.0 111.0
46.0 90.0
47.0 96.0
48.0 110.0
49.0 121.0
50.0 119.0
51.0 112.0
52.0 115.0
53.0 100.0
54.0 176.0
55.0 304.0
56.0 321.0
57.0 252.0
58.0 155.0
59.0 205.0
60.0 207.0
61.0 182.0
62.0 241.0
63.0 110.0
64.0 111.0
65.0 102.0
66.0 89.0
67.0 116.0
68.0 90.0
69.0 104.0
70.0 110.0
71.0 108.0
72.0 98.0
73.0 119.0
74.0 107.0
75.0 116.0
76.0 125.0
77.0 96.0
78.0 125.0
79.0 118.0
80.0 111.0
81.0 193.0
82.0 905.0
83.0 887.0
84.0 1030.0
85.0 998.0
86.0 1030.0
87.0 1070.0
88.0 1050.0
89.0 331.0
90.0 124.0
91.0 234.0
92.0 118.0
93.0 122.0
94.0 453.0
95.0 599.0
96.0 493.0
97.0 258.0
98.0 371.0
99.0 249.0
100.0 178.0
101.0 35.0
102.0 48.0
103.0 120.0
104.0 105.0
105.0 482.0
106.0 644.0
107.0 669.0
108.0 752.0
109.0 728.0
110.0 802.0
111.0 830.0
112.0 899.0
113.0 956.0
114.0 1010.0
115.0 1100.0
116.0 1210.0
117.0 1240.0
118.0 1500.0
119.0 1100.0
120.0 764.0
121.0 1710.0
122.0 1800.0
123.0 1730.0
124.0 1750.0
125.0 1840.0
126.0 1690.0
127.0 1480.0
128.0 1570.0
129.0 195.0
130.0 110.0
131.0 102.0
132.0 815.0
133.0 922.0
134.0 858.0
135.0 822.0
136.0 616.0
137.0 305.0
138.0 77.0
139.0 107.0
140.0 94.0
141.0 113.0
142.0 123.0
143.0 617.0
144.0 699.0
145.0 781.0
146.0 419.0
147.0 10.0
148.0 25.0
149.0 76.0
150.0 118.0
151.0 355.0
152.0 631.0
153.0 514.0
154.0 298.0
155.0 42.0
156.0 6.0
157.0 1.0
158.0 80.0
159.0 16.0
160.0 17.0
161.0 34.0
162.0 50.0
163.0 15.0
164.0 33.0
165.0 22.0
166.0 11.0
167.0 29.0
168.0 22.0
169.0 28.0
170.0 26.0
171.0 25.0
172.0 21.0
173.0 15.0
174.0 24.0
175.0 122.0
176.0 96.0
177.0 100.0
178.0 133.0
179.0 23.0
180.0 24.0
181.0 11.0
182.0 76.0
183.0 104.0
184.0 48.0
185.0 86.0
186.0 63.0
187.0 89.0
188.0 96.0
189.0 82.0
190.0 84.0
191.0 130.0
192.0 189.0
193.0 246.0
194.0 12.0
195.0 98.0
196.0 8.0
197.0 35.0
198.0 7.0
199.0 99.0
200.0 96.0
201.0 55.0
202.0 109.0
203.0 96.0
204.0 126.0
205.0 54.0
206.0 28.0
207.0 126.0
208.0 149.0
209.0 117.0
210.0 25.0
211.0 0.0
212.0 110.0
213.0 98.0
214.0 94.0
215.0 103.0
216.0 90.0
217.0 116.0
