0.0 98.0
1.0 120.0
2.0 282.0
3.0 484.0
4.0 545.0
5.0 579.0
6.0 666.0
7.0 741.0
8.0 324.0
9.0 51.0
10.0 307.0
11.0 498.0
12.0 622.0
13.0 917.0
14.0 900.0
15.0 968.0
16.0 843.0
17.0 888.0
18.0 854.0
19.0 999.0
20.0 1040.0
21.0 1040.0
22.0 962.0
23.0 905.0
24.0 515.0
25.0 945.0
26.0 668.0
27.0 1360.0
28.0 757.0
29.0 1070.0
30.0 736.0
31.0 132.0
32.0 885.0
33.0 849.0
34.0 774.0
35.0 715.0
36.0 843.0
37.0 892.0
38.0 1060.0
39.0 852.0
40.0 790.0
41.0 595.0
42.0 595.0
43.0 587.0
44.0 632.0
45.0 656.0
46.0 537.0
47.0 333.0
48.0 492.0
49.0 115.0
50.0 116.0
51.0 490.0
52.0 737.0
53.0 716.0
54.0 797.0
55.0 935.0
56.0 270.0
57.0 89.0
58.0 116.0
59.0 713.0
60.0 737.0
61.0 778.0
62.0 862.0
63.0 892.0
64.0 793.0
65.0 923.0
66.0 926.0
67.0 871.0
68.0 804.0
69.0 400.0
70.0 117.0
71.0 113.0
72.0 315.0
73.0 64.0
74.0 0.0
75.0 0.0
76.0 0.0
77.0 0.0
78.0 9.0
79.0 101.0
80.0 96.0
81.0 119.0
82.0 88.0
83.0 37.0
84.0 11.0
85.0 6.0
86.0 1.0
87.0 0.0
88.0 0.0
89.0 0.0
90.0 0.0
91.0 83.0
92.0 101.0
93.0 212.0
94.0 190.0
95.0 165.0
96.0 143.0
97.0 22.0
98.0 130.0
99.0 157.0
100.0 225.0
101.0 191.0
102.0 73.0
103.0 182.0
104.0 214.0
105.0 85.0
106.0 115.0
107.0 75.0
108.0 697.0
109.0 909.0
110.0 1030.0
111.0 1170.0
112.0 1280.0
113.0 1250.0
114.0 1420.0
115.0 1640.0
116.0 1480.0
117.0 1300.0
118.0 1500.0
119.0 1380.0
120.0 1180.0
121.0 136.0
122.0 0.0
123.0 0.0
124.0 0.0
125.0 0.0
126.0 0.0
127.0 0.0
128.0 0.0
129.0 0.0
130.0 0.0
131.0 0.0
132.0 0.0
133.0 0.0
134.0 0.0
135.0 0.0
136.0 0.0
137.0 0.0
138.0 0.0
139.0 0.0
140.0 0.0
141.0 0.0
142.0 102.0
143.0 115.0
144.0 116.0
145.0 116.0
146.0 0.0
147.0 0.0
148.0 0.0
149.0 0.0
150.0 0.0
151.0 0.0
152.0 0.0
153.0 0.0
154.0 185.0
155.0 1000.0
156.0 1210.0
157.0 1070.0
158.0 121.0
159.0 101.0
160.0 820.0
161.0 1140.0
162.0 1180.0
163.0 1180.0
164.0 1060.0
165.0 1050.0
166.0 899.0
167.0 366.0
168.0 7.0
169.0 3.0
170.0 11.0
171.0 90.0
172.0 107.0
173.0 95.0
174.0 97.0
175.0 101.0
176.0 93.0
177.0 109.0
178.0 122.0
179.0 118.0
180.0 102.0
181.0 97.0
182.0 124.0
183.0 120.0
184.0 820.0
185.0 858.0
186.0 821.0
187.0 753.0
188.0 801.0
189.0 733.0
190.0 513.0
191.0 626.0
192.0 791.0
193.0 794.0
194.0 881.0
195.0 960.0
196.0 807.0
197.0 794.0
198.0 1060.0
199.0 1200.0
200.0 821.0
201.0 1070.0
202.0 998.0
203.0 889.0
204.0 873.0
205.0 852.0
206.0 1230.0
207.0 1380.0
208.0 900.0
209.0 909.0
210.0 810.0
211.0 844.0
212.0 863.0
213.0 949.0
214.0 1020.0
215.0 875.0
216.0 967.0
217.0 964.0
218.0 961.0
219.0 860.0
220.0 967.0
221.0 1090.0
222.0 1230.0
223.0 1090.0
224.0 1070.0
225.0 1150.0
226.0 874.0
227.0 899.0
228.0 831.0
229.0 1060.0
230.0 933.0
231.0 210.0
232.0 122.0
233.0 607.0
234.0 817.0
235.0 1080.0
236.0 918.0
237.0 1150.0
238.0 1260.0
239.0 871.0
240.0 1260.0
241.0 1290.0
242.0 1530.0
243.0 1290.0
244.0 1570.0
245.0 636.0
246.0 970.0
247.0 867.0
248.0 1070.0
249.0 1060.0
250.0 1030.0
251.0 537.0
252.0 45.0
253.0 55.0
254.0 233.0
255.0 501.0
256.0 704.0
257.0 696.0
258.0 28.0
259.0 21.0
260.0 35.0
261.0 38.0
262.0 135.0
263.0 29.0
264.0 67.0
265.0 60.0
266.0 99.0
267.0 76.0
268.0 53.0
269.0 74.0
270.0 34.0
271.0 70.0
272.0 53.0
273.0 83.0
274.0 106.0
275.0 245.0
276.0 395.0
277.0 489.0
278.0 503.0
279.0 595.0
280.0 654.0
281.0 730.0
282.0 644.0
283.0 862.0
284.0 819.0
285.0 868.0
286.0 277.0
287.0 112.0
288.0 239.0
289.0 503.0
290.0 542.0
291.0 729.0
292.0 798.0
293.0 826.0
294.0 859.0
295.0 734.0
296.0 676.0
297.0 736.0
298.0 729.0
299.0 702.0
300.0 710.0
301.0 720.0
302.0 761.0
303.0 576.0
304.0 605.0
305.0 1070.0
306.0 885.0
307.0 743.0
308.0 712.0
309.0 760.0
310.0 777.0
311.0 154.0
312.0 80.0
313.0 92.0
314.0 391.0
315.0 79.0
316.0 84.0
317.0 888.0
318.0 811.0
319.0 907.0
320.0 914.0
321.0 817.0
322.0 818.0
323.0 795.0
324.0 783.0
325.0 769.0
326.0 906.0
327.0 795.0
328.0 1100.0
329.0 879.0
330.0 1400.0
331.0 1210.0
332.0 1020.0
333.0 995.0
334.0 1260.0
335.0 1440.0
336.0 1500.0
337.0 1320.0
338.0 1330.0
339.0 1370.0
340.0 1300.0
341.0 991.0
342.0 1090.0
343.0 1070.0
344.0 1330.0
345.0 1260.0
346.0 1390.0
347.0 1380.0
348.0 1220.0
349.0 1230.0
350.0 1370.0
351.0 1250.0
352.0 1200.0
353.0 1160.0
354.0 140.0
355.0 88.0
356.0 101.0
357.0 119.0
358.0 119.0
359.0 644.0
360.0 1180.0
361.0 1030.0
362.0 1330.0
363.0 909.0
364.0 1280.0
365.0 1050.0
366.0 1400.0
367.0 1270.0
368.0 918.0
369.0 888.0
370.0 1340.0
371.0 1360.0
372.0 1010.0
373.0 1230.0
374.0 1030.0
375.0 760.0
376.0 810.0
377.0 1180.0
378.0 1100.0
379.0 1110.0
380.0 1130.0
381.0 939.0
382.0 746.0
383.0 134.0
384.0 650.0
385.0 876.0
386.0 825.0
387.0 1060.0
388.0 1120.0
389.0 1050.0
390.0 1220.0
391.0 1060.0
392.0 11.0
393.0 96.0
394.0 86.0
395.0 1000.0
396.0 1280.0
397.0 1260.0
398.0 1410.0
399.0 1440.0
400.0 977.0
401.0 1080.0
402.0 1110.0
403.0 1010.0
404.0 1540.0
405.0 1360.0
406.0 1530.0
407.0 1290.0
408.0 1310.0
409.0 1330.0
410.0 1250.0
411.0 1260.0
412.0 1170.0
413.0 1220.0
414.0 1240.0
415.0 1390.0
416.0 1060.0
417.0 1250.0
418.0 1240.0
419.0 1260.0
420.0 1310.0
421.0 1290.0
422.0 78.0
423.0 120.0
424.0 764.0
425.0 1120.0
426.0 917.0
427.0 1060.0
428.0 1300.0
429.0 1170.0
430.0 1550.0
431.0 1380.0
432.0 1260.0
433.0 1310.0
434.0 1100.0
435.0 1180.0
436.0 1140.0
437.0 1250.0
438.0 1200.0
439.0 1050.0
440.0 1330.0
441.0 951.0
442.0 969.0
443.0 993.0
444.0 915.0
445.0 1030.0
446.0 991.0
447.0 934.0
448.0 1120.0
449.0 1050.0
450.0 909.0
451.0 891.0
452.0 816.0
453.0 935.0
454.0 1040.0
455.0 975.0
456.0 125.0
457.0 119.0
458.0 122.0
459.0 215.0
460.0 350.0
461.0 30.0
462.0 116.0
463.0 687.0
464.0 788.0
465.0 782.0
466.0 811.0
467.0 935.0
468.0 901.0
469.0 753.0
470.0 873.0
471.0 902.0
472.0 920.0
473.0 562.0
474.0 143.0
475.0 98.0
476.0 91.0
477.0 114.0
478.0 100.0
479.0 115.0
480.0 106.0
481.0 116.0
482.0 113.0
483.0 79.0
484.0 122.0
485.0 141.0
486.0 294.0
487.0 218.0
488.0 0.0
489.0 1.0
490.0 0.0
491.0 15.0
492.0 106.0
493.0 121.0
494.0 729.0
495.0 729.0
496.0 815.0
497.0 698.0
498.0 764.0
499.0 790.0
500.0 722.0
501.0 717.0
502.0 732.0
503.0 690.0
504.0 601.0
505.0 642.0
506.0 645.0
507.0 734.0
508.0 885.0
509.0 714.0
510.0 730.0
511.0 742.0
512.0 786.0
513.0 631.0
514.0 719.0
515.0 70.0
516.0 27.0
517.0 121.0
518.0 116.0
519.0 379.0
520.0 613.0
521.0 645.0
522.0 657.0
523.0 641.0
524.0 670.0
525.0 582.0
526.0 511.0
527.0 577.0
528.0 763.0
529.0 741.0
530.0 829.0
531.0 670.0
532.0 761.0
533.0 687.0
534.0 609.0
535.0 867.0
536.0 845.0
537.0 800.0
538.0 575.0
539.0 940.0
540.0 979.0
541.0 983.0
542.0 1030.0
543.0 889.0
544.0 844.0
545.0 1070.0
546.0 1050.0
547.0 981.0
548.0 1070.0
549.0 925.0
550.0 726.0
551.0 1150.0
552.0 1190.0
553.0 1070.0
554.0 1110.0
555.0 1290.0
556.0 1080.0
557.0 1040.0
558.0 1240.0
559.0 566.0
560.0 822.0
561.0 914.0
562.0 706.0
563.0 710.0
564.0 573.0
565.0 217.0
566.0 4.0
567.0 9.0
568.0 5.0
569.0 171.0
570.0 120.0
571.0 512.0
572.0 503.0
573.0 826.0
574.0 846.0
575.0 909.0
576.0 829.0
577.0 979.0
578.0 967.0
579.0 972.0
580.0 917.0
581.0 911.0
582.0 950.0
583.0 939.0
584.0 969.0
585.0 1100.0
586.0 398.0
587.0 89.0
588.0 805.0
589.0 832.0
590.0 800.0
591.0 0.0
592.0 114.0
593.0 124.0
594.0 410.0
595.0 548.0
596.0 619.0
597.0 672.0
598.0 658.0
599.0 522.0
600.0 553.0
601.0 446.0
602.0 540.0
603.0 657.0
604.0 630.0
605.0 515.0
606.0 634.0
607.0 748.0
608.0 679.0
609.0 654.0
610.0 563.0
611.0 607.0
612.0 697.0
613.0 371.0
614.0 12.0
615.0 3.0
616.0 0.0
617.0 7.0
618.0 124.0
619.0 85.0
620.0 30.0
621.0 43.0
622.0 61.0
623.0 51.0
624.0 74.0
625.0 71.0
626.0 297.0
627.0 344.0
628.0 145.0
629.0 202.0
630.0 206.0
631.0 10.0
632.0 56.0
633.0 79.0
634.0 13.0
635.0 40.0
636.0 16.0
637.0 56.0
638.0 29.0
639.0 3.0
640.0 1.0
641.0 30.0
642.0 21.0
643.0 8.0
644.0 23.0
645.0 28.0
646.0 17.0
647.0 18.0
648.0 14.0
649.0 14.0
650.0 38.0
651.0 51.0
652.0 47.0
653.0 44.0
654.0 107.0
655.0 132.0
656.0 174.0
657.0 98.0
658.0 30.0
659.0 11.0
660.0 48.0
661.0 155.0
662.0 119.0
663.0 12.0
664.0 132.0
665.0 135.0
666.0 134.0
667.0 15.0
668.0 208.0
669.0 235.0
670.0 247.0
671.0 148.0
672.0 331.0
673.0 470.0
674.0 258.0
675.0 31.0
676.0 200.0
677.0 360.0
678.0 164.0
679.0 69.0
680.0 134.0
681.0 207.0
682.0 159.0
683.0 0.0
684.0 0.0
685.0 88.0
686.0 125.0
687.0 125.0
688.0 103.0
689.0 190.0
690.0 225.0
691.0 391.0
692.0 557.0
693.0 484.0
694.0 424.0
695.0 468.0
696.0 432.0
697.0 60.0
698.0 296.0
699.0 440.0
700.0 488.0
701.0 423.0
702.0 429.0
703.0 528.0
704.0 463.0
705.0 236.0
706.0 603.0
707.0 662.0
708.0 621.0
709.0 591.0
710.0 699.0
711.0 712.0
712.0 671.0
713.0 703.0
714.0 511.0
715.0 229.0
716.0 290.0
717.0 504.0
718.0 536.0
719.0 521.0
720.0 527.0
721.0 618.0
722.0 530.0
723.0 559.0
724.0 622.0
725.0 681.0
726.0 648.0
727.0 694.0
728.0 645.0
729.0 661.0
730.0 587.0
731.0 593.0
732.0 518.0
733.0 620.0
734.0 627.0
735.0 603.0
736.0 689.0
737.0 866.0
738.0 695.0
739.0 803.0
740.0 1020.0
741.0 1040.0
742.0 718.0
743.0 685.0
744.0 795.0
745.0 975.0
746.0 660.0
747.0 808.0
748.0 960.0
749.0 11.0
750.0 113.0
751.0 114.0
752.0 104.0
753.0 93.0
754.0 120.0
755.0 122.0
756.0 102.0
757.0 110.0
758.0 79.0
759.0 86.0
760.0 107.0
761.0 116.0
762.0 118.0
763.0 101.0
764.0 91.0
765.0 98.0
766.0 103.0
767.0 124.0
768.0 92.0
769.0 116.0
770.0 117.0
771.0 105.0
772.0 91.0
773.0 92.0
774.0 116.0
775.0 104.0
776.0 106.0
777.0 113.0
778.0 108.0
779.0 112.0
780.0 114.0
781.0 112.0
782.0 122.0
783.0 123.0
784.0 107.0
785.0 111.0
786.0 114.0
787.0 101.0
788.0 116.0
789.0 103.0
790.0 118.0
791.0 99.0
792.0 89.0
793.0 118.0
794.0 100.0
795.0 80.0
796.0 107.0
797.0 120.0
798.0 122.0
