0.0 27.0
1.0 107.0
2.0 120.0
3.0 98.0
4.0 105.0
5.0 92.0
6.0 90.0
7.0 746.0
8.0 871.0
9.0 951.0
10.0 969.0
11.0 398.0
12.0 53.0
13.0 93.0
14.0 756.0
15.0 1330.0
16.0 1000.0
17.0 1120.0
18.0 1260.0
19.0 1230.0
20.0 1270.0
21.0 1250.0
22.0 929.0
23.0 1380.0
24.0 1470.0
25.0 1340.0
26.0 1020.0
27.0 907.0
28.0 922.0
29.0 1230.0
30.0 1400.0
31.0 926.0
32.0 1550.0
33.0 1030.0
34.0 97.0
35.0 105.0
36.0 959.0
37.0 1270.0
38.0 1400.0
39.0 1390.0
40.0 1370.0
41.0 1460.0
42.0 584.0
43.0 110.0
44.0 123.0
45.0 1140.0
46.0 1190.0
47.0 1310.0
48.0 1360.0
49.0 1370.0
50.0 1280.0
51.0 1520.0
52.0 1220.0
53.0 191.0
54.0 100.0
55.0 99.0
56.0 1590.0
57.0 1290.0
58.0 1530.0
59.0 1350.0
60.0 1430.0
61.0 1130.0
62.0 1270.0
63.0 1250.0
64.0 1160.0
65.0 1240.0
66.0 1240.0
67.0 1340.0
68.0 1300.0
69.0 1410.0
70.0 1450.0
71.0 1270.0
72.0 1330.0
73.0 1270.0
74.0 1660.0
75.0 1360.0
76.0 1350.0
77.0 1170.0
78.0 1360.0
79.0 1560.0
80.0 1620.0
81.0 1680.0
82.0 1580.0
83.0 1400.0
84.0 1430.0
85.0 1410.0
86.0 1530.0
87.0 1220.0
88.0 48.0
89.0 108.0
90.0 1250.0
91.0 1570.0
92.0 1580.0
93.0 1530.0
94.0 1740.0
95.0 1580.0
96.0 1530.0
97.0 1430.0
98.0 1630.0
99.0 1630.0
100.0 1630.0
101.0 1700.0
102.0 1670.0
103.0 1680.0
104.0 1450.0
105.0 1190.0
106.0 1540.0
107.0 1170.0
108.0 1350.0
109.0 1300.0
110.0 788.0
111.0 1010.0
112.0 598.0
113.0 285.0
114.0 279.0
115.0 381.0
116.0 212.0
117.0 34.0
118.0 19.0
119.0 58.0
120.0 142.0
121.0 87.0
122.0 85.0
123.0 100.0
124.0 124.0
125.0 106.0
126.0 283.0
127.0 201.0
128.0 279.0
129.0 566.0
130.0 581.0
131.0 389.0
132.0 431.0
133.0 422.0
134.0 487.0
135.0 591.0
136.0 664.0
137.0 244.0
138.0 122.0
139.0 120.0
140.0 569.0
141.0 848.0
142.0 987.0
143.0 881.0
144.0 757.0
145.0 737.0
146.0 742.0
147.0 1400.0
148.0 464.0
149.0 0.0
150.0 43.0
151.0 114.0
152.0 115.0
153.0 99.0
154.0 112.0
155.0 120.0
156.0 119.0
157.0 80.0
158.0 123.0
159.0 108.0
160.0 110.0
161.0 119.0
162.0 125.0
163.0 118.0
164.0 82.0
165.0 111.0
166.0 82.0
167.0 120.0
168.0 104.0
169.0 107.0
170.0 120.0
171.0 116.0
172.0 110.0
173.0 94.0
174.0 111.0
175.0 103.0
176.0 116.0
177.0 120.0
178.0 87.0
179.0 118.0
180.0 119.0
181.0 101.0
182.0 101.0
183.0 123.0
184.0 98.0
185.0 104.0
186.0 99.0
187.0 124.0
188.0 109.0
189.0 118.0
190.0 113.0
191.0 109.0
192.0 110.0
193.0 104.0
194.0 125.0
195.0 104.0
196.0 100.0
197.0 83.0
198.0 105.0
199.0 105.0
200.0 105.0
201.0 115.0
202.0 115.0
203.0 95.0
204.0 101.0
205.0 104.0
206.0 121.0
207.0 123.0
208.0 112.0
209.0 121.0
210.0 87.0
211.0 92.0
212.0 117.0
213.0 124.0
214.0 110.0
215.0 99.0
216.0 121.0
217.0 89.0
218.0 109.0
219.0 97.0
220.0 100.0
221.0 119.0
222.0 148.0
223.0 206.0
224.0 287.0
225.0 457.0
226.0 417.0
227.0 599.0
228.0 593.0
229.0 700.0
230.0 750.0
231.0 816.0
232.0 732.0
233.0 663.0
234.0 806.0
235.0 814.0
236.0 913.0
237.0 1140.0
238.0 1040.0
239.0 1190.0
240.0 1110.0
241.0 1260.0
242.0 1130.0
243.0 1260.0
244.0 1240.0
245.0 1110.0
246.0 1090.0
247.0 1050.0
248.0 1360.0
249.0 1060.0
250.0 822.0
251.0 1040.0
252.0 855.0
253.0 1090.0
254.0 877.0
255.0 1020.0
256.0 1390.0
257.0 972.0
258.0 1010.0
259.0 1100.0
260.0 797.0
261.0 949.0
262.0 945.0
263.0 1030.0
264.0 796.0
265.0 1010.0
266.0 1010.0
267.0 1270.0
268.0 1060.0
269.0 1210.0
270.0 717.0
271.0 233.0
272.0 118.0
273.0 111.0
274.0 90.0
275.0 92.0
276.0 99.0
277.0 157.0
278.0 194.0
279.0 211.0
280.0 206.0
281.0 191.0
282.0 184.0
283.0 265.0
284.0 340.0
285.0 355.0
286.0 387.0
287.0 428.0
288.0 409.0
289.0 339.0
290.0 472.0
291.0 490.0
292.0 491.0
293.0 409.0
294.0 621.0
295.0 554.0
296.0 821.0
297.0 773.0
298.0 991.0
299.0 1120.0
300.0 1270.0
301.0 1400.0
302.0 1030.0
303.0 1080.0
304.0 1110.0
305.0 1210.0
306.0 1430.0
307.0 1530.0
308.0 1300.0
309.0 1340.0
310.0 1070.0
311.0 1030.0
312.0 1030.0
313.0 1020.0
314.0 1090.0
315.0 1050.0
316.0 1240.0
317.0 932.0
318.0 1210.0
319.0 1070.0
320.0 601.0
321.0 515.0
322.0 856.0
323.0 911.0
324.0 1190.0
325.0 1170.0
326.0 1230.0
327.0 1250.0
328.0 767.0
329.0 930.0
330.0 543.0
331.0 624.0
332.0 688.0
333.0 575.0
334.0 858.0
335.0 486.0
336.0 263.0
337.0 476.0
338.0 221.0
339.0 63.0
340.0 101.0
341.0 90.0
342.0 36.0
343.0 120.0
344.0 107.0
345.0 123.0
346.0 118.0
347.0 125.0
348.0 87.0
349.0 118.0
350.0 119.0
351.0 50.0
352.0 60.0
353.0 88.0
354.0 102.0
355.0 103.0
356.0 317.0
357.0 145.0
358.0 306.0
359.0 299.0
360.0 306.0
361.0 301.0
362.0 265.0
363.0 186.0
364.0 328.0
365.0 67.0
366.0 42.0
367.0 41.0
368.0 85.0
369.0 116.0
370.0 101.0
371.0 125.0
372.0 119.0
373.0 464.0
374.0 525.0
375.0 485.0
376.0 543.0
377.0 656.0
378.0 651.0
379.0 751.0
380.0 846.0
381.0 699.0
382.0 1020.0
383.0 982.0
384.0 894.0
385.0 1010.0
386.0 970.0
387.0 896.0
388.0 985.0
389.0 1070.0
390.0 1060.0
391.0 1020.0
392.0 1200.0
393.0 1220.0
394.0 1160.0
395.0 1210.0
396.0 1110.0
397.0 1130.0
398.0 1100.0
399.0 1090.0
400.0 1010.0
401.0 873.0
402.0 907.0
403.0 869.0
404.0 1090.0
405.0 1240.0
406.0 825.0
407.0 322.0
408.0 24.0
409.0 0.0
410.0 43.0
411.0 51.0
412.0 79.0
413.0 118.0
414.0 710.0
415.0 629.0
416.0 675.0
417.0 280.0
418.0 15.0
419.0 18.0
420.0 2.0
421.0 1.0
422.0 53.0
423.0 83.0
424.0 119.0
425.0 96.0
426.0 119.0
427.0 83.0
428.0 112.0
429.0 80.0
430.0 95.0
431.0 87.0
432.0 100.0
433.0 123.0
434.0 108.0
435.0 95.0
436.0 113.0
437.0 125.0
438.0 102.0
439.0 98.0
440.0 100.0
441.0 110.0
442.0 74.0
443.0 100.0
444.0 95.0
445.0 136.0
446.0 146.0
447.0 183.0
448.0 211.0
449.0 214.0
450.0 212.0
451.0 214.0
452.0 460.0
453.0 437.0
454.0 405.0
455.0 369.0
456.0 492.0
457.0 474.0
458.0 443.0
459.0 312.0
460.0 552.0
461.0 394.0
462.0 531.0
463.0 551.0
464.0 464.0
465.0 532.0
466.0 550.0
467.0 541.0
468.0 530.0
469.0 459.0
470.0 11.0
471.0 0.0
472.0 1.0
473.0 18.0
474.0 125.0
475.0 486.0
476.0 491.0
477.0 536.0
478.0 566.0
479.0 775.0
480.0 617.0
481.0 829.0
482.0 666.0
483.0 910.0
484.0 946.0
485.0 669.0
486.0 1030.0
487.0 1160.0
488.0 1410.0
489.0 1380.0
490.0 1130.0
491.0 1240.0
492.0 1360.0
493.0 1260.0
494.0 1330.0
495.0 1410.0
496.0 1270.0
497.0 1270.0
498.0 1440.0
499.0 1440.0
500.0 1440.0
501.0 1380.0
502.0 1400.0
503.0 1400.0
504.0 1420.0
505.0 1190.0
506.0 1330.0
507.0 1340.0
508.0 1290.0
509.0 1210.0
510.0 1300.0
511.0 1160.0
512.0 1030.0
513.0 1110.0
514.0 998.0
515.0 1030.0
516.0 1010.0
517.0 846.0
518.0 677.0
519.0 459.0
520.0 28.0
521.0 4.0
522.0 97.0
523.0 100.0
524.0 797.0
525.0 828.0
526.0 1020.0
527.0 1100.0
528.0 1090.0
529.0 1050.0
530.0 1170.0
531.0 1040.0
532.0 1190.0
533.0 824.0
534.0 1180.0
535.0 1040.0
536.0 657.0
537.0 969.0
538.0 934.0
539.0 1200.0
540.0 1030.0
541.0 887.0
542.0 770.0
543.0 900.0
544.0 1090.0
545.0 68.0
546.0 178.0
547.0 3.0
548.0 0.0
549.0 24.0
550.0 8.0
551.0 84.0
552.0 317.0
553.0 408.0
554.0 420.0
555.0 482.0
556.0 536.0
557.0 470.0
558.0 555.0
559.0 549.0
560.0 517.0
561.0 554.0
562.0 645.0
563.0 586.0
564.0 535.0
565.0 704.0
566.0 722.0
567.0 700.0
568.0 592.0
569.0 803.0
570.0 620.0
571.0 599.0
572.0 206.0
573.0 1.0
574.0 10.0
575.0 97.0
576.0 193.0
577.0 463.0
578.0 636.0
579.0 896.0
580.0 845.0
581.0 772.0
582.0 932.0
583.0 749.0
584.0 700.0
585.0 1010.0
586.0 745.0
587.0 647.0
588.0 657.0
589.0 689.0
590.0 594.0
591.0 735.0
592.0 819.0
593.0 572.0
594.0 579.0
595.0 507.0
596.0 674.0
597.0 663.0
598.0 767.0
599.0 691.0
600.0 715.0
601.0 800.0
602.0 731.0
603.0 725.0
604.0 985.0
605.0 732.0
606.0 632.0
607.0 3.0
608.0 88.0
609.0 97.0
610.0 464.0
611.0 429.0
612.0 559.0
613.0 433.0
614.0 635.0
615.0 728.0
616.0 298.0
617.0 257.0
618.0 466.0
619.0 428.0
620.0 407.0
621.0 302.0
622.0 62.0
623.0 285.0
624.0 283.0
625.0 284.0
626.0 366.0
627.0 339.0
628.0 460.0
629.0 389.0
630.0 399.0
631.0 386.0
632.0 413.0
633.0 369.0
634.0 316.0
635.0 324.0
636.0 225.0
637.0 349.0
638.0 153.0
639.0 230.0
640.0 283.0
641.0 291.0
642.0 436.0
643.0 365.0
644.0 375.0
645.0 280.0
646.0 383.0
647.0 461.0
648.0 516.0
649.0 553.0
650.0 445.0
651.0 498.0
652.0 486.0
653.0 449.0
654.0 492.0
655.0 584.0
656.0 375.0
657.0 514.0
658.0 733.0
659.0 456.0
660.0 427.0
661.0 336.0
662.0 435.0
663.0 639.0
664.0 518.0
665.0 496.0
666.0 451.0
667.0 523.0
668.0 444.0
669.0 456.0
670.0 570.0
671.0 307.0
672.0 233.0
673.0 298.0
674.0 313.0
675.0 289.0
676.0 449.0
677.0 313.0
678.0 354.0
679.0 310.0
680.0 218.0
681.0 250.0
682.0 247.0
683.0 277.0
684.0 376.0
685.0 313.0
686.0 194.0
687.0 262.0
688.0 332.0
689.0 371.0
690.0 322.0
691.0 359.0
692.0 369.0
693.0 374.0
694.0 370.0
695.0 271.0
696.0 321.0
697.0 266.0
698.0 266.0
699.0 281.0
700.0 443.0
701.0 367.0
702.0 455.0
703.0 568.0
704.0 407.0
705.0 339.0
706.0 469.0
707.0 419.0
708.0 337.0
709.0 401.0
710.0 323.0
711.0 533.0
712.0 374.0
713.0 485.0
714.0 410.0
715.0 508.0
716.0 429.0
717.0 360.0
718.0 386.0
719.0 399.0
720.0 250.0
721.0 317.0
722.0 326.0
723.0 314.0
724.0 290.0
725.0 283.0
726.0 411.0
727.0 411.0
728.0 416.0
729.0 281.0
730.0 61.0
731.0 1.0
732.0 0.0
733.0 0.0
734.0 0.0
735.0 1.0
736.0 11.0
737.0 113.0
738.0 106.0
739.0 73.0
740.0 117.0
741.0 96.0
742.0 115.0
743.0 98.0
744.0 28.0
745.0 88.0
746.0 109.0
747.0 103.0
748.0 96.0
749.0 106.0
750.0 125.0
751.0 125.0
752.0 109.0
753.0 118.0
754.0 111.0
755.0 105.0
756.0 116.0
757.0 118.0
758.0 105.0
759.0 109.0
760.0 112.0
761.0 122.0
762.0 106.0
763.0 112.0
764.0 98.0
765.0 87.0
766.0 114.0
767.0 114.0
768.0 94.0
769.0 123.0
770.0 117.0
771.0 125.0
772.0 122.0
773.0 111.0
774.0 123.0
775.0 116.0
776.0 114.0
777.0 103.0
778.0 106.0
779.0 116.0
780.0 121.0
781.0 92.0
782.0 95.0
783.0 96.0
784.0 115.0
785.0 107.0
786.0 120.0
787.0 117.0
788.0 119.0
789.0 124.0
790.0 120.0
791.0 103.0
792.0 106.0
793.0 117.0
794.0 103.0
795.0 108.0
796.0 108.0
797.0 104.0
798.0 106.0
799.0 101.0
