0.0 236.0
1.0 530.0
2.0 718.0
3.0 893.0
4.0 1070.0
5.0 1080.0
6.0 704.0
7.0 432.0
8.0 88.0
9.0 108.0
10.0 363.0
11.0 663.0
12.0 730.0
13.0 1090.0
14.0 928.0
15.0 838.0
16.0 1050.0
17.0 645.0
18.0 595.0
19.0 734.0
20.0 627.0
21.0 940.0
22.0 741.0
23.0 548.0
24.0 779.0
25.0 805.0
26.0 564.0
27.0 697.0
28.0 584.0
29.0 768.0
30.0 110.0
31.0 119.0
32.0 699.0
33.0 696.0
34.0 797.0
35.0 828.0
36.0 842.0
37.0 926.0
38.0 818.0
39.0 782.0
40.0 752.0
41.0 635.0
42.0 683.0
43.0 573.0
44.0 570.0
45.0 960.0
46.0 1030.0
47.0 1070.0
48.0 810.0
49.0 960.0
50.0 760.0
51.0 534.0
52.0 112.0
53.0 82.0
54.0 500.0
55.0 881.0
56.0 976.0
57.0 1010.0
58.0 864.0
59.0 951.0
60.0 929.0
61.0 1020.0
62.0 777.0
63.0 1130.0
64.0 1120.0
65.0 1040.0
66.0 1260.0
67.0 1030.0
68.0 694.0
69.0 113.0
70.0 94.0
71.0 140.0
72.0 167.0
73.0 21.0
74.0 0.0
75.0 0.0
76.0 0.0
77.0 0.0
78.0 106.0
79.0 123.0
80.0 354.0
81.0 508.0
82.0 511.0
83.0 537.0
84.0 553.0
85.0 556.0
86.0 577.0
87.0 521.0
88.0 396.0
89.0 585.0
90.0 524.0
91.0 678.0
92.0 833.0
93.0 1110.0
94.0 1420.0
95.0 1150.0
96.0 868.0
97.0 591.0
98.0 124.0
99.0 131.0
100.0 759.0
101.0 981.0
102.0 1340.0
103.0 1160.0
104.0 1130.0
105.0 1360.0
106.0 975.0
107.0 1210.0
108.0 1370.0
109.0 1340.0
110.0 1520.0
111.0 1610.0
112.0 1580.0
113.0 1620.0
114.0 1480.0
115.0 872.0
116.0 0.0
117.0 0.0
118.0 0.0
119.0 0.0
120.0 0.0
121.0 0.0
122.0 0.0
123.0 0.0
124.0 0.0
125.0 0.0
126.0 0.0
127.0 0.0
128.0 0.0
129.0 0.0
130.0 122.0
131.0 113.0
132.0 2.0
133.0 68.0
134.0 107.0
135.0 230.0
136.0 511.0
137.0 702.0
138.0 753.0
139.0 646.0
140.0 713.0
141.0 626.0
142.0 639.0
143.0 811.0
144.0 720.0
145.0 761.0
146.0 930.0
147.0 1020.0
148.0 956.0
149.0 914.0
150.0 974.0
151.0 716.0
152.0 171.0
153.0 616.0
154.0 82.0
155.0 115.0
156.0 592.0
157.0 843.0
158.0 887.0
159.0 960.0
160.0 1060.0
161.0 1480.0
162.0 1140.0
163.0 1400.0
164.0 1400.0
165.0 1020.0
166.0 1140.0
167.0 1320.0
168.0 383.0
169.0 90.0
170.0 123.0
171.0 107.0
172.0 371.0
173.0 694.0
174.0 691.0
175.0 774.0
176.0 780.0
177.0 613.0
178.0 601.0
179.0 273.0
180.0 332.0
181.0 18.0
182.0 12.0
183.0 474.0
184.0 541.0
185.0 30.0
186.0 249.0
187.0 209.0
188.0 231.0
189.0 436.0
190.0 453.0
191.0 338.0
192.0 517.0
193.0 71.0
194.0 225.0
195.0 262.0
196.0 324.0
197.0 99.0
198.0 173.0
199.0 228.0
200.0 467.0
201.0 565.0
202.0 395.0
203.0 68.0
204.0 326.0
205.0 152.0
206.0 220.0
207.0 321.0
208.0 162.0
209.0 289.0
210.0 334.0
211.0 95.0
212.0 322.0
213.0 244.0
214.0 246.0
215.0 355.0
216.0 361.0
217.0 491.0
218.0 468.0
219.0 591.0
220.0 636.0
221.0 658.0
222.0 125.0
223.0 88.0
224.0 77.0
225.0 119.0
226.0 97.0
227.0 113.0
228.0 92.0
229.0 154.0
230.0 448.0
231.0 90.0
232.0 123.0
233.0 94.0
234.0 148.0
235.0 591.0
236.0 675.0
237.0 748.0
238.0 689.0
239.0 680.0
240.0 757.0
241.0 612.0
242.0 681.0
243.0 860.0
244.0 953.0
245.0 1070.0
246.0 680.0
247.0 855.0
248.0 846.0
249.0 853.0
250.0 821.0
251.0 854.0
252.0 989.0
253.0 1400.0
254.0 1150.0
255.0 1550.0
256.0 1360.0
257.0 1420.0
258.0 1210.0
259.0 1030.0
260.0 1110.0
261.0 995.0
262.0 875.0
263.0 1090.0
264.0 1020.0
265.0 938.0
266.0 1080.0
267.0 1020.0
268.0 1140.0
269.0 1080.0
270.0 1010.0
271.0 1140.0
272.0 1130.0
273.0 1180.0
274.0 1270.0
275.0 1010.0
276.0 1140.0
277.0 1270.0
278.0 1250.0
279.0 1230.0
280.0 1130.0
281.0 1240.0
282.0 1150.0
283.0 123.0
284.0 92.0
285.0 547.0
286.0 917.0
287.0 1190.0
288.0 1150.0
289.0 1340.0
290.0 1260.0
291.0 1300.0
292.0 1290.0
293.0 1210.0
294.0 1160.0
295.0 1340.0
296.0 1230.0
297.0 1180.0
298.0 1060.0
299.0 1170.0
300.0 1100.0
301.0 1070.0
302.0 1360.0
303.0 1160.0
304.0 1670.0
305.0 1230.0
306.0 1140.0
307.0 1340.0
308.0 1460.0
309.0 1580.0
310.0 1240.0
311.0 1330.0
312.0 1250.0
313.0 1080.0
314.0 1090.0
315.0 614.0
316.0 122.0
317.0 116.0
318.0 555.0
319.0 879.0
320.0 622.0
321.0 1010.0
322.0 958.0
323.0 246.0
324.0 98.0
325.0 78.0
326.0 144.0
327.0 604.0
328.0 1070.0
329.0 1640.0
330.0 1690.0
331.0 1780.0
332.0 1550.0
333.0 1620.0
334.0 1790.0
335.0 1780.0
336.0 1590.0
337.0 1530.0
338.0 1040.0
339.0 1820.0
340.0 1090.0
341.0 117.0
342.0 200.0
343.0 1330.0
344.0 1450.0
345.0 1260.0
346.0 1290.0
347.0 1420.0
348.0 1570.0
349.0 1570.0
350.0 1290.0
351.0 1360.0
352.0 1260.0
353.0 1200.0
354.0 1200.0
355.0 691.0
356.0 711.0
357.0 648.0
358.0 724.0
359.0 609.0
360.0 959.0
361.0 673.0
362.0 2.0
363.0 0.0
364.0 0.0
365.0 82.0
366.0 124.0
367.0 95.0
368.0 117.0
369.0 22.0
370.0 29.0
371.0 0.0
372.0 0.0
373.0 102.0
374.0 101.0
375.0 101.0
376.0 119.0
377.0 125.0
378.0 117.0
379.0 565.0
380.0 446.0
381.0 771.0
382.0 845.0
383.0 1230.0
384.0 1180.0
385.0 1030.0
386.0 914.0
387.0 1140.0
388.0 1020.0
389.0 885.0
390.0 839.0
391.0 6.0
392.0 0.0
393.0 0.0
394.0 0.0
395.0 104.0
396.0 111.0
397.0 376.0
398.0 1080.0
399.0 1110.0
400.0 1110.0
401.0 1070.0
402.0 964.0
403.0 1110.0
404.0 684.0
405.0 1110.0
406.0 1360.0
407.0 1240.0
408.0 1250.0
409.0 1220.0
410.0 743.0
411.0 116.0
412.0 124.0
413.0 100.0
414.0 304.0
415.0 100.0
416.0 221.0
417.0 223.0
418.0 3.0
419.0 0.0
420.0 0.0
421.0 0.0
422.0 0.0
423.0 116.0
424.0 121.0
425.0 125.0
426.0 83.0
427.0 105.0
428.0 110.0
429.0 95.0
430.0 106.0
431.0 118.0
432.0 113.0
433.0 89.0
434.0 117.0
435.0 120.0
436.0 94.0
437.0 97.0
438.0 293.0
439.0 790.0
440.0 926.0
441.0 753.0
442.0 750.0
443.0 460.0
444.0 0.0
445.0 0.0
446.0 0.0
447.0 2.0
448.0 112.0
449.0 104.0
450.0 95.0
451.0 140.0
452.0 16.0
453.0 30.0
454.0 73.0
455.0 11.0
456.0 22.0
457.0 19.0
458.0 141.0
459.0 10.0
460.0 3.0
461.0 94.0
462.0 105.0
463.0 120.0
464.0 118.0
465.0 98.0
466.0 119.0
467.0 123.0
468.0 109.0
469.0 390.0
470.0 498.0
471.0 680.0
472.0 574.0
473.0 641.0
474.0 673.0
475.0 608.0
476.0 606.0
477.0 601.0
478.0 878.0
479.0 566.0
480.0 902.0
481.0 842.0
482.0 756.0
483.0 776.0
484.0 701.0
485.0 694.0
486.0 759.0
487.0 725.0
488.0 861.0
489.0 725.0
490.0 794.0
491.0 1090.0
492.0 1220.0
493.0 973.0
494.0 997.0
495.0 666.0
496.0 697.0
497.0 837.0
498.0 324.0
499.0 5.0
500.0 300.0
501.0 608.0
502.0 1070.0
503.0 1230.0
504.0 689.0
505.0 1350.0
506.0 1190.0
507.0 1170.0
508.0 1390.0
509.0 1190.0
510.0 1320.0
511.0 1130.0
512.0 1360.0
513.0 1450.0
514.0 1370.0
515.0 1410.0
516.0 1320.0
517.0 1150.0
518.0 1410.0
519.0 1360.0
520.0 1560.0
521.0 1370.0
522.0 1470.0
523.0 1550.0
524.0 1500.0
525.0 1400.0
526.0 1440.0
527.0 1390.0
528.0 1470.0
529.0 1430.0
530.0 1370.0
531.0 1360.0
532.0 1240.0
533.0 1180.0
534.0 1250.0
535.0 1170.0
536.0 963.0
537.0 1010.0
538.0 926.0
539.0 550.0
540.0 631.0
541.0 356.0
542.0 43.0
543.0 3.0
544.0 150.0
545.0 116.0
546.0 839.0
547.0 1100.0
548.0 924.0
549.0 1170.0
550.0 1230.0
551.0 1160.0
552.0 1110.0
553.0 1240.0
554.0 1390.0
555.0 1120.0
556.0 1350.0
557.0 1210.0
558.0 1070.0
559.0 1080.0
560.0 1090.0
561.0 1270.0
562.0 1390.0
563.0 1500.0
564.0 948.0
565.0 1140.0
566.0 1370.0
567.0 679.0
568.0 85.0
569.0 615.0
570.0 809.0
571.0 1400.0
572.0 1270.0
573.0 1450.0
574.0 1340.0
575.0 1500.0
576.0 1340.0
577.0 1230.0
578.0 1500.0
579.0 1370.0
580.0 1650.0
581.0 1310.0
582.0 1670.0
583.0 1680.0
584.0 1440.0
585.0 1370.0
586.0 1190.0
587.0 1170.0
588.0 1250.0
589.0 1230.0
590.0 807.0
591.0 660.0
592.0 199.0
593.0 394.0
594.0 279.0
595.0 41.0
596.0 25.0
597.0 38.0
598.0 34.0
599.0 122.0
600.0 89.0
601.0 76.0
602.0 262.0
603.0 165.0
604.0 89.0
605.0 329.0
606.0 95.0
607.0 103.0
608.0 279.0
609.0 409.0
610.0 388.0
611.0 407.0
612.0 429.0
613.0 528.0
614.0 591.0
615.0 317.0
616.0 338.0
617.0 498.0
618.0 543.0
619.0 224.0
620.0 0.0
621.0 125.0
622.0 82.0
623.0 120.0
624.0 152.0
625.0 93.0
626.0 117.0
627.0 111.0
628.0 119.0
629.0 123.0
630.0 99.0
631.0 106.0
632.0 348.0
633.0 511.0
634.0 677.0
635.0 201.0
636.0 119.0
637.0 116.0
638.0 364.0
639.0 552.0
640.0 569.0
641.0 552.0
642.0 348.0
643.0 736.0
644.0 616.0
645.0 579.0
646.0 598.0
647.0 694.0
648.0 703.0
649.0 730.0
650.0 667.0
651.0 778.0
652.0 228.0
653.0 176.0
654.0 529.0
655.0 633.0
656.0 610.0
657.0 625.0
658.0 666.0
659.0 570.0
660.0 0.0
661.0 119.0
662.0 111.0
663.0 562.0
664.0 466.0
665.0 481.0
666.0 368.0
667.0 536.0
668.0 570.0
669.0 636.0
670.0 565.0
671.0 676.0
672.0 613.0
673.0 575.0
674.0 674.0
675.0 613.0
676.0 647.0
677.0 704.0
678.0 658.0
679.0 772.0
680.0 815.0
681.0 732.0
682.0 812.0
683.0 811.0
684.0 923.0
685.0 841.0
686.0 769.0
687.0 1090.0
688.0 1140.0
689.0 1310.0
690.0 1270.0
691.0 1240.0
692.0 1070.0
693.0 1480.0
694.0 1040.0
695.0 1290.0
696.0 953.0
697.0 1290.0
698.0 1260.0
699.0 1560.0
700.0 971.0
701.0 698.0
702.0 1070.0
703.0 1330.0
704.0 1290.0
705.0 1480.0
706.0 1360.0
707.0 714.0
708.0 1360.0
709.0 871.0
710.0 98.0
711.0 94.0
712.0 782.0
713.0 859.0
714.0 1010.0
715.0 1170.0
716.0 1090.0
717.0 908.0
718.0 886.0
719.0 1200.0
720.0 1130.0
721.0 1200.0
722.0 1500.0
723.0 1080.0
724.0 1440.0
725.0 1140.0
726.0 1520.0
727.0 866.0
728.0 915.0
729.0 1060.0
730.0 1480.0
731.0 1310.0
732.0 1360.0
733.0 1320.0
734.0 870.0
735.0 1450.0
736.0 1340.0
737.0 1010.0
738.0 1350.0
739.0 1360.0
740.0 1230.0
741.0 1180.0
742.0 1370.0
743.0 1500.0
744.0 1340.0
745.0 1390.0
746.0 1100.0
747.0 1120.0
748.0 1430.0
749.0 1170.0
750.0 1250.0
751.0 1160.0
752.0 1320.0
753.0 1190.0
754.0 1240.0
755.0 1300.0
756.0 543.0
757.0 919.0
758.0 992.0
759.0 873.0
760.0 974.0
761.0 800.0
762.0 945.0
763.0 1090.0
764.0 1080.0
765.0 999.0
766.0 935.0
767.0 1080.0
768.0 841.0
769.0 909.0
770.0 1030.0
771.0 629.0
772.0 107.0
773.0 111.0
774.0 617.0
775.0 785.0
776.0 847.0
777.0 984.0
778.0 881.0
779.0 852.0
780.0 994.0
781.0 882.0
782.0 991.0
783.0 997.0
784.0 475.0
785.0 912.0
786.0 978.0
787.0 965.0
788.0 989.0
789.0 805.0
790.0 153.0
791.0 58.0
792.0 305.0
793.0 192.0
794.0 475.0
795.0 99.0
796.0 102.0
797.0 9.0
798.0 60.0
