0.0 56.0
1.0 108.0
2.0 238.0
3.0 303.0
4.0 53.0
5.0 32.0
6.0 34.0
7.0 3.0
8.0 124.0
9.0 183.0
10.0 242.0
11.0 194.0
12.0 26.0
13.0 0.0
14.0 113.0
15.0 107.0
16.0 86.0
17.0 106.0
18.0 116.0
19.0 106.0
20.0 120.0
21.0 103.0
22.0 91.0
23.0 228.0
24.0 275.0
25.0 290.0
26.0 23.0
27.0 15.0
28.0 10.0
29.0 56.0
30.0 104.0
31.0 123.0
32.0 298.0
33.0 400.0
34.0 408.0
35.0 492.0
36.0 451.0
37.0 93.0
38.0 2.0
39.0 14.0
40.0 26.0
41.0 30.0
42.0 30.0
43.0 25.0
44.0 121.0
45.0 115.0
46.0 122.0
47.0 103.0
48.0 92.0
49.0 101.0
50.0 122.0
51.0 116.0
52.0 114.0
53.0 116.0
54.0 117.0
55.0 99.0
56.0 92.0
57.0 96.0
58.0 105.0
59.0 104.0
60.0 104.0
61.0 121.0
62.0 104.0
63.0 96.0
64.0 116.0
65.0 120.0
66.0 96.0
67.0 118.0
68.0 98.0
69.0 109.0
70.0 104.0
71.0 101.0
72.0 115.0
73.0 107.0
74.0 83.0
75.0 122.0
76.0 120.0
77.0 122.0
78.0 125.0
79.0 118.0
80.0 117.0
81.0 92.0
82.0 106.0
83.0 113.0
84.0 100.0
85.0 111.0
86.0 109.0
87.0 115.0
88.0 136.0
89.0 197.0
90.0 232.0
91.0 223.0
92.0 235.0
93.0 283.0
94.0 252.0
95.0 292.0
96.0 414.0
97.0 414.0
98.0 440.0
99.0 579.0
100.0 556.0
101.0 607.0
102.0 609.0
103.0 933.0
104.0 731.0
105.0 998.0
106.0 960.0
107.0 843.0
108.0 955.0
109.0 1260.0
110.0 1410.0
111.0 1310.0
112.0 726.0
113.0 689.0
114.0 857.0
115.0 99.0
116.0 295.0
117.0 127.0
118.0 4.0
119.0 9.0
120.0 34.0
121.0 39.0
122.0 46.0
123.0 90.0
124.0 124.0
125.0 305.0
126.0 396.0
127.0 455.0
128.0 506.0
129.0 440.0
130.0 461.0
131.0 451.0
132.0 517.0
133.0 494.0
134.0 504.0
135.0 548.0
136.0 606.0
137.0 567.0
138.0 478.0
139.0 506.0
140.0 510.0
141.0 581.0
142.0 587.0
143.0 541.0
144.0 532.0
145.0 650.0
146.0 661.0
147.0 550.0
148.0 744.0
149.0 613.0
150.0 566.0
151.0 641.0
152.0 644.0
153.0 695.0
154.0 708.0
155.0 676.0
156.0 667.0
157.0 677.0
158.0 730.0
159.0 155.0
160.0 0.0
161.0 0.0
162.0 37.0
163.0 102.0
164.0 113.0
165.0 543.0
166.0 914.0
167.0 1000.0
168.0 1160.0
169.0 1090.0
170.0 1280.0
171.0 1360.0
172.0 982.0
173.0 636.0
174.0 407.0
175.0 77.0
176.0 16.0
177.0 8.0
178.0 36.0
179.0 69.0
180.0 8.0
181.0 87.0
182.0 121.0
183.0 256.0
184.0 422.0
185.0 168.0
186.0 19.0
187.0 10.0
188.0 9.0
189.0 41.0
190.0 17.0
191.0 114.0
192.0 113.0
193.0 315.0
194.0 355.0
195.0 357.0
196.0 458.0
197.0 405.0
198.0 516.0
199.0 417.0
200.0 536.0
201.0 652.0
202.0 599.0
203.0 502.0
204.0 173.0
205.0 51.0
206.0 335.0
207.0 40.0
208.0 132.0
209.0 4.0
210.0 1.0
211.0 0.0
212.0 9.0
213.0 99.0
214.0 84.0
215.0 121.0
216.0 148.0
217.0 180.0
218.0 190.0
219.0 267.0
220.0 349.0
221.0 339.0
222.0 466.0
223.0 507.0
224.0 583.0
225.0 503.0
226.0 511.0
227.0 524.0
228.0 615.0
229.0 570.0
230.0 680.0
231.0 556.0
232.0 677.0
233.0 816.0
234.0 825.0
235.0 914.0
236.0 953.0
237.0 821.0
238.0 662.0
239.0 622.0
240.0 685.0
241.0 766.0
242.0 682.0
243.0 602.0
244.0 419.0
245.0 555.0
246.0 268.0
247.0 1.0
248.0 0.0
249.0 108.0
