0.0 13.0
1.0 22.0
2.0 47.0
3.0 86.0
4.0 121.0
5.0 180.0
6.0 276.0
7.0 419.0
8.0 387.0
9.0 124.0
10.0 123.0
11.0 301.0
12.0 296.0
13.0 0.0
14.0 78.0
15.0 102.0
16.0 114.0
17.0 112.0
18.0 110.0
19.0 87.0
20.0 105.0
21.0 116.0
22.0 122.0
23.0 111.0
24.0 54.0
25.0 190.0
26.0 93.0
27.0 82.0
28.0 13.0
29.0 78.0
30.0 115.0
31.0 145.0
32.0 186.0
33.0 251.0
34.0 259.0
35.0 304.0
36.0 323.0
37.0 295.0
38.0 333.0
39.0 379.0
40.0 412.0
41.0 388.0
42.0 457.0
43.0 424.0
44.0 429.0
45.0 513.0
46.0 509.0
47.0 595.0
48.0 492.0
49.0 252.0
50.0 10.0
51.0 13.0
52.0 29.0
53.0 20.0
54.0 15.0
55.0 31.0
56.0 30.0
57.0 80.0
58.0 125.0
59.0 118.0
60.0 117.0
61.0 112.0
62.0 112.0
63.0 113.0
64.0 117.0
65.0 120.0
66.0 108.0
67.0 92.0
68.0 120.0
69.0 119.0
70.0 115.0
71.0 123.0
72.0 86.0
73.0 84.0
74.0 125.0
75.0 96.0
76.0 106.0
77.0 108.0
78.0 123.0
79.0 104.0
80.0 121.0
81.0 92.0
82.0 117.0
83.0 89.0
84.0 114.0
85.0 110.0
86.0 102.0
87.0 109.0
88.0 100.0
89.0 113.0
90.0 119.0
91.0 121.0
92.0 114.0
93.0 94.0
94.0 104.0
95.0 94.0
96.0 108.0
97.0 106.0
98.0 94.0
99.0 105.0
100.0 80.0
101.0 111.0
102.0 122.0
103.0 123.0
104.0 122.0
105.0 107.0
106.0 86.0
107.0 89.0
108.0 81.0
109.0 60.0
110.0 89.0
111.0 93.0
112.0 109.0
113.0 138.0
114.0 170.0
115.0 102.0
116.0 210.0
117.0 122.0
118.0 111.0
119.0 45.0
120.0 125.0
121.0 125.0
122.0 121.0
123.0 224.0
124.0 187.0
125.0 156.0
126.0 173.0
127.0 155.0
128.0 139.0
129.0 177.0
130.0 207.0
131.0 219.0
132.0 228.0
133.0 276.0
134.0 383.0
135.0 322.0
136.0 422.0
137.0 409.0
138.0 435.0
139.0 547.0
140.0 572.0
141.0 519.0
142.0 610.0
143.0 638.0
144.0 526.0
145.0 604.0
146.0 611.0
147.0 1060.0
148.0 828.0
149.0 608.0
150.0 661.0
151.0 619.0
152.0 505.0
153.0 826.0
154.0 840.0
155.0 809.0
156.0 807.0
157.0 935.0
158.0 946.0
159.0 777.0
160.0 668.0
161.0 740.0
162.0 695.0
163.0 810.0
164.0 845.0
165.0 602.0
166.0 154.0
167.0 11.0
168.0 4.0
169.0 36.0
170.0 291.0
171.0 483.0
172.0 12.0
173.0 100.0
174.0 102.0
175.0 310.0
176.0 820.0
177.0 667.0
178.0 813.0
179.0 563.0
180.0 422.0
181.0 126.0
182.0 37.0
183.0 6.0
184.0 101.0
185.0 101.0
186.0 318.0
187.0 375.0
188.0 376.0
189.0 338.0
190.0 399.0
191.0 341.0
192.0 392.0
193.0 322.0
194.0 463.0
195.0 217.0
196.0 9.0
197.0 0.0
198.0 10.0
199.0 95.0
200.0 109.0
201.0 255.0
202.0 289.0
203.0 323.0
204.0 317.0
205.0 242.0
206.0 240.0
207.0 54.0
208.0 0.0
209.0 6.0
210.0 0.0
211.0 15.0
212.0 98.0
213.0 84.0
214.0 4.0
215.0 85.0
216.0 87.0
217.0 121.0
218.0 74.0
219.0 81.0
220.0 26.0
221.0 0.0
222.0 92.0
223.0 124.0
224.0 108.0
225.0 107.0
226.0 147.0
227.0 52.0
228.0 83.0
229.0 114.0
230.0 115.0
231.0 121.0
232.0 161.0
233.0 235.0
234.0 250.0
235.0 388.0
236.0 449.0
237.0 465.0
238.0 500.0
239.0 669.0
240.0 770.0
241.0 747.0
242.0 868.0
243.0 912.0
244.0 1110.0
245.0 973.0
246.0 996.0
247.0 1140.0
248.0 1260.0
249.0 1050.0
