0.0 13.0
1.0 20.0
2.0 22.0
3.0 32.0
4.0 36.0
5.0 52.0
6.0 90.0
7.0 129.0
8.0 164.0
9.0 242.0
10.0 319.0
11.0 395.0
12.0 481.0
13.0 465.0
14.0 539.0
15.0 541.0
16.0 640.0
17.0 688.0
18.0 839.0
19.0 850.0
20.0 917.0
21.0 945.0
22.0 951.0
23.0 658.0
24.0 664.0
25.0 602.0
26.0 453.0
27.0 754.0
28.0 685.0
29.0 453.0
30.0 92.0
31.0 56.0
32.0 113.0
33.0 179.0
34.0 101.0
35.0 549.0
36.0 713.0
37.0 755.0
38.0 731.0
39.0 671.0
40.0 706.0
41.0 633.0
42.0 609.0
43.0 740.0
44.0 699.0
45.0 667.0
46.0 893.0
47.0 770.0
48.0 98.0
49.0 124.0
50.0 117.0
51.0 683.0
52.0 809.0
53.0 831.0
54.0 657.0
55.0 933.0
56.0 900.0
57.0 978.0
58.0 879.0
59.0 711.0
60.0 828.0
61.0 926.0
62.0 699.0
63.0 790.0
64.0 949.0
65.0 852.0
66.0 563.0
67.0 949.0
68.0 780.0
69.0 920.0
70.0 809.0
71.0 760.0
72.0 771.0
73.0 867.0
74.0 848.0
75.0 593.0
76.0 41.0
77.0 619.0
78.0 741.0
79.0 759.0
80.0 556.0
81.0 77.0
82.0 78.0
83.0 63.0
84.0 131.0
85.0 120.0
86.0 79.0
87.0 125.0
88.0 111.0
89.0 82.0
90.0 93.0
91.0 119.0
92.0 110.0
93.0 582.0
94.0 535.0
95.0 673.0
96.0 745.0
97.0 625.0
98.0 541.0
99.0 601.0
100.0 588.0
101.0 682.0
102.0 686.0
103.0 682.0
104.0 700.0
105.0 725.0
106.0 590.0
107.0 616.0
108.0 823.0
109.0 674.0
110.0 611.0
111.0 169.0
112.0 394.0
113.0 692.0
114.0 666.0
115.0 670.0
116.0 720.0
117.0 805.0
118.0 617.0
119.0 636.0
120.0 715.0
121.0 753.0
122.0 769.0
123.0 722.0
124.0 689.0
125.0 867.0
126.0 755.0
127.0 761.0
128.0 598.0
129.0 626.0
130.0 750.0
131.0 805.0
132.0 745.0
133.0 735.0
134.0 705.0
135.0 601.0
136.0 571.0
137.0 291.0
138.0 0.0
139.0 120.0
140.0 125.0
141.0 346.0
142.0 363.0
143.0 362.0
144.0 295.0
145.0 323.0
146.0 456.0
147.0 493.0
148.0 563.0
149.0 577.0
150.0 358.0
151.0 472.0
152.0 669.0
153.0 612.0
154.0 1070.0
155.0 767.0
156.0 693.0
157.0 749.0
158.0 797.0
159.0 695.0
160.0 897.0
161.0 930.0
162.0 983.0
163.0 809.0
164.0 854.0
165.0 892.0
166.0 724.0
167.0 610.0
168.0 704.0
169.0 708.0
170.0 699.0
171.0 538.0
172.0 773.0
173.0 873.0
174.0 1020.0
175.0 811.0
176.0 777.0
177.0 539.0
178.0 904.0
179.0 964.0
180.0 794.0
181.0 754.0
182.0 750.0
183.0 856.0
184.0 830.0
185.0 1000.0
186.0 758.0
187.0 922.0
188.0 805.0
189.0 883.0
190.0 813.0
191.0 812.0
192.0 787.0
193.0 899.0
194.0 1030.0
195.0 1010.0
196.0 965.0
197.0 938.0
198.0 917.0
199.0 800.0
200.0 783.0
201.0 745.0
202.0 722.0
203.0 704.0
204.0 131.0
205.0 4.0
206.0 99.0
207.0 110.0
208.0 690.0
209.0 800.0
210.0 752.0
211.0 822.0
212.0 744.0
213.0 811.0
214.0 843.0
215.0 873.0
216.0 942.0
217.0 969.0
218.0 894.0
219.0 908.0
220.0 886.0
221.0 1010.0
222.0 1120.0
223.0 878.0
224.0 1240.0
225.0 1050.0
226.0 623.0
227.0 401.0
228.0 638.0
229.0 167.0
230.0 0.0
231.0 104.0
232.0 107.0
233.0 884.0
234.0 1180.0
235.0 1250.0
236.0 1290.0
237.0 1060.0
238.0 933.0
239.0 1420.0
240.0 909.0
241.0 899.0
242.0 1140.0
243.0 1120.0
244.0 823.0
245.0 787.0
246.0 744.0
247.0 742.0
248.0 862.0
249.0 836.0
250.0 220.0
251.0 7.0
252.0 0.0
253.0 96.0
254.0 109.0
255.0 753.0
256.0 738.0
257.0 934.0
258.0 813.0
259.0 811.0
260.0 933.0
261.0 774.0
262.0 874.0
263.0 1150.0
264.0 1230.0
265.0 1440.0
266.0 1250.0
267.0 1260.0
268.0 1390.0
269.0 1370.0
270.0 1240.0
271.0 1170.0
272.0 1500.0
273.0 884.0
274.0 807.0
275.0 741.0
276.0 914.0
277.0 838.0
278.0 1140.0
279.0 1010.0
280.0 940.0
281.0 893.0
282.0 1120.0
283.0 879.0
284.0 903.0
285.0 934.0
286.0 826.0
287.0 840.0
288.0 799.0
289.0 952.0
290.0 1070.0
291.0 1060.0
292.0 987.0
293.0 1130.0
294.0 974.0
295.0 1020.0
296.0 1020.0
297.0 899.0
298.0 789.0
299.0 620.0
300.0 742.0
301.0 903.0
302.0 623.0
303.0 1.0
304.0 7.0
305.0 100.0
306.0 123.0
307.0 91.0
308.0 281.0
309.0 606.0
310.0 580.0
311.0 714.0
312.0 641.0
313.0 659.0
314.0 570.0
315.0 722.0
316.0 550.0
317.0 621.0
318.0 771.0
319.0 581.0
320.0 427.0
321.0 330.0
322.0 430.0
323.0 480.0
324.0 732.0
325.0 517.0
326.0 597.0
327.0 562.0
328.0 764.0
329.0 249.0
330.0 853.0
331.0 886.0
332.0 981.0
333.0 988.0
334.0 977.0
335.0 757.0
336.0 512.0
337.0 500.0
338.0 534.0
339.0 611.0
340.0 413.0
341.0 654.0
342.0 514.0
343.0 590.0
344.0 585.0
345.0 663.0
346.0 613.0
347.0 737.0
348.0 689.0
349.0 815.0
350.0 757.0
351.0 724.0
352.0 598.0
353.0 729.0
354.0 674.0
355.0 684.0
356.0 878.0
357.0 816.0
358.0 642.0
359.0 724.0
360.0 725.0
361.0 825.0
362.0 726.0
363.0 919.0
364.0 819.0
365.0 669.0
366.0 679.0
367.0 725.0
368.0 822.0
369.0 928.0
370.0 903.0
371.0 923.0
372.0 916.0
373.0 944.0
374.0 802.0
375.0 1020.0
376.0 849.0
377.0 962.0
378.0 926.0
379.0 986.0
380.0 918.0
381.0 957.0
382.0 982.0
383.0 931.0
384.0 1070.0
385.0 1080.0
386.0 656.0
387.0 26.0
388.0 707.0
389.0 895.0
390.0 915.0
391.0 531.0
392.0 627.0
393.0 753.0
394.0 565.0
395.0 451.0
396.0 183.0
397.0 9.0
398.0 16.0
399.0 8.0
400.0 109.0
401.0 468.0
402.0 601.0
403.0 673.0
404.0 665.0
405.0 583.0
406.0 687.0
407.0 551.0
408.0 606.0
409.0 599.0
410.0 726.0
411.0 664.0
412.0 735.0
413.0 774.0
414.0 789.0
415.0 895.0
416.0 721.0
417.0 660.0
418.0 700.0
419.0 733.0
420.0 775.0
421.0 916.0
422.0 921.0
423.0 968.0
424.0 892.0
425.0 952.0
426.0 877.0
427.0 1070.0
428.0 1000.0
429.0 798.0
430.0 874.0
431.0 857.0
432.0 998.0
433.0 780.0
434.0 891.0
435.0 897.0
436.0 1170.0
437.0 1040.0
438.0 933.0
439.0 785.0
440.0 871.0
441.0 814.0
442.0 936.0
443.0 947.0
444.0 984.0
445.0 991.0
446.0 1080.0
447.0 1150.0
448.0 1040.0
449.0 1100.0
450.0 1080.0
451.0 1190.0
452.0 975.0
453.0 1060.0
454.0 1270.0
455.0 1090.0
456.0 1290.0
457.0 1370.0
458.0 1220.0
459.0 1170.0
460.0 1300.0
461.0 1370.0
462.0 1240.0
463.0 1280.0
464.0 984.0
465.0 905.0
466.0 728.0
467.0 812.0
468.0 766.0
469.0 733.0
470.0 1020.0
471.0 756.0
472.0 801.0
473.0 781.0
474.0 941.0
475.0 871.0
476.0 876.0
477.0 801.0
478.0 870.0
479.0 1090.0
480.0 1380.0
481.0 1150.0
482.0 1240.0
483.0 1260.0
484.0 1440.0
485.0 857.0
486.0 869.0
487.0 1010.0
488.0 750.0
489.0 975.0
490.0 795.0
491.0 636.0
492.0 620.0
493.0 413.0
494.0 367.0
495.0 93.0
496.0 4.0
497.0 1.0
498.0 0.0
499.0 5.0
500.0 3.0
501.0 76.0
502.0 123.0
503.0 117.0
504.0 118.0
505.0 118.0
506.0 120.0
507.0 118.0
508.0 103.0
509.0 111.0
510.0 81.0
511.0 106.0
512.0 104.0
513.0 89.0
514.0 87.0
515.0 100.0
516.0 125.0
517.0 103.0
518.0 103.0
519.0 118.0
520.0 114.0
521.0 116.0
522.0 116.0
523.0 116.0
524.0 116.0
525.0 108.0
526.0 122.0
527.0 99.0
528.0 118.0
529.0 109.0
530.0 100.0
531.0 122.0
532.0 123.0
533.0 115.0
534.0 85.0
535.0 80.0
536.0 89.0
537.0 123.0
538.0 102.0
539.0 106.0
540.0 84.0
541.0 111.0
542.0 101.0
543.0 113.0
544.0 103.0
545.0 106.0
546.0 122.0
547.0 123.0
548.0 94.0
549.0 124.0
550.0 115.0
551.0 125.0
552.0 79.0
553.0 79.0
554.0 102.0
555.0 94.0
556.0 88.0
557.0 125.0
558.0 110.0
559.0 80.0
560.0 93.0
561.0 119.0
562.0 314.0
563.0 362.0
564.0 8.0
565.0 3.0
566.0 13.0
567.0 53.0
568.0 148.0
569.0 301.0
570.0 332.0
571.0 165.0
572.0 3.0
573.0 1.0
574.0 12.0
575.0 114.0
576.0 111.0
577.0 112.0
578.0 103.0
579.0 111.0
580.0 103.0
581.0 114.0
582.0 84.0
583.0 107.0
584.0 117.0
585.0 117.0
586.0 91.0
587.0 100.0
588.0 100.0
589.0 89.0
590.0 96.0
591.0 122.0
592.0 104.0
593.0 94.0
594.0 123.0
595.0 106.0
596.0 115.0
597.0 90.0
598.0 116.0
599.0 120.0
600.0 94.0
601.0 92.0
602.0 107.0
603.0 92.0
604.0 113.0
605.0 93.0
606.0 673.0
607.0 788.0
608.0 893.0
609.0 1050.0
610.0 1090.0
611.0 1100.0
612.0 1060.0
613.0 993.0
614.0 1040.0
615.0 1140.0
616.0 1140.0
617.0 1100.0
618.0 1270.0
619.0 1360.0
620.0 94.0
621.0 115.0
622.0 1160.0
623.0 1530.0
624.0 1650.0
625.0 1310.0
626.0 1490.0
627.0 1590.0
628.0 1760.0
629.0 1730.0
630.0 1810.0
631.0 1820.0
632.0 1830.0
633.0 1620.0
634.0 1350.0
635.0 1630.0
636.0 1330.0
637.0 1540.0
638.0 1650.0
639.0 1440.0
640.0 1810.0
641.0 1650.0
642.0 1380.0
643.0 1540.0
644.0 1410.0
645.0 1280.0
646.0 419.0
647.0 5.0
648.0 34.0
649.0 85.0
650.0 115.0
651.0 449.0
652.0 702.0
653.0 1190.0
654.0 1410.0
655.0 1140.0
656.0 1180.0
657.0 1110.0
658.0 1200.0
659.0 1240.0
660.0 880.0
661.0 223.0
662.0 7.0
663.0 0.0
664.0 0.0
665.0 0.0
666.0 77.0
667.0 88.0
668.0 83.0
669.0 354.0
670.0 439.0
671.0 606.0
672.0 644.0
673.0 665.0
674.0 804.0
675.0 722.0
676.0 333.0
677.0 409.0
678.0 120.0
679.0 90.0
680.0 113.0
681.0 95.0
682.0 370.0
683.0 298.0
684.0 396.0
685.0 468.0
686.0 264.0
687.0 390.0
688.0 359.0
689.0 414.0
690.0 378.0
691.0 439.0
692.0 341.0
693.0 333.0
694.0 346.0
695.0 430.0
696.0 396.0
697.0 343.0
698.0 348.0
699.0 407.0
700.0 414.0
701.0 282.0
702.0 402.0
703.0 271.0
704.0 91.0
705.0 81.0
706.0 93.0
707.0 124.0
708.0 99.0
709.0 82.0
710.0 117.0
711.0 122.0
712.0 118.0
713.0 120.0
714.0 123.0
715.0 92.0
716.0 247.0
717.0 373.0
718.0 243.0
719.0 303.0
720.0 232.0
721.0 0.0
722.0 0.0
723.0 119.0
724.0 99.0
725.0 92.0
726.0 119.0
727.0 141.0
728.0 86.0
729.0 101.0
730.0 129.0
731.0 107.0
732.0 43.0
733.0 98.0
734.0 111.0
735.0 110.0
736.0 136.0
737.0 75.0
738.0 111.0
739.0 90.0
740.0 165.0
741.0 126.0
742.0 156.0
743.0 194.0
744.0 198.0
745.0 192.0
746.0 144.0
747.0 195.0
748.0 216.0
749.0 235.0
750.0 251.0
751.0 334.0
752.0 307.0
753.0 340.0
754.0 411.0
755.0 375.0
756.0 159.0
757.0 283.0
758.0 413.0
759.0 337.0
760.0 446.0
761.0 500.0
762.0 371.0
763.0 371.0
764.0 377.0
765.0 384.0
766.0 115.0
767.0 353.0
768.0 369.0
769.0 343.0
770.0 365.0
771.0 434.0
772.0 527.0
773.0 472.0
774.0 425.0
775.0 432.0
776.0 461.0
777.0 467.0
778.0 512.0
779.0 491.0
780.0 495.0
781.0 520.0
782.0 572.0
783.0 576.0
784.0 517.0
785.0 682.0
786.0 719.0
787.0 624.0
788.0 841.0
789.0 802.0
790.0 841.0
791.0 876.0
792.0 1030.0
793.0 906.0
794.0 367.0
795.0 554.0
796.0 547.0
797.0 523.0
798.0 586.0
