0.0 164.0
1.0 284.0
2.0 306.0
3.0 202.0
4.0 251.0
5.0 34.0
6.0 114.0
7.0 117.0
8.0 446.0
9.0 534.0
10.0 568.0
11.0 561.0
12.0 634.0
13.0 718.0
14.0 828.0
15.0 774.0
16.0 810.0
17.0 628.0
18.0 859.0
19.0 679.0
20.0 837.0
21.0 732.0
22.0 836.0
23.0 688.0
24.0 1060.0
25.0 1190.0
26.0 1180.0
27.0 888.0
28.0 963.0
29.0 492.0
30.0 461.0
31.0 768.0
32.0 771.0
33.0 409.0
34.0 108.0
35.0 319.0
36.0 623.0
37.0 682.0
38.0 733.0
39.0 912.0
40.0 699.0
41.0 788.0
42.0 617.0
43.0 164.0
44.0 115.0
45.0 117.0
46.0 676.0
47.0 815.0
48.0 904.0
49.0 871.0
50.0 1080.0
51.0 845.0
52.0 954.0
53.0 908.0
54.0 828.0
55.0 890.0
56.0 1110.0
57.0 819.0
58.0 1230.0
59.0 854.0
60.0 34.0
61.0 12.0
62.0 1.0
63.0 21.0
64.0 17.0
65.0 96.0
66.0 125.0
67.0 487.0
68.0 500.0
69.0 639.0
70.0 595.0
71.0 710.0
72.0 829.0
73.0 607.0
74.0 328.0
75.0 559.0
76.0 172.0
77.0 84.0
78.0 60.0
79.0 32.0
80.0 31.0
81.0 39.0
82.0 118.0
83.0 124.0
84.0 224.0
85.0 240.0
86.0 271.0
87.0 447.0
88.0 477.0
89.0 513.0
90.0 556.0
91.0 577.0
92.0 606.0
93.0 764.0
94.0 932.0
95.0 534.0
96.0 85.0
97.0 120.0
98.0 682.0
99.0 836.0
100.0 1130.0
101.0 1260.0
102.0 995.0
103.0 875.0
104.0 669.0
105.0 1220.0
106.0 1100.0
107.0 784.0
108.0 985.0
109.0 162.0
110.0 98.0
111.0 4.0
112.0 0.0
113.0 80.0
114.0 115.0
115.0 331.0
116.0 798.0
117.0 793.0
118.0 831.0
119.0 634.0
120.0 828.0
121.0 781.0
122.0 97.0
123.0 21.0
124.0 56.0
125.0 81.0
126.0 141.0
127.0 72.0
128.0 154.0
129.0 86.0
130.0 40.0
131.0 72.0
132.0 38.0
133.0 153.0
134.0 326.0
135.0 60.0
136.0 20.0
137.0 35.0
138.0 50.0
139.0 120.0
140.0 121.0
141.0 272.0
142.0 548.0
143.0 655.0
144.0 678.0
145.0 699.0
146.0 832.0
147.0 306.0
148.0 124.0
149.0 99.0
150.0 905.0
151.0 855.0
152.0 955.0
153.0 943.0
154.0 936.0
155.0 954.0
156.0 1050.0
157.0 937.0
158.0 1200.0
159.0 1340.0
160.0 519.0
161.0 22.0
162.0 7.0
163.0 13.0
164.0 41.0
165.0 3.0
166.0 59.0
167.0 10.0
168.0 94.0
169.0 135.0
170.0 282.0
171.0 398.0
172.0 423.0
173.0 430.0
174.0 384.0
175.0 351.0
176.0 400.0
177.0 547.0
178.0 428.0
179.0 572.0
180.0 613.0
181.0 630.0
182.0 448.0
183.0 48.0
184.0 24.0
185.0 35.0
186.0 43.0
187.0 73.0
188.0 83.0
189.0 74.0
190.0 671.0
191.0 604.0
192.0 672.0
193.0 802.0
194.0 834.0
195.0 797.0
196.0 478.0
197.0 578.0
198.0 799.0
199.0 909.0
200.0 676.0
201.0 762.0
202.0 723.0
203.0 686.0
204.0 940.0
205.0 845.0
206.0 742.0
207.0 626.0
208.0 564.0
209.0 616.0
210.0 679.0
211.0 608.0
212.0 715.0
213.0 794.0
214.0 743.0
215.0 854.0
216.0 873.0
217.0 901.0
218.0 901.0
219.0 784.0
220.0 827.0
221.0 815.0
222.0 311.0
223.0 123.0
224.0 520.0
225.0 874.0
226.0 1130.0
227.0 912.0
228.0 917.0
229.0 1050.0
230.0 1210.0
231.0 1170.0
232.0 696.0
233.0 945.0
234.0 1160.0
235.0 910.0
236.0 1110.0
237.0 922.0
238.0 923.0
239.0 933.0
240.0 980.0
241.0 864.0
242.0 838.0
243.0 801.0
244.0 725.0
245.0 727.0
246.0 31.0
247.0 12.0
248.0 45.0
249.0 157.0
250.0 94.0
251.0 110.0
252.0 120.0
253.0 382.0
254.0 750.0
255.0 833.0
256.0 828.0
257.0 787.0
258.0 858.0
259.0 850.0
260.0 892.0
261.0 904.0
262.0 897.0
263.0 861.0
264.0 986.0
265.0 873.0
266.0 777.0
267.0 725.0
268.0 908.0
269.0 793.0
270.0 880.0
271.0 1030.0
272.0 869.0
273.0 1100.0
274.0 783.0
275.0 779.0
276.0 999.0
277.0 1070.0
278.0 1010.0
279.0 966.0
280.0 717.0
281.0 749.0
282.0 765.0
283.0 872.0
284.0 802.0
285.0 830.0
286.0 929.0
287.0 808.0
288.0 661.0
289.0 90.0
290.0 117.0
291.0 77.0
292.0 124.0
293.0 503.0
294.0 771.0
295.0 961.0
296.0 808.0
297.0 852.0
298.0 1050.0
299.0 892.0
300.0 954.0
301.0 1030.0
302.0 1010.0
303.0 1090.0
304.0 1080.0
305.0 1190.0
306.0 875.0
307.0 855.0
308.0 1090.0
309.0 1020.0
310.0 1030.0
311.0 991.0
312.0 916.0
313.0 888.0
314.0 855.0
315.0 1060.0
316.0 1250.0
317.0 1160.0
318.0 1380.0
319.0 1240.0
320.0 1300.0
321.0 1710.0
322.0 1730.0
323.0 1420.0
324.0 1430.0
325.0 1050.0
326.0 958.0
327.0 1140.0
328.0 1010.0
329.0 1000.0
330.0 996.0
331.0 1230.0
332.0 1570.0
333.0 1270.0
334.0 1300.0
335.0 1390.0
336.0 1260.0
337.0 1400.0
338.0 1270.0
339.0 1080.0
340.0 985.0
341.0 1190.0
342.0 1210.0
343.0 1010.0
344.0 1190.0
345.0 967.0
346.0 1120.0
347.0 1190.0
348.0 1220.0
349.0 1210.0
350.0 955.0
351.0 1030.0
352.0 1270.0
353.0 1070.0
354.0 1200.0
355.0 1020.0
356.0 821.0
357.0 795.0
358.0 1300.0
359.0 1270.0
360.0 867.0
361.0 1020.0
362.0 954.0
363.0 818.0
364.0 605.0
365.0 743.0
366.0 843.0
367.0 875.0
368.0 875.0
369.0 712.0
370.0 648.0
371.0 751.0
372.0 725.0
373.0 714.0
374.0 682.0
375.0 660.0
376.0 629.0
377.0 188.0
378.0 53.0
379.0 8.0
380.0 219.0
381.0 588.0
382.0 350.0
383.0 269.0
384.0 358.0
385.0 379.0
386.0 27.0
387.0 3.0
388.0 43.0
389.0 152.0
390.0 75.0
391.0 100.0
392.0 98.0
393.0 95.0
394.0 243.0
395.0 246.0
396.0 293.0
397.0 312.0
398.0 385.0
399.0 448.0
400.0 393.0
401.0 240.0
402.0 675.0
403.0 882.0
404.0 812.0
405.0 1080.0
406.0 776.0
407.0 96.0
408.0 124.0
409.0 865.0
410.0 1180.0
411.0 1250.0
412.0 1310.0
413.0 1470.0
414.0 1650.0
415.0 1630.0
416.0 1650.0
417.0 1750.0
418.0 1350.0
419.0 1450.0
420.0 1340.0
421.0 1370.0
422.0 1610.0
423.0 1670.0
424.0 1510.0
425.0 1360.0
426.0 1700.0
427.0 1390.0
428.0 1440.0
429.0 1360.0
430.0 1290.0
431.0 1310.0
432.0 1210.0
433.0 1160.0
434.0 1360.0
435.0 1080.0
436.0 1140.0
437.0 1240.0
438.0 1380.0
439.0 1280.0
440.0 1290.0
441.0 1330.0
442.0 1110.0
443.0 1210.0
444.0 1060.0
445.0 427.0
446.0 80.0
447.0 110.0
448.0 84.0
449.0 120.0
450.0 107.0
451.0 84.0
452.0 90.0
453.0 109.0
454.0 359.0
455.0 587.0
456.0 775.0
457.0 806.0
458.0 698.0
459.0 700.0
460.0 858.0
461.0 109.0
462.0 837.0
463.0 818.0
464.0 821.0
465.0 784.0
466.0 709.0
467.0 820.0
468.0 825.0
469.0 572.0
470.0 2.0
471.0 8.0
472.0 0.0
473.0 103.0
474.0 120.0
475.0 112.0
476.0 41.0
477.0 104.0
478.0 85.0
479.0 423.0
480.0 461.0
481.0 522.0
482.0 510.0
483.0 623.0
484.0 660.0
485.0 567.0
486.0 620.0
487.0 782.0
488.0 816.0
489.0 1090.0
490.0 949.0
491.0 936.0
492.0 1020.0
493.0 1110.0
494.0 1200.0
495.0 1200.0
496.0 1030.0
497.0 648.0
498.0 5.0
499.0 8.0
500.0 84.0
501.0 80.0
502.0 899.0
503.0 949.0
504.0 920.0
505.0 1030.0
506.0 1010.0
507.0 1100.0
508.0 1120.0
509.0 1300.0
510.0 1030.0
511.0 1120.0
512.0 1110.0
513.0 1170.0
514.0 1220.0
515.0 1160.0
516.0 1140.0
517.0 1230.0
518.0 1140.0
519.0 1180.0
520.0 1100.0
521.0 1080.0
522.0 1050.0
523.0 988.0
524.0 1140.0
525.0 1040.0
526.0 1100.0
527.0 1470.0
528.0 1420.0
529.0 1710.0
530.0 1680.0
531.0 1210.0
532.0 1390.0
533.0 1190.0
534.0 862.0
535.0 190.0
536.0 37.0
537.0 5.0
538.0 106.0
539.0 107.0
540.0 1050.0
541.0 1430.0
542.0 1490.0
543.0 1600.0
544.0 1670.0
545.0 1630.0
546.0 1540.0
547.0 1580.0
548.0 1560.0
549.0 1650.0
550.0 1510.0
551.0 1520.0
552.0 1560.0
553.0 1600.0
554.0 1570.0
555.0 1370.0
556.0 1280.0
557.0 835.0
558.0 1070.0
559.0 48.0
560.0 266.0
561.0 42.0
562.0 84.0
563.0 118.0
564.0 212.0
565.0 778.0
566.0 1200.0
567.0 1100.0
568.0 1180.0
569.0 1150.0
570.0 1280.0
571.0 1500.0
572.0 1080.0
573.0 1430.0
574.0 1380.0
575.0 1340.0
576.0 1350.0
577.0 1650.0
578.0 1440.0
579.0 1660.0
580.0 1650.0
581.0 1450.0
582.0 623.0
583.0 30.0
584.0 89.0
585.0 106.0
586.0 281.0
587.0 1410.0
588.0 1330.0
589.0 1540.0
590.0 1260.0
591.0 1590.0
592.0 1670.0
593.0 1360.0
594.0 1430.0
595.0 1400.0
596.0 1540.0
597.0 1370.0
598.0 1460.0
599.0 1340.0
600.0 1500.0
601.0 1580.0
602.0 1270.0
603.0 1370.0
604.0 1420.0
605.0 1390.0
606.0 1110.0
607.0 1180.0
608.0 1430.0
609.0 1230.0
610.0 801.0
611.0 938.0
612.0 1070.0
613.0 1020.0
614.0 1080.0
615.0 1400.0
616.0 1290.0
617.0 887.0
618.0 834.0
619.0 1020.0
620.0 871.0
621.0 808.0
622.0 974.0
623.0 894.0
624.0 683.0
625.0 769.0
626.0 892.0
627.0 1150.0
628.0 935.0
629.0 744.0
630.0 637.0
631.0 935.0
632.0 939.0
633.0 912.0
634.0 399.0
635.0 108.0
636.0 118.0
637.0 308.0
638.0 111.0
639.0 122.0
640.0 124.0
641.0 506.0
642.0 194.0
643.0 160.0
644.0 0.0
645.0 88.0
646.0 114.0
647.0 261.0
648.0 459.0
649.0 448.0
650.0 441.0
651.0 539.0
652.0 574.0
653.0 507.0
654.0 696.0
655.0 637.0
656.0 457.0
657.0 671.0
658.0 612.0
659.0 588.0
660.0 705.0
661.0 739.0
662.0 684.0
663.0 658.0
664.0 835.0
665.0 831.0
666.0 750.0
667.0 856.0
668.0 758.0
669.0 880.0
670.0 880.0
671.0 796.0
672.0 812.0
673.0 903.0
674.0 911.0
675.0 946.0
676.0 1080.0
677.0 837.0
678.0 741.0
679.0 688.0
680.0 725.0
681.0 780.0
682.0 596.0
683.0 600.0
684.0 712.0
685.0 728.0
686.0 641.0
687.0 556.0
688.0 725.0
689.0 640.0
690.0 633.0
691.0 657.0
692.0 614.0
693.0 655.0
694.0 799.0
695.0 530.0
696.0 606.0
697.0 721.0
698.0 641.0
699.0 499.0
700.0 729.0
701.0 762.0
702.0 771.0
703.0 714.0
704.0 577.0
705.0 681.0
706.0 471.0
707.0 553.0
708.0 574.0
709.0 676.0
710.0 519.0
711.0 586.0
712.0 492.0
713.0 500.0
714.0 595.0
715.0 570.0
716.0 585.0
717.0 499.0
718.0 625.0
719.0 508.0
720.0 520.0
721.0 554.0
722.0 613.0
723.0 606.0
724.0 627.0
725.0 646.0
726.0 730.0
727.0 570.0
728.0 581.0
729.0 604.0
730.0 623.0
731.0 523.0
732.0 585.0
733.0 631.0
734.0 585.0
735.0 575.0
736.0 421.0
737.0 458.0
738.0 426.0
739.0 392.0
740.0 385.0
741.0 478.0
742.0 375.0
743.0 439.0
744.0 448.0
745.0 426.0
746.0 506.0
747.0 343.0
748.0 480.0
749.0 433.0
750.0 590.0
751.0 505.0
752.0 596.0
753.0 764.0
754.0 789.0
755.0 265.0
756.0 0.0
757.0 0.0
758.0 0.0
759.0 114.0
760.0 112.0
761.0 96.0
762.0 110.0
763.0 97.0
764.0 112.0
765.0 125.0
766.0 113.0
767.0 103.0
768.0 120.0
769.0 114.0
770.0 94.0
771.0 105.0
772.0 113.0
773.0 116.0
774.0 116.0
775.0 89.0
776.0 100.0
777.0 92.0
778.0 121.0
779.0 123.0
780.0 104.0
781.0 84.0
782.0 123.0
783.0 114.0
784.0 111.0
785.0 89.0
786.0 100.0
787.0 118.0
788.0 123.0
789.0 118.0
790.0 86.0
791.0 98.0
792.0 95.0
793.0 104.0
794.0 115.0
795.0 120.0
796.0 99.0
797.0 102.0
798.0 115.0
799.0 104.0
