0.0 121.0
1.0 179.0
2.0 42.0
3.0 18.0
4.0 90.0
5.0 122.0
6.0 105.0
7.0 128.0
8.0 0.0
9.0 0.0
10.0 88.0
11.0 82.0
12.0 92.0
13.0 92.0
14.0 105.0
15.0 89.0
16.0 109.0
17.0 89.0
18.0 62.0
19.0 89.0
20.0 99.0
21.0 126.0
22.0 11.0
23.0 13.0
24.0 110.0
25.0 110.0
26.0 126.0
27.0 153.0
28.0 201.0
29.0 229.0
30.0 247.0
31.0 290.0
32.0 301.0
33.0 5.0
34.0 2.0
35.0 4.0
36.0 13.0
37.0 20.0
38.0 77.0
39.0 117.0
40.0 108.0
41.0 87.0
42.0 47.0
43.0 86.0
44.0 77.0
45.0 271.0
46.0 468.0
47.0 54.0
48.0 114.0
49.0 367.0
50.0 470.0
51.0 611.0
52.0 710.0
53.0 662.0
54.0 820.0
55.0 776.0
56.0 797.0
57.0 859.0
58.0 857.0
59.0 679.0
60.0 836.0
61.0 808.0
62.0 748.0
63.0 757.0
64.0 867.0
65.0 892.0
66.0 871.0
67.0 905.0
68.0 998.0
69.0 963.0
70.0 390.0
71.0 10.0
72.0 11.0
73.0 101.0
74.0 105.0
75.0 341.0
76.0 470.0
77.0 377.0
78.0 390.0
79.0 112.0
80.0 117.0
81.0 296.0
82.0 388.0
83.0 384.0
84.0 348.0
85.0 385.0
86.0 351.0
87.0 426.0
88.0 396.0
89.0 480.0
90.0 488.0
91.0 530.0
92.0 469.0
93.0 695.0
94.0 683.0
95.0 819.0
96.0 940.0
97.0 810.0
98.0 812.0
99.0 993.0
100.0 912.0
101.0 887.0
102.0 995.0
103.0 972.0
104.0 1030.0
105.0 919.0
106.0 576.0
107.0 108.0
108.0 120.0
109.0 776.0
110.0 1360.0
111.0 685.0
112.0 154.0
113.0 118.0
114.0 100.0
115.0 727.0
116.0 944.0
117.0 211.0
118.0 94.0
119.0 572.0
120.0 414.0
121.0 60.0
122.0 45.0
123.0 7.0
124.0 6.0
125.0 57.0
126.0 65.0
127.0 112.0
128.0 664.0
129.0 762.0
130.0 843.0
131.0 1050.0
132.0 1230.0
133.0 1170.0
134.0 1530.0
135.0 1590.0
136.0 1340.0
137.0 1680.0
138.0 1640.0
139.0 1470.0
140.0 1720.0
141.0 1520.0
142.0 1710.0
143.0 1700.0
144.0 1650.0
145.0 1730.0
146.0 1450.0
147.0 1630.0
148.0 1740.0
149.0 1660.0
150.0 1650.0
151.0 1180.0
152.0 1260.0
153.0 1410.0
154.0 1230.0
155.0 1050.0
156.0 1160.0
157.0 1140.0
158.0 195.0
159.0 84.0
160.0 738.0
161.0 669.0
162.0 885.0
163.0 905.0
164.0 663.0
165.0 752.0
166.0 566.0
167.0 490.0
168.0 103.0
169.0 123.0
170.0 108.0
171.0 105.0
172.0 94.0
173.0 89.0
174.0 101.0
175.0 103.0
176.0 111.0
177.0 405.0
178.0 530.0
179.0 811.0
180.0 648.0
181.0 637.0
182.0 283.0
183.0 23.0
184.0 3.0
185.0 7.0
186.0 9.0
187.0 6.0
188.0 7.0
189.0 80.0
190.0 62.0
191.0 30.0
192.0 20.0
193.0 17.0
194.0 65.0
195.0 109.0
196.0 103.0
197.0 118.0
198.0 239.0
199.0 273.0
200.0 53.0
201.0 15.0
202.0 24.0
203.0 1.0
204.0 6.0
205.0 12.0
206.0 61.0
207.0 80.0
208.0 93.0
209.0 100.0
210.0 119.0
211.0 384.0
212.0 312.0
213.0 576.0
214.0 544.0
215.0 550.0
216.0 620.0
217.0 512.0
218.0 136.0
219.0 104.0
220.0 110.0
221.0 498.0
222.0 383.0
223.0 103.0
224.0 84.0
225.0 728.0
226.0 368.0
227.0 37.0
228.0 20.0
229.0 33.0
230.0 42.0
231.0 181.0
232.0 86.0
233.0 419.0
234.0 616.0
235.0 646.0
236.0 701.0
237.0 643.0
238.0 726.0
239.0 790.0
240.0 798.0
241.0 978.0
242.0 873.0
243.0 1140.0
244.0 1240.0
245.0 1210.0
246.0 1220.0
247.0 1210.0
248.0 1350.0
249.0 1370.0
