0.0 237.0
1.0 108.0
2.0 95.0
3.0 100.0
4.0 219.0
5.0 268.0
6.0 264.0
7.0 282.0
8.0 329.0
9.0 349.0
10.0 352.0
11.0 215.0
12.0 292.0
13.0 321.0
14.0 361.0
15.0 385.0
16.0 371.0
17.0 379.0
18.0 351.0
19.0 407.0
20.0 432.0
21.0 409.0
22.0 274.0
23.0 338.0
24.0 448.0
25.0 530.0
26.0 549.0
27.0 792.0
28.0 834.0
29.0 768.0
30.0 355.0
31.0 582.0
32.0 690.0
33.0 739.0
34.0 744.0
35.0 765.0
36.0 593.0
37.0 288.0
38.0 0.0
39.0 108.0
40.0 116.0
41.0 95.0
42.0 649.0
43.0 473.0
44.0 617.0
45.0 613.0
46.0 321.0
47.0 109.0
48.0 109.0
49.0 40.0
50.0 764.0
51.0 775.0
52.0 771.0
53.0 662.0
54.0 809.0
55.0 718.0
56.0 814.0
57.0 834.0
58.0 744.0
59.0 829.0
60.0 742.0
61.0 542.0
62.0 22.0
63.0 28.0
64.0 0.0
65.0 6.0
66.0 31.0
67.0 121.0
68.0 92.0
69.0 118.0
70.0 352.0
71.0 316.0
72.0 28.0
73.0 22.0
74.0 67.0
75.0 40.0
76.0 47.0
77.0 84.0
78.0 95.0
79.0 291.0
80.0 357.0
81.0 259.0
82.0 322.0
83.0 330.0
84.0 316.0
85.0 314.0
86.0 377.0
87.0 348.0
88.0 435.0
89.0 505.0
90.0 475.0
91.0 580.0
92.0 477.0
93.0 524.0
94.0 503.0
95.0 742.0
96.0 736.0
97.0 782.0
98.0 668.0
99.0 104.0
100.0 91.0
101.0 116.0
102.0 213.0
103.0 598.0
104.0 824.0
105.0 710.0
106.0 598.0
107.0 568.0
108.0 526.0
109.0 550.0
110.0 591.0
111.0 587.0
112.0 818.0
113.0 839.0
114.0 799.0
115.0 728.0
116.0 727.0
117.0 947.0
118.0 1110.0
119.0 1060.0
120.0 1000.0
121.0 781.0
122.0 759.0
123.0 914.0
124.0 1150.0
125.0 1040.0
126.0 818.0
127.0 542.0
128.0 346.0
129.0 13.0
130.0 8.0
131.0 0.0
132.0 58.0
133.0 11.0
134.0 4.0
135.0 19.0
136.0 39.0
137.0 23.0
138.0 15.0
139.0 17.0
140.0 40.0
141.0 35.0
142.0 43.0
143.0 34.0
144.0 22.0
145.0 2.0
146.0 19.0
147.0 32.0
148.0 20.0
149.0 19.0
150.0 15.0
151.0 26.0
152.0 25.0
153.0 21.0
154.0 16.0
155.0 31.0
156.0 27.0
157.0 27.0
158.0 29.0
159.0 35.0
160.0 96.0
161.0 121.0
162.0 118.0
163.0 125.0
164.0 36.0
165.0 174.0
166.0 192.0
167.0 201.0
168.0 259.0
169.0 219.0
170.0 249.0
171.0 39.0
172.0 8.0
173.0 122.0
174.0 95.0
175.0 117.0
176.0 87.0
177.0 119.0
178.0 120.0
179.0 101.0
180.0 119.0
181.0 92.0
182.0 117.0
183.0 99.0
184.0 104.0
185.0 112.0
186.0 97.0
187.0 102.0
188.0 116.0
189.0 115.0
190.0 98.0
191.0 123.0
192.0 101.0
193.0 114.0
194.0 123.0
195.0 123.0
196.0 120.0
197.0 120.0
198.0 90.0
199.0 81.0
200.0 114.0
201.0 105.0
202.0 107.0
203.0 102.0
204.0 118.0
205.0 120.0
206.0 110.0
207.0 99.0
208.0 125.0
209.0 84.0
210.0 105.0
211.0 115.0
212.0 124.0
213.0 121.0
214.0 95.0
215.0 112.0
216.0 110.0
217.0 101.0
218.0 98.0
219.0 116.0
220.0 85.0
221.0 87.0
222.0 110.0
223.0 121.0
224.0 119.0
225.0 114.0
226.0 116.0
227.0 96.0
228.0 120.0
229.0 92.0
230.0 125.0
231.0 122.0
232.0 125.0
233.0 123.0
234.0 111.0
235.0 118.0
236.0 111.0
237.0 107.0
238.0 120.0
239.0 97.0
240.0 113.0
241.0 121.0
242.0 120.0
243.0 110.0
244.0 118.0
245.0 87.0
246.0 114.0
247.0 104.0
248.0 84.0
249.0 81.0
250.0 109.0
251.0 116.0
252.0 124.0
253.0 80.0
254.0 124.0
255.0 124.0
256.0 124.0
257.0 93.0
258.0 113.0
259.0 114.0
260.0 105.0
261.0 112.0
262.0 110.0
263.0 115.0
264.0 118.0
265.0 84.0
266.0 122.0
267.0 117.0
268.0 119.0
269.0 120.0
270.0 116.0
271.0 113.0
272.0 109.0
273.0 117.0
274.0 112.0
275.0 93.0
276.0 117.0
277.0 118.0
278.0 98.0
279.0 103.0
280.0 124.0
281.0 100.0
282.0 109.0
283.0 87.0
284.0 120.0
285.0 100.0
286.0 118.0
287.0 96.0
288.0 97.0
289.0 115.0
290.0 88.0
291.0 104.0
292.0 112.0
293.0 85.0
294.0 122.0
295.0 113.0
296.0 102.0
297.0 106.0
298.0 115.0
299.0 122.0
300.0 38.0
301.0 42.0
302.0 61.0
303.0 83.0
304.0 122.0
305.0 134.0
306.0 175.0
307.0 238.0
308.0 371.0
309.0 436.0
310.0 505.0
311.0 542.0
312.0 589.0
313.0 685.0
314.0 737.0
315.0 807.0
316.0 769.0
317.0 688.0
318.0 749.0
319.0 724.0
320.0 762.0
321.0 873.0
322.0 808.0
323.0 802.0
324.0 797.0
325.0 723.0
326.0 884.0
327.0 746.0
328.0 819.0
329.0 993.0
330.0 858.0
331.0 892.0
332.0 586.0
333.0 532.0
334.0 629.0
335.0 615.0
336.0 717.0
337.0 664.0
338.0 649.0
339.0 682.0
340.0 704.0
341.0 659.0
342.0 646.0
343.0 654.0
344.0 687.0
345.0 749.0
346.0 773.0
347.0 807.0
348.0 800.0
349.0 792.0
350.0 760.0
351.0 1010.0
352.0 1010.0
353.0 1110.0
354.0 827.0
355.0 1100.0
356.0 1270.0
357.0 1280.0
358.0 1180.0
359.0 1150.0
360.0 978.0
361.0 1200.0
362.0 1030.0
363.0 927.0
364.0 997.0
365.0 1070.0
366.0 1010.0
367.0 1020.0
368.0 1090.0
369.0 1100.0
370.0 1110.0
371.0 1170.0
372.0 1150.0
373.0 1090.0
374.0 970.0
375.0 959.0
376.0 854.0
377.0 925.0
378.0 1010.0
379.0 1030.0
380.0 927.0
381.0 1110.0
382.0 1010.0
383.0 981.0
384.0 1140.0
385.0 850.0
386.0 937.0
387.0 1100.0
388.0 950.0
389.0 1120.0
390.0 899.0
391.0 774.0
392.0 855.0
393.0 1020.0
394.0 740.0
395.0 901.0
396.0 824.0
397.0 913.0
398.0 650.0
399.0 713.0
400.0 660.0
401.0 822.0
402.0 786.0
403.0 791.0
404.0 859.0
405.0 601.0
406.0 544.0
407.0 822.0
408.0 461.0
409.0 18.0
410.0 19.0
411.0 305.0
412.0 673.0
413.0 525.0
414.0 429.0
415.0 532.0
416.0 761.0
417.0 475.0
418.0 108.0
419.0 85.0
420.0 126.0
421.0 717.0
422.0 935.0
423.0 766.0
424.0 793.0
425.0 740.0
426.0 806.0
427.0 873.0
428.0 871.0
429.0 984.0
430.0 1010.0
431.0 997.0
432.0 1050.0
433.0 1360.0
434.0 1260.0
435.0 1380.0
436.0 1440.0
437.0 1260.0
438.0 1310.0
439.0 1530.0
440.0 1620.0
441.0 1680.0
442.0 1690.0
443.0 1230.0
444.0 1680.0
445.0 1660.0
446.0 1550.0
447.0 1500.0
448.0 1560.0
449.0 1610.0
450.0 1510.0
451.0 1420.0
452.0 1650.0
453.0 1630.0
454.0 1230.0
455.0 1300.0
456.0 1250.0
457.0 1300.0
458.0 1390.0
459.0 1360.0
460.0 891.0
461.0 1170.0
462.0 1260.0
463.0 1240.0
464.0 1080.0
465.0 1130.0
466.0 952.0
467.0 728.0
468.0 749.0
469.0 776.0
470.0 803.0
471.0 966.0
472.0 1060.0
473.0 860.0
474.0 819.0
475.0 937.0
476.0 1030.0
477.0 825.0
478.0 795.0
479.0 811.0
480.0 698.0
481.0 803.0
482.0 841.0
483.0 857.0
484.0 945.0
485.0 984.0
486.0 904.0
487.0 978.0
488.0 836.0
489.0 983.0
490.0 817.0
491.0 1020.0
492.0 795.0
493.0 990.0
494.0 933.0
495.0 703.0
496.0 640.0
497.0 869.0
498.0 819.0
499.0 971.0
500.0 880.0
501.0 486.0
502.0 265.0
503.0 614.0
504.0 669.0
505.0 688.0
506.0 879.0
507.0 578.0
508.0 3.0
509.0 115.0
510.0 125.0
511.0 29.0
512.0 436.0
513.0 393.0
514.0 641.0
515.0 470.0
516.0 503.0
517.0 625.0
518.0 731.0
519.0 799.0
520.0 815.0
521.0 5.0
522.0 0.0
523.0 10.0
524.0 20.0
525.0 15.0
526.0 120.0
527.0 120.0
528.0 165.0
529.0 449.0
530.0 527.0
531.0 338.0
532.0 9.0
533.0 101.0
534.0 584.0
535.0 576.0
536.0 558.0
537.0 567.0
538.0 727.0
539.0 645.0
540.0 784.0
541.0 892.0
542.0 878.0
543.0 923.0
544.0 881.0
545.0 1080.0
546.0 1150.0
547.0 1110.0
548.0 1240.0
549.0 1210.0
550.0 1220.0
551.0 1310.0
552.0 1590.0
553.0 1480.0
554.0 1360.0
555.0 1570.0
556.0 1440.0
557.0 1490.0
558.0 1560.0
559.0 1480.0
560.0 1470.0
561.0 1440.0
562.0 1630.0
563.0 1410.0
564.0 1540.0
565.0 1540.0
566.0 1530.0
567.0 1600.0
568.0 1600.0
569.0 1480.0
570.0 1250.0
571.0 913.0
572.0 958.0
573.0 1080.0
574.0 464.0
575.0 10.0
576.0 0.0
577.0 0.0
578.0 29.0
579.0 6.0
580.0 0.0
581.0 31.0
582.0 21.0
583.0 0.0
584.0 37.0
585.0 14.0
586.0 43.0
587.0 11.0
588.0 11.0
589.0 33.0
590.0 17.0
591.0 9.0
592.0 19.0
593.0 20.0
594.0 29.0
595.0 27.0
596.0 13.0
597.0 119.0
598.0 106.0
599.0 112.0
600.0 172.0
601.0 212.0
602.0 228.0
603.0 316.0
604.0 410.0
605.0 478.0
606.0 380.0
607.0 507.0
608.0 468.0
609.0 505.0
610.0 534.0
611.0 577.0
612.0 648.0
613.0 848.0
614.0 863.0
615.0 822.0
616.0 506.0
617.0 22.0
618.0 93.0
619.0 113.0
620.0 159.0
621.0 846.0
622.0 819.0
623.0 708.0
624.0 825.0
625.0 957.0
626.0 1020.0
627.0 855.0
628.0 868.0
629.0 682.0
630.0 774.0
631.0 686.0
632.0 920.0
633.0 978.0
634.0 964.0
635.0 980.0
636.0 1030.0
637.0 1250.0
638.0 1150.0
639.0 1140.0
640.0 1090.0
641.0 1050.0
642.0 1050.0
643.0 1140.0
644.0 1070.0
645.0 1120.0
646.0 1260.0
647.0 1260.0
648.0 1250.0
649.0 1120.0
650.0 1150.0
651.0 1020.0
652.0 1020.0
653.0 1060.0
654.0 1230.0
655.0 1110.0
656.0 823.0
657.0 1060.0
658.0 1070.0
659.0 1090.0
660.0 960.0
661.0 1050.0
662.0 700.0
663.0 1050.0
664.0 803.0
665.0 922.0
666.0 348.0
667.0 756.0
668.0 699.0
669.0 782.0
670.0 298.0
671.0 448.0
672.0 551.0
673.0 628.0
674.0 511.0
675.0 579.0
676.0 615.0
677.0 554.0
678.0 478.0
679.0 128.0
680.0 1.0
681.0 0.0
682.0 125.0
683.0 90.0
684.0 124.0
685.0 156.0
686.0 354.0
687.0 426.0
688.0 377.0
689.0 513.0
690.0 396.0
691.0 259.0
692.0 423.0
693.0 456.0
694.0 509.0
695.0 578.0
696.0 583.0
697.0 763.0
698.0 844.0
699.0 788.0
700.0 725.0
701.0 796.0
702.0 754.0
703.0 823.0
704.0 949.0
705.0 852.0
706.0 826.0
707.0 850.0
708.0 762.0
709.0 842.0
710.0 836.0
711.0 886.0
712.0 925.0
713.0 918.0
714.0 852.0
715.0 844.0
716.0 785.0
717.0 930.0
718.0 891.0
719.0 906.0
720.0 875.0
721.0 744.0
722.0 785.0
723.0 770.0
724.0 773.0
725.0 885.0
726.0 878.0
727.0 877.0
728.0 838.0
729.0 897.0
730.0 860.0
731.0 890.0
732.0 810.0
733.0 840.0
734.0 937.0
735.0 855.0
736.0 849.0
737.0 829.0
738.0 833.0
739.0 852.0
740.0 897.0
741.0 857.0
742.0 876.0
743.0 945.0
744.0 1050.0
745.0 862.0
746.0 803.0
747.0 770.0
748.0 882.0
749.0 620.0
750.0 446.0
751.0 416.0
752.0 563.0
753.0 416.0
754.0 487.0
755.0 384.0
756.0 377.0
757.0 392.0
758.0 355.0
759.0 454.0
760.0 375.0
761.0 148.0
762.0 238.0
763.0 334.0
764.0 319.0
765.0 329.0
766.0 341.0
767.0 211.0
768.0 184.0
769.0 367.0
770.0 340.0
771.0 330.0
772.0 298.0
773.0 240.0
774.0 289.0
775.0 124.0
776.0 122.0
777.0 1.0
778.0 1.0
779.0 123.0
780.0 94.0
781.0 113.0
782.0 101.0
783.0 118.0
784.0 118.0
785.0 121.0
786.0 104.0
787.0 114.0
788.0 87.0
789.0 122.0
790.0 113.0
791.0 95.0
792.0 106.0
