0.0 125.0
1.0 211.0
2.0 323.0
3.0 454.0
4.0 481.0
5.0 343.0
6.0 0.0
7.0 105.0
8.0 125.0
9.0 207.0
10.0 366.0
11.0 202.0
12.0 88.0
13.0 268.0
14.0 580.0
15.0 633.0
16.0 779.0
17.0 630.0
18.0 781.0
19.0 111.0
20.0 104.0
21.0 95.0
22.0 100.0
23.0 113.0
24.0 107.0
25.0 117.0
26.0 97.0
27.0 88.0
28.0 95.0
29.0 171.0
30.0 276.0
31.0 342.0
32.0 309.0
33.0 321.0
34.0 309.0
35.0 98.0
36.0 114.0
37.0 116.0
38.0 21.0
39.0 95.0
40.0 114.0
41.0 109.0
42.0 121.0
43.0 62.0
44.0 18.0
45.0 78.0
46.0 114.0
47.0 123.0
48.0 86.0
49.0 124.0
50.0 121.0
51.0 109.0
52.0 109.0
53.0 110.0
54.0 89.0
55.0 120.0
56.0 105.0
57.0 118.0
58.0 116.0
59.0 108.0
60.0 80.0
61.0 471.0
62.0 763.0
63.0 833.0
64.0 909.0
65.0 276.0
66.0 106.0
67.0 122.0
68.0 358.0
69.0 953.0
70.0 725.0
71.0 739.0
72.0 888.0
73.0 370.0
74.0 816.0
75.0 396.0
76.0 463.0
77.0 129.0
78.0 163.0
79.0 123.0
80.0 169.0
81.0 161.0
82.0 119.0
83.0 103.0
84.0 83.0
85.0 92.0
86.0 268.0
87.0 562.0
88.0 617.0
89.0 691.0
90.0 748.0
91.0 830.0
92.0 895.0
93.0 939.0
94.0 813.0
95.0 800.0
96.0 873.0
97.0 512.0
98.0 112.0
99.0 104.0
100.0 362.0
101.0 110.0
102.0 124.0
103.0 122.0
104.0 81.0
105.0 89.0
106.0 121.0
107.0 122.0
108.0 118.0
109.0 91.0
110.0 102.0
111.0 105.0
112.0 119.0
113.0 124.0
114.0 121.0
115.0 106.0
116.0 120.0
117.0 106.0
118.0 103.0
119.0 104.0
120.0 109.0
121.0 116.0
122.0 118.0
123.0 98.0
124.0 387.0
125.0 644.0
126.0 605.0
127.0 673.0
128.0 673.0
129.0 116.0
130.0 96.0
131.0 374.0
132.0 793.0
133.0 974.0
134.0 958.0
135.0 784.0
136.0 858.0
137.0 688.0
138.0 1010.0
139.0 617.0
140.0 681.0
141.0 647.0
142.0 121.0
143.0 125.0
144.0 110.0
145.0 109.0
146.0 123.0
147.0 120.0
148.0 109.0
149.0 114.0
150.0 114.0
151.0 543.0
152.0 815.0
153.0 744.0
154.0 454.0
155.0 117.0
156.0 2.0
157.0 92.0
158.0 120.0
159.0 448.0
160.0 786.0
161.0 835.0
162.0 814.0
163.0 788.0
164.0 595.0
165.0 500.0
166.0 253.0
167.0 96.0
168.0 136.0
169.0 40.0
170.0 131.0
171.0 90.0
172.0 137.0
173.0 115.0
174.0 103.0
175.0 90.0
176.0 81.0
177.0 58.0
178.0 47.0
179.0 28.0
180.0 96.0
181.0 95.0
182.0 131.0
183.0 115.0
184.0 149.0
185.0 219.0
186.0 223.0
187.0 235.0
188.0 198.0
189.0 87.0
190.0 102.0
191.0 83.0
192.0 58.0
193.0 82.0
194.0 85.0
195.0 11.0
196.0 118.0
197.0 98.0
198.0 394.0
199.0 468.0
200.0 471.0
201.0 501.0
202.0 585.0
203.0 561.0
204.0 548.0
205.0 580.0
206.0 603.0
207.0 618.0
208.0 629.0
209.0 608.0
210.0 630.0
211.0 588.0
212.0 625.0
213.0 591.0
214.0 637.0
215.0 603.0
216.0 644.0
217.0 611.0
218.0 612.0
219.0 598.0
220.0 626.0
221.0 640.0
222.0 633.0
223.0 620.0
224.0 667.0
225.0 632.0
226.0 616.0
227.0 612.0
228.0 601.0
229.0 651.0
230.0 597.0
231.0 582.0
232.0 626.0
233.0 647.0
234.0 602.0
235.0 669.0
236.0 623.0
237.0 562.0
238.0 349.0
239.0 663.0
240.0 384.0
241.0 184.0
242.0 651.0
243.0 741.0
244.0 36.0
245.0 45.0
246.0 115.0
247.0 111.0
248.0 92.0
249.0 112.0
