0.0 93.0
1.0 125.0
2.0 117.0
3.0 123.0
4.0 86.0
5.0 88.0
6.0 122.0
7.0 111.0
8.0 122.0
9.0 85.0
10.0 80.0
11.0 125.0
12.0 89.0
13.0 116.0
14.0 104.0
15.0 105.0
16.0 93.0
17.0 125.0
18.0 113.0
19.0 88.0
20.0 87.0
21.0 244.0
22.0 429.0
23.0 482.0
24.0 319.0
25.0 10.0
26.0 93.0
27.0 106.0
28.0 111.0
29.0 122.0
30.0 112.0
31.0 113.0
32.0 119.0
33.0 225.0
34.0 273.0
35.0 126.0
36.0 29.0
37.0 19.0
38.0 15.0
39.0 25.0
40.0 23.0
41.0 123.0
42.0 125.0
43.0 98.0
44.0 114.0
45.0 120.0
46.0 124.0
47.0 95.0
48.0 120.0
49.0 122.0
50.0 118.0
51.0 117.0
52.0 116.0
53.0 100.0
54.0 105.0
55.0 87.0
56.0 117.0
57.0 100.0
58.0 112.0
59.0 101.0
60.0 99.0
61.0 105.0
62.0 120.0
63.0 124.0
64.0 118.0
65.0 120.0
66.0 123.0
67.0 99.0
68.0 122.0
69.0 125.0
70.0 113.0
71.0 110.0
72.0 118.0
73.0 112.0
74.0 94.0
75.0 110.0
76.0 103.0
77.0 82.0
78.0 88.0
79.0 112.0
80.0 107.0
81.0 121.0
82.0 90.0
83.0 123.0
84.0 103.0
85.0 105.0
86.0 87.0
87.0 122.0
88.0 111.0
89.0 108.0
90.0 87.0
91.0 121.0
92.0 285.0
93.0 376.0
94.0 369.0
95.0 180.0
96.0 326.0
97.0 404.0
98.0 59.0
99.0 97.0
100.0 43.0
101.0 124.0
102.0 21.0
103.0 8.0
104.0 123.0
105.0 108.0
106.0 337.0
107.0 593.0
108.0 821.0
109.0 874.0
110.0 878.0
111.0 978.0
112.0 680.0
113.0 703.0
114.0 651.0
115.0 280.0
116.0 463.0
117.0 446.0
118.0 519.0
119.0 324.0
120.0 234.0
121.0 94.0
122.0 0.0
123.0 0.0
124.0 118.0
125.0 110.0
126.0 99.0
127.0 106.0
128.0 118.0
129.0 125.0
130.0 122.0
131.0 112.0
132.0 124.0
133.0 111.0
134.0 16.0
135.0 21.0
136.0 25.0
137.0 48.0
138.0 56.0
139.0 15.0
140.0 3.0
141.0 0.0
142.0 0.0
143.0 3.0
144.0 113.0
145.0 124.0
146.0 114.0
147.0 103.0
148.0 94.0
149.0 194.0
150.0 221.0
151.0 238.0
152.0 230.0
153.0 238.0
154.0 127.0
155.0 41.0
156.0 14.0
157.0 113.0
158.0 121.0
159.0 113.0
160.0 117.0
161.0 116.0
162.0 120.0
163.0 20.0
164.0 125.0
165.0 222.0
166.0 327.0
167.0 406.0
168.0 415.0
169.0 466.0
170.0 387.0
171.0 117.0
172.0 29.0
173.0 346.0
174.0 444.0
175.0 0.0
176.0 4.0
177.0 10.0
178.0 3.0
179.0 7.0
180.0 2.0
181.0 11.0
182.0 17.0
183.0 5.0
184.0 0.0
185.0 0.0
186.0 0.0
187.0 0.0
188.0 1.0
189.0 118.0
190.0 96.0
191.0 108.0
192.0 122.0
193.0 101.0
194.0 109.0
195.0 43.0
196.0 67.0
197.0 50.0
198.0 92.0
199.0 125.0
200.0 169.0
201.0 285.0
202.0 437.0
203.0 509.0
204.0 552.0
205.0 518.0
206.0 35.0
207.0 0.0
208.0 3.0
209.0 0.0
210.0 119.0
211.0 102.0
212.0 120.0
213.0 116.0
214.0 115.0
215.0 98.0
216.0 111.0
217.0 111.0
218.0 84.0
219.0 93.0
220.0 120.0
221.0 99.0
222.0 99.0
223.0 102.0
224.0 125.0
225.0 124.0
226.0 121.0
227.0 95.0
228.0 110.0
229.0 80.0
230.0 123.0
231.0 123.0
232.0 104.0
233.0 111.0
234.0 123.0
235.0 104.0
236.0 111.0
237.0 122.0
238.0 124.0
239.0 98.0
240.0 115.0
241.0 111.0
242.0 116.0
243.0 119.0
244.0 99.0
245.0 85.0
246.0 120.0
247.0 117.0
248.0 103.0
249.0 100.0
