0.0 78.0
1.0 117.0
2.0 110.0
3.0 108.0
4.0 100.0
5.0 124.0
6.0 109.0
7.0 108.0
8.0 87.0
9.0 116.0
10.0 86.0
11.0 124.0
12.0 8.0
13.0 4.0
14.0 110.0
15.0 75.0
16.0 13.0
17.0 4.0
18.0 116.0
19.0 112.0
20.0 115.0
21.0 98.0
22.0 13.0
23.0 112.0
24.0 91.0
25.0 116.0
26.0 108.0
27.0 95.0
28.0 125.0
29.0 96.0
30.0 54.0
31.0 13.0
32.0 106.0
33.0 107.0
34.0 121.0
35.0 96.0
36.0 101.0
37.0 107.0
38.0 110.0
39.0 112.0
40.0 148.0
41.0 143.0
42.0 195.0
43.0 141.0
44.0 14.0
45.0 44.0
46.0 14.0
47.0 41.0
48.0 30.0
49.0 29.0
50.0 121.0
51.0 119.0
52.0 123.0
53.0 102.0
54.0 106.0
55.0 114.0
56.0 106.0
57.0 83.0
58.0 112.0
59.0 105.0
60.0 110.0
61.0 87.0
62.0 118.0
63.0 106.0
64.0 115.0
65.0 109.0
66.0 110.0
67.0 95.0
68.0 109.0
69.0 112.0
70.0 122.0
71.0 108.0
72.0 111.0
73.0 116.0
74.0 24.0
75.0 9.0
76.0 125.0
77.0 108.0
78.0 47.0
79.0 15.0
80.0 104.0
81.0 89.0
82.0 109.0
83.0 99.0
84.0 108.0
85.0 91.0
86.0 124.0
87.0 59.0
88.0 96.0
89.0 87.0
90.0 31.0
91.0 33.0
92.0 19.0
93.0 97.0
94.0 118.0
95.0 131.0
96.0 140.0
97.0 157.0
98.0 159.0
99.0 182.0
100.0 192.0
101.0 257.0
102.0 292.0
103.0 340.0
104.0 391.0
105.0 500.0
106.0 598.0
107.0 581.0
108.0 272.0
109.0 227.0
110.0 400.0
111.0 624.0
112.0 678.0
113.0 685.0
114.0 717.0
115.0 665.0
116.0 493.0
117.0 718.0
118.0 729.0
119.0 751.0
120.0 92.0
121.0 0.0
122.0 116.0
123.0 104.0
124.0 109.0
125.0 121.0
126.0 105.0
127.0 96.0
128.0 449.0
129.0 791.0
130.0 693.0
131.0 878.0
132.0 969.0
133.0 924.0
134.0 905.0
135.0 760.0
136.0 738.0
137.0 510.0
138.0 22.0
139.0 301.0
140.0 30.0
141.0 67.0
142.0 31.0
143.0 13.0
144.0 39.0
145.0 85.0
146.0 98.0
147.0 125.0
148.0 303.0
149.0 358.0
150.0 14.0
151.0 2.0
152.0 0.0
153.0 61.0
154.0 60.0
155.0 96.0
156.0 111.0
157.0 89.0
158.0 212.0
159.0 276.0
160.0 333.0
161.0 317.0
162.0 335.0
163.0 360.0
164.0 387.0
165.0 410.0
166.0 411.0
167.0 432.0
168.0 439.0
169.0 505.0
170.0 550.0
171.0 571.0
172.0 637.0
173.0 642.0
174.0 602.0
175.0 686.0
176.0 500.0
177.0 549.0
178.0 634.0
179.0 772.0
180.0 887.0
181.0 462.0
182.0 64.0
183.0 501.0
184.0 618.0
185.0 594.0
186.0 657.0
187.0 727.0
188.0 789.0
189.0 656.0
190.0 769.0
191.0 840.0
192.0 765.0
193.0 680.0
194.0 637.0
195.0 637.0
196.0 692.0
197.0 711.0
198.0 705.0
199.0 826.0
200.0 761.0
201.0 637.0
202.0 621.0
203.0 616.0
204.0 554.0
205.0 668.0
206.0 765.0
207.0 704.0
208.0 568.0
209.0 661.0
210.0 575.0
211.0 645.0
212.0 719.0
213.0 692.0
214.0 785.0
215.0 714.0
216.0 701.0
217.0 663.0
218.0 569.0
219.0 548.0
220.0 624.0
221.0 634.0
222.0 658.0
223.0 589.0
224.0 666.0
225.0 325.0
226.0 62.0
227.0 0.0
228.0 31.0
229.0 111.0
