0.0 87.0
1.0 27.0
2.0 76.0
3.0 96.0
4.0 104.0
5.0 66.0
6.0 1.0
7.0 0.0
8.0 89.0
9.0 156.0
10.0 297.0
11.0 575.0
12.0 590.0
13.0 586.0
14.0 557.0
15.0 390.0
16.0 429.0
17.0 510.0
18.0 532.0
19.0 571.0
20.0 597.0
21.0 614.0
22.0 555.0
23.0 583.0
24.0 570.0
25.0 471.0
26.0 536.0
27.0 321.0
28.0 415.0
29.0 561.0
30.0 600.0
31.0 375.0
32.0 66.0
33.0 385.0
34.0 457.0
35.0 380.0
36.0 520.0
37.0 525.0
38.0 543.0
39.0 444.0
40.0 191.0
41.0 207.0
42.0 397.0
43.0 279.0
44.0 154.0
45.0 181.0
46.0 180.0
47.0 268.0
48.0 303.0
49.0 320.0
50.0 333.0
51.0 326.0
52.0 312.0
53.0 333.0
54.0 320.0
55.0 331.0
56.0 347.0
57.0 363.0
58.0 385.0
59.0 454.0
60.0 316.0
61.0 0.0
62.0 0.0
63.0 0.0
64.0 0.0
65.0 104.0
66.0 125.0
67.0 105.0
68.0 0.0
69.0 0.0
70.0 0.0
71.0 0.0
72.0 0.0
73.0 15.0
74.0 103.0
75.0 88.0
76.0 183.0
77.0 25.0
78.0 0.0
79.0 0.0
80.0 0.0
81.0 0.0
82.0 0.0
83.0 78.0
84.0 106.0
85.0 126.0
86.0 37.0
87.0 0.0
88.0 0.0
89.0 0.0
90.0 0.0
91.0 0.0
92.0 22.0
93.0 89.0
94.0 165.0
95.0 175.0
96.0 182.0
97.0 184.0
98.0 184.0
99.0 180.0
100.0 184.0
101.0 186.0
102.0 185.0
103.0 186.0
104.0 209.0
105.0 235.0
106.0 262.0
107.0 274.0
108.0 347.0
109.0 362.0
110.0 356.0
111.0 518.0
112.0 445.0
113.0 411.0
114.0 627.0
115.0 412.0
116.0 361.0
117.0 328.0
118.0 90.0
119.0 33.0
120.0 20.0
121.0 22.0
122.0 27.0
123.0 27.0
124.0 28.0
125.0 27.0
126.0 30.0
127.0 31.0
128.0 18.0
129.0 34.0
130.0 36.0
131.0 42.0
132.0 45.0
133.0 49.0
134.0 51.0
135.0 44.0
136.0 49.0
137.0 32.0
138.0 106.0
139.0 124.0
140.0 76.0
141.0 101.0
142.0 102.0
143.0 110.0
144.0 78.0
145.0 112.0
146.0 99.0
147.0 94.0
148.0 82.0
149.0 32.0
150.0 35.0
151.0 77.0
152.0 117.0
153.0 101.0
154.0 113.0
155.0 88.0
156.0 103.0
157.0 96.0
158.0 107.0
159.0 84.0
160.0 122.0
161.0 107.0
162.0 79.0
163.0 106.0
164.0 92.0
165.0 105.0
166.0 106.0
167.0 122.0
168.0 122.0
169.0 109.0
170.0 115.0
171.0 101.0
172.0 115.0
173.0 88.0
174.0 109.0
175.0 122.0
176.0 117.0
177.0 124.0
178.0 92.0
179.0 93.0
180.0 107.0
181.0 121.0
182.0 113.0
183.0 121.0
184.0 121.0
185.0 98.0
186.0 124.0
187.0 108.0
188.0 104.0
189.0 115.0
190.0 119.0
191.0 123.0
192.0 100.0
193.0 125.0
194.0 120.0
195.0 99.0
196.0 112.0
197.0 94.0
198.0 95.0
199.0 123.0
200.0 117.0
201.0 91.0
202.0 111.0
203.0 103.0
204.0 85.0
205.0 101.0
206.0 98.0
207.0 124.0
208.0 110.0
209.0 110.0
210.0 121.0
211.0 92.0
212.0 95.0
213.0 121.0
214.0 99.0
215.0 107.0
216.0 108.0
217.0 124.0
218.0 122.0
219.0 104.0
220.0 113.0
221.0 98.0
222.0 98.0
223.0 117.0
224.0 105.0
225.0 89.0
226.0 104.0
227.0 114.0
228.0 124.0
229.0 123.0
230.0 95.0
231.0 119.0
232.0 94.0
233.0 111.0
234.0 111.0
235.0 100.0
236.0 125.0
237.0 114.0
238.0 103.0
239.0 91.0
240.0 101.0
241.0 113.0
242.0 109.0
243.0 109.0
244.0 119.0
245.0 91.0
246.0 93.0
247.0 120.0
248.0 80.0
249.0 114.0
250.0 110.0
251.0 110.0
252.0 110.0
253.0 102.0
254.0 114.0
255.0 120.0
256.0 115.0
257.0 124.0
258.0 110.0
259.0 109.0
260.0 106.0
261.0 109.0
262.0 79.0
263.0 122.0
264.0 119.0
265.0 112.0
266.0 111.0
267.0 94.0
268.0 117.0
269.0 86.0
270.0 110.0
271.0 125.0
272.0 113.0
273.0 123.0
274.0 93.0
275.0 89.0
276.0 113.0
277.0 108.0
278.0 95.0
279.0 97.0
280.0 112.0
281.0 111.0
282.0 125.0
283.0 119.0
284.0 103.0
285.0 124.0
286.0 120.0
287.0 116.0
288.0 121.0
289.0 100.0
290.0 41.0
291.0 44.0
292.0 47.0
293.0 56.0
294.0 61.0
295.0 75.0
296.0 89.0
297.0 112.0
298.0 143.0
299.0 172.0
300.0 239.0
301.0 241.0
302.0 377.0
303.0 475.0
304.0 567.0
305.0 669.0
306.0 795.0
307.0 885.0
308.0 853.0
309.0 882.0
310.0 1090.0
311.0 1010.0
312.0 764.0
313.0 956.0
314.0 1130.0
315.0 1160.0
316.0 1090.0
317.0 852.0
318.0 1170.0
319.0 1060.0
320.0 961.0
321.0 920.0
322.0 989.0
323.0 1250.0
324.0 1240.0
325.0 1170.0
326.0 1070.0
327.0 1220.0
328.0 1140.0
329.0 1020.0
330.0 1030.0
331.0 1140.0
332.0 1030.0
333.0 1120.0
334.0 1270.0
335.0 1110.0
336.0 1090.0
337.0 939.0
338.0 1190.0
339.0 1050.0
340.0 1030.0
341.0 900.0
342.0 1210.0
343.0 1020.0
344.0 684.0
345.0 977.0
346.0 1300.0
347.0 891.0
348.0 976.0
349.0 850.0
350.0 682.0
351.0 859.0
352.0 804.0
353.0 781.0
354.0 753.0
355.0 967.0
356.0 281.0
357.0 18.0
358.0 94.0
359.0 260.0
360.0 326.0
361.0 373.0
362.0 443.0
363.0 39.0
364.0 12.0
365.0 104.0
366.0 122.0
367.0 689.0
368.0 875.0
369.0 982.0
370.0 1110.0
371.0 917.0
372.0 935.0
373.0 909.0
374.0 1050.0
375.0 1260.0
376.0 1190.0
377.0 1270.0
378.0 1310.0
379.0 1290.0
380.0 1190.0
381.0 1210.0
382.0 997.0
383.0 1210.0
384.0 1220.0
385.0 1250.0
386.0 1300.0
387.0 1020.0
388.0 955.0
389.0 1150.0
390.0 1240.0
391.0 1270.0
392.0 1240.0
393.0 883.0
394.0 1090.0
395.0 1080.0
396.0 1250.0
397.0 1160.0
398.0 1110.0
399.0 1180.0
400.0 1020.0
401.0 1030.0
402.0 1090.0
403.0 1150.0
404.0 1180.0
405.0 934.0
406.0 1180.0
407.0 1180.0
408.0 917.0
409.0 1040.0
410.0 1190.0
411.0 1260.0
412.0 1050.0
413.0 1160.0
414.0 1120.0
415.0 1080.0
416.0 896.0
417.0 865.0
418.0 1020.0
419.0 1180.0
420.0 1070.0
421.0 1020.0
422.0 1100.0
423.0 905.0
424.0 676.0
425.0 670.0
426.0 962.0
427.0 945.0
428.0 1030.0
429.0 793.0
430.0 668.0
431.0 945.0
432.0 1030.0
433.0 1050.0
434.0 819.0
435.0 1030.0
436.0 336.0
437.0 354.0
438.0 500.0
439.0 743.0
440.0 709.0
441.0 671.0
442.0 794.0
443.0 701.0
444.0 861.0
445.0 837.0
446.0 753.0
447.0 848.0
448.0 743.0
449.0 530.0
450.0 36.0
451.0 0.0
452.0 0.0
453.0 1.0
454.0 112.0
455.0 98.0
456.0 0.0
457.0 0.0
458.0 0.0
459.0 0.0
460.0 42.0
461.0 50.0
462.0 441.0
463.0 358.0
464.0 485.0
465.0 656.0
466.0 745.0
467.0 775.0
468.0 777.0
469.0 815.0
470.0 993.0
471.0 976.0
472.0 108.0
473.0 0.0
474.0 106.0
475.0 95.0
476.0 0.0
477.0 0.0
478.0 108.0
479.0 888.0
480.0 940.0
481.0 909.0
482.0 1050.0
483.0 871.0
484.0 968.0
485.0 914.0
486.0 1090.0
487.0 992.0
488.0 874.0
489.0 848.0
490.0 1070.0
491.0 989.0
492.0 1060.0
493.0 1020.0
494.0 1100.0
495.0 1240.0
496.0 1220.0
497.0 1120.0
498.0 1240.0
499.0 1190.0
500.0 893.0
501.0 1250.0
502.0 1300.0
503.0 1300.0
504.0 1240.0
505.0 1030.0
506.0 1170.0
507.0 1070.0
508.0 1260.0
509.0 1150.0
510.0 944.0
511.0 1060.0
512.0 1240.0
513.0 1200.0
514.0 982.0
515.0 1040.0
516.0 507.0
517.0 307.0
518.0 324.0
519.0 11.0
520.0 1.0
521.0 0.0
522.0 22.0
523.0 0.0
524.0 7.0
525.0 112.0
526.0 145.0
527.0 202.0
528.0 250.0
529.0 242.0
530.0 271.0
531.0 317.0
532.0 295.0
533.0 308.0
534.0 330.0
535.0 406.0
536.0 444.0
537.0 479.0
538.0 507.0
539.0 555.0
540.0 168.0
541.0 3.0
542.0 116.0
543.0 88.0
544.0 122.0
545.0 571.0
546.0 876.0
547.0 956.0
548.0 1100.0
549.0 1130.0
550.0 1070.0
551.0 916.0
552.0 1140.0
553.0 1240.0
554.0 890.0
555.0 1290.0
556.0 1130.0
557.0 1060.0
558.0 1090.0
559.0 996.0
560.0 954.0
561.0 987.0
562.0 828.0
563.0 536.0
564.0 0.0
565.0 3.0
566.0 0.0
567.0 0.0
568.0 113.0
569.0 43.0
570.0 6.0
571.0 0.0
572.0 5.0
573.0 34.0
574.0 46.0
575.0 41.0
576.0 34.0
577.0 5.0
578.0 27.0
579.0 4.0
580.0 20.0
581.0 15.0
582.0 8.0
583.0 8.0
584.0 4.0
585.0 4.0
586.0 12.0
587.0 5.0
588.0 4.0
589.0 1.0
590.0 6.0
591.0 7.0
592.0 10.0
593.0 12.0
594.0 3.0
595.0 3.0
596.0 1.0
597.0 5.0
598.0 12.0
599.0 5.0
600.0 4.0
601.0 3.0
602.0 4.0
603.0 7.0
604.0 0.0
605.0 0.0
606.0 116.0
607.0 108.0
608.0 120.0
609.0 12.0
610.0 16.0
611.0 18.0
612.0 20.0
613.0 23.0
614.0 25.0
615.0 10.0
616.0 16.0
617.0 0.0
618.0 0.0
619.0 0.0
620.0 0.0
621.0 5.0
622.0 121.0
623.0 106.0
624.0 106.0
625.0 10.0
626.0 14.0
627.0 4.0
628.0 0.0
629.0 4.0
630.0 6.0
631.0 6.0
632.0 6.0
633.0 105.0
634.0 99.0
635.0 116.0
636.0 120.0
637.0 91.0
638.0 213.0
639.0 423.0
640.0 505.0
641.0 478.0
642.0 448.0
643.0 574.0
644.0 550.0
645.0 612.0
646.0 565.0
647.0 213.0
648.0 41.0
649.0 4.0
650.0 85.0
651.0 103.0
652.0 425.0
653.0 360.0
654.0 161.0
655.0 599.0
656.0 251.0
657.0 259.0
658.0 410.0
659.0 89.0
660.0 8.0
661.0 12.0
662.0 25.0
663.0 181.0
664.0 136.0
665.0 56.0
666.0 31.0
667.0 25.0
668.0 91.0
669.0 77.0
670.0 80.0
671.0 7.0
672.0 0.0
673.0 16.0
674.0 33.0
675.0 19.0
676.0 23.0
677.0 15.0
678.0 18.0
679.0 53.0
680.0 15.0
681.0 25.0
682.0 70.0
683.0 59.0
684.0 15.0
685.0 25.0
686.0 14.0
687.0 3.0
688.0 9.0
689.0 4.0
690.0 5.0
691.0 5.0
692.0 3.0
693.0 5.0
694.0 3.0
695.0 2.0
696.0 3.0
697.0 4.0
698.0 6.0
699.0 4.0
700.0 1.0
701.0 2.0
702.0 6.0
703.0 7.0
704.0 13.0
705.0 3.0
706.0 2.0
707.0 4.0
708.0 9.0
709.0 15.0
710.0 5.0
711.0 6.0
712.0 7.0
713.0 16.0
714.0 6.0
715.0 4.0
716.0 3.0
717.0 4.0
718.0 4.0
719.0 2.0
720.0 3.0
721.0 0.0
722.0 0.0
723.0 111.0
724.0 98.0
725.0 10.0
726.0 15.0
727.0 20.0
728.0 23.0
729.0 31.0
730.0 38.0
731.0 51.0
732.0 27.0
733.0 77.0
734.0 86.0
735.0 132.0
736.0 163.0
737.0 192.0
738.0 226.0
739.0 288.0
740.0 349.0
741.0 187.0
742.0 167.0
743.0 301.0
744.0 367.0
745.0 357.0
746.0 373.0
747.0 420.0
748.0 429.0
749.0 435.0
750.0 385.0
751.0 437.0
752.0 447.0
753.0 449.0
754.0 460.0
755.0 483.0
756.0 477.0
757.0 517.0
758.0 556.0
759.0 602.0
760.0 466.0
761.0 581.0
762.0 664.0
763.0 659.0
764.0 750.0
765.0 661.0
766.0 798.0
767.0 725.0
768.0 776.0
769.0 968.0
770.0 913.0
771.0 620.0
772.0 927.0
773.0 950.0
774.0 1030.0
775.0 990.0
776.0 825.0
777.0 871.0
778.0 1110.0
779.0 1100.0
780.0 961.0
781.0 901.0
782.0 923.0
783.0 1200.0
784.0 1240.0
785.0 1210.0
786.0 1030.0
787.0 1310.0
788.0 1130.0
789.0 1130.0
790.0 409.0
791.0 682.0
792.0 363.0
793.0 83.0
794.0 113.0
795.0 143.0
796.0 173.0
797.0 29.0
798.0 51.0
