0.0 66.0
1.0 93.0
2.0 280.0
3.0 458.0
4.0 447.0
5.0 436.0
6.0 532.0
7.0 653.0
8.0 612.0
9.0 792.0
10.0 960.0
11.0 926.0
12.0 1160.0
13.0 1190.0
14.0 1130.0
15.0 1310.0
16.0 1450.0
17.0 1720.0
18.0 1420.0
19.0 1160.0
20.0 1330.0
21.0 1200.0
22.0 1340.0
23.0 1420.0
24.0 1350.0
25.0 1480.0
26.0 1240.0
27.0 1210.0
28.0 1200.0
29.0 1280.0
30.0 1250.0
31.0 1540.0
32.0 1450.0
33.0 1200.0
34.0 513.0
35.0 70.0
36.0 89.0
37.0 96.0
38.0 154.0
39.0 118.0
40.0 124.0
41.0 248.0
42.0 641.0
43.0 1010.0
44.0 943.0
45.0 1130.0
46.0 1080.0
47.0 974.0
48.0 838.0
49.0 844.0
50.0 916.0
51.0 1010.0
52.0 841.0
53.0 948.0
54.0 1190.0
55.0 1090.0
56.0 1050.0
57.0 1070.0
58.0 934.0
59.0 120.0
60.0 94.0
61.0 78.0
62.0 92.0
63.0 117.0
64.0 125.0
65.0 760.0
66.0 767.0
67.0 749.0
68.0 786.0
69.0 757.0
70.0 982.0
71.0 892.0
72.0 689.0
73.0 837.0
74.0 885.0
75.0 892.0
76.0 1000.0
77.0 1080.0
78.0 963.0
79.0 869.0
80.0 940.0
81.0 995.0
82.0 956.0
83.0 803.0
84.0 949.0
85.0 748.0
86.0 935.0
87.0 701.0
88.0 745.0
89.0 857.0
90.0 732.0
91.0 307.0
92.0 465.0
93.0 850.0
94.0 862.0
95.0 736.0
96.0 792.0
97.0 765.0
98.0 805.0
99.0 727.0
100.0 720.0
101.0 1020.0
102.0 936.0
103.0 920.0
104.0 1200.0
105.0 1120.0
106.0 1080.0
107.0 1070.0
108.0 930.0
109.0 1140.0
110.0 1390.0
111.0 1070.0
112.0 1000.0
113.0 807.0
114.0 913.0
115.0 1060.0
116.0 887.0
117.0 329.0
118.0 117.0
119.0 87.0
120.0 124.0
121.0 101.0
122.0 113.0
123.0 99.0
124.0 107.0
125.0 111.0
126.0 123.0
127.0 109.0
128.0 88.0
129.0 123.0
130.0 101.0
131.0 80.0
132.0 122.0
133.0 103.0
134.0 124.0
135.0 103.0
136.0 96.0
137.0 110.0
138.0 98.0
139.0 116.0
140.0 123.0
141.0 101.0
142.0 124.0
143.0 117.0
144.0 117.0
145.0 100.0
146.0 100.0
147.0 103.0
148.0 122.0
149.0 85.0
150.0 96.0
151.0 110.0
152.0 124.0
153.0 121.0
154.0 107.0
155.0 120.0
156.0 90.0
157.0 99.0
158.0 109.0
159.0 89.0
160.0 122.0
161.0 120.0
162.0 121.0
163.0 103.0
164.0 101.0
165.0 106.0
166.0 113.0
167.0 109.0
168.0 104.0
169.0 114.0
170.0 30.0
171.0 112.0
172.0 123.0
173.0 125.0
174.0 113.0
175.0 111.0
176.0 122.0
177.0 77.0
178.0 120.0
179.0 110.0
180.0 315.0
181.0 366.0
182.0 487.0
183.0 514.0
184.0 457.0
185.0 516.0
186.0 220.0
187.0 96.0
188.0 726.0
189.0 1010.0
190.0 1010.0
191.0 480.0
192.0 78.0
193.0 113.0
194.0 1060.0
195.0 1040.0
196.0 1140.0
197.0 622.0
198.0 709.0
199.0 822.0
200.0 772.0
201.0 662.0
202.0 734.0
203.0 734.0
204.0 1060.0
205.0 1010.0
206.0 1250.0
207.0 1290.0
208.0 1340.0
209.0 1410.0
210.0 1240.0
211.0 1290.0
212.0 1640.0
213.0 1530.0
214.0 1190.0
215.0 1020.0
216.0 819.0
217.0 804.0
218.0 1210.0
219.0 972.0
220.0 929.0
221.0 926.0
222.0 801.0
223.0 756.0
224.0 828.0
225.0 967.0
226.0 970.0
227.0 966.0
228.0 1250.0
229.0 915.0
230.0 1110.0
231.0 1140.0
232.0 992.0
233.0 1120.0
234.0 1270.0
235.0 1060.0
236.0 341.0
237.0 10.0
238.0 7.0
239.0 117.0
240.0 116.0
241.0 92.0
242.0 97.0
243.0 1080.0
244.0 1270.0
245.0 1220.0
246.0 1160.0
247.0 1150.0
248.0 703.0
249.0 1170.0
250.0 1270.0
251.0 1250.0
252.0 1200.0
253.0 1450.0
254.0 1420.0
255.0 1200.0
256.0 760.0
257.0 174.0
258.0 121.0
259.0 113.0
260.0 1020.0
261.0 1020.0
262.0 888.0
263.0 990.0
264.0 1060.0
265.0 1010.0
266.0 1030.0
267.0 1080.0
268.0 1040.0
269.0 985.0
270.0 733.0
271.0 1010.0
272.0 1150.0
273.0 869.0
274.0 1130.0
275.0 1140.0
276.0 1120.0
277.0 391.0
278.0 69.0
279.0 13.0
280.0 145.0
281.0 340.0
282.0 123.0
283.0 118.0
284.0 989.0
285.0 990.0
286.0 1070.0
287.0 1100.0
288.0 1180.0
289.0 1050.0
290.0 933.0
291.0 983.0
292.0 1250.0
293.0 1030.0
294.0 1030.0
295.0 940.0
296.0 1090.0
297.0 1050.0
298.0 1020.0
299.0 937.0
300.0 1090.0
301.0 1090.0
302.0 1180.0
303.0 1290.0
304.0 1200.0
305.0 1130.0
306.0 1120.0
307.0 598.0
308.0 16.0
309.0 8.0
310.0 97.0
311.0 55.0
312.0 63.0
313.0 124.0
314.0 115.0
315.0 118.0
316.0 907.0
317.0 1040.0
318.0 1140.0
319.0 1040.0
320.0 937.0
321.0 1140.0
322.0 658.0
323.0 63.0
324.0 76.0
325.0 92.0
326.0 498.0
327.0 119.0
328.0 123.0
329.0 893.0
330.0 916.0
331.0 917.0
332.0 861.0
333.0 940.0
334.0 837.0
335.0 680.0
336.0 22.0
337.0 78.0
338.0 106.0
339.0 90.0
340.0 123.0
341.0 683.0
342.0 708.0
343.0 682.0
344.0 800.0
345.0 836.0
346.0 923.0
347.0 934.0
348.0 823.0
349.0 998.0
350.0 1150.0
351.0 1040.0
352.0 1180.0
353.0 1250.0
354.0 1020.0
355.0 1380.0
356.0 1430.0
357.0 1450.0
358.0 1680.0
359.0 1570.0
360.0 1450.0
361.0 1380.0
362.0 1550.0
363.0 1570.0
364.0 1350.0
365.0 1540.0
366.0 1430.0
367.0 1220.0
368.0 1410.0
369.0 1390.0
370.0 1400.0
371.0 1490.0
372.0 1320.0
373.0 1480.0
374.0 1320.0
375.0 1480.0
376.0 1130.0
377.0 1080.0
378.0 1250.0
379.0 1120.0
380.0 1010.0
381.0 861.0
382.0 1010.0
383.0 908.0
384.0 721.0
385.0 895.0
386.0 875.0
387.0 839.0
388.0 1130.0
389.0 930.0
390.0 858.0
391.0 897.0
392.0 825.0
393.0 956.0
394.0 762.0
395.0 6.0
396.0 77.0
397.0 117.0
398.0 739.0
399.0 765.0
400.0 783.0
401.0 760.0
402.0 790.0
403.0 907.0
404.0 916.0
405.0 780.0
406.0 944.0
407.0 874.0
408.0 998.0
409.0 845.0
410.0 984.0
411.0 635.0
412.0 957.0
413.0 813.0
414.0 997.0
415.0 1020.0
416.0 1120.0
417.0 1270.0
418.0 1080.0
419.0 1210.0
420.0 1250.0
421.0 1240.0
422.0 1090.0
423.0 599.0
424.0 358.0
425.0 67.0
426.0 352.0
427.0 203.0
428.0 112.0
429.0 40.0
430.0 122.0
431.0 142.0
432.0 103.0
433.0 113.0
434.0 402.0
435.0 470.0
436.0 470.0
437.0 509.0
438.0 510.0
439.0 520.0
440.0 543.0
441.0 510.0
442.0 685.0
443.0 681.0
444.0 760.0
445.0 720.0
446.0 912.0
447.0 983.0
448.0 983.0
449.0 937.0
450.0 1080.0
451.0 628.0
452.0 24.0
453.0 123.0
454.0 113.0
455.0 855.0
456.0 891.0
457.0 1050.0
458.0 1010.0
459.0 1090.0
460.0 1040.0
461.0 1230.0
462.0 1290.0
463.0 1170.0
464.0 1380.0
465.0 995.0
466.0 995.0
467.0 1420.0
468.0 1050.0
469.0 1290.0
470.0 1350.0
471.0 1230.0
472.0 1530.0
473.0 1270.0
474.0 1090.0
475.0 843.0
476.0 822.0
477.0 824.0
478.0 1040.0
479.0 959.0
480.0 923.0
481.0 860.0
482.0 843.0
483.0 920.0
484.0 973.0
485.0 838.0
486.0 907.0
487.0 962.0
488.0 1030.0
489.0 1320.0
490.0 1160.0
491.0 1250.0
492.0 1120.0
493.0 1440.0
494.0 1130.0
495.0 812.0
496.0 720.0
497.0 883.0
498.0 1070.0
499.0 894.0
500.0 640.0
501.0 678.0
502.0 583.0
503.0 692.0
504.0 739.0
505.0 573.0
506.0 354.0
507.0 14.0
508.0 0.0
509.0 1.0
510.0 19.0
511.0 4.0
512.0 2.0
513.0 0.0
514.0 0.0
515.0 78.0
516.0 109.0
517.0 81.0
518.0 122.0
519.0 102.0
520.0 104.0
521.0 104.0
522.0 100.0
523.0 116.0
524.0 113.0
525.0 123.0
526.0 84.0
527.0 82.0
528.0 125.0
529.0 120.0
530.0 125.0
531.0 100.0
532.0 94.0
533.0 118.0
534.0 112.0
535.0 99.0
536.0 716.0
537.0 457.0
538.0 105.0
539.0 171.0
540.0 489.0
541.0 343.0
542.0 79.0
543.0 84.0
544.0 123.0
545.0 202.0
546.0 105.0
547.0 103.0
548.0 114.0
549.0 107.0
550.0 122.0
551.0 69.0
552.0 87.0
553.0 71.0
554.0 72.0
555.0 115.0
556.0 95.0
557.0 105.0
558.0 88.0
559.0 122.0
560.0 440.0
561.0 100.0
562.0 95.0
563.0 74.0
564.0 48.0
565.0 85.0
566.0 72.0
567.0 74.0
568.0 152.0
569.0 530.0
570.0 625.0
571.0 665.0
572.0 714.0
573.0 693.0
574.0 624.0
575.0 480.0
576.0 591.0
577.0 166.0
578.0 84.0
579.0 114.0
580.0 122.0
581.0 107.0
582.0 110.0
583.0 101.0
584.0 123.0
585.0 119.0
586.0 81.0
587.0 118.0
588.0 116.0
589.0 117.0
590.0 112.0
591.0 113.0
592.0 80.0
593.0 112.0
594.0 109.0
595.0 86.0
596.0 124.0
597.0 123.0
598.0 124.0
599.0 114.0
600.0 104.0
601.0 124.0
602.0 124.0
603.0 99.0
604.0 92.0
605.0 121.0
606.0 104.0
607.0 839.0
608.0 876.0
609.0 934.0
610.0 1040.0
611.0 1040.0
612.0 915.0
613.0 572.0
614.0 882.0
615.0 1120.0
616.0 668.0
617.0 93.0
618.0 87.0
619.0 112.0
620.0 95.0
621.0 96.0
622.0 457.0
623.0 514.0
624.0 657.0
625.0 587.0
626.0 627.0
627.0 508.0
628.0 612.0
629.0 676.0
630.0 716.0
631.0 808.0
632.0 701.0
633.0 808.0
634.0 852.0
635.0 862.0
636.0 887.0
637.0 889.0
638.0 692.0
639.0 521.0
640.0 605.0
641.0 617.0
642.0 571.0
643.0 114.0
644.0 10.0
645.0 18.0
646.0 2.0
647.0 8.0
648.0 1.0
649.0 22.0
650.0 3.0
651.0 1.0
652.0 36.0
653.0 177.0
654.0 116.0
655.0 48.0
656.0 9.0
657.0 1.0
658.0 118.0
659.0 110.0
660.0 114.0
661.0 2.0
662.0 0.0
663.0 33.0
664.0 10.0
665.0 14.0
666.0 18.0
667.0 13.0
668.0 17.0
669.0 13.0
670.0 13.0
671.0 4.0
672.0 22.0
673.0 18.0
674.0 14.0
675.0 9.0
676.0 13.0
677.0 7.0
678.0 13.0
679.0 7.0
680.0 15.0
681.0 10.0
682.0 13.0
683.0 13.0
684.0 4.0
685.0 10.0
686.0 2.0
687.0 7.0
688.0 11.0
689.0 7.0
690.0 8.0
691.0 7.0
692.0 4.0
693.0 10.0
694.0 5.0
695.0 0.0
696.0 1.0
697.0 7.0
698.0 2.0
699.0 81.0
700.0 88.0
701.0 106.0
702.0 105.0
703.0 80.0
704.0 90.0
705.0 146.0
706.0 192.0
707.0 268.0
708.0 335.0
709.0 313.0
710.0 416.0
711.0 507.0
712.0 417.0
713.0 532.0
714.0 476.0
715.0 537.0
716.0 572.0
717.0 583.0
718.0 560.0
719.0 708.0
720.0 575.0
721.0 599.0
722.0 558.0
723.0 180.0
724.0 557.0
725.0 618.0
726.0 654.0
727.0 589.0
728.0 666.0
729.0 631.0
730.0 596.0
731.0 662.0
732.0 575.0
733.0 669.0
734.0 654.0
735.0 737.0
736.0 714.0
737.0 788.0
738.0 679.0
739.0 703.0
740.0 864.0
741.0 590.0
742.0 759.0
743.0 657.0
744.0 593.0
745.0 626.0
746.0 86.0
747.0 0.0
748.0 106.0
749.0 114.0
750.0 0.0
751.0 123.0
752.0 122.0
753.0 685.0
754.0 371.0
755.0 480.0
756.0 592.0
757.0 616.0
758.0 672.0
759.0 670.0
760.0 646.0
761.0 523.0
762.0 573.0
763.0 437.0
764.0 545.0
765.0 569.0
766.0 777.0
767.0 603.0
768.0 580.0
769.0 471.0
770.0 317.0
771.0 0.0
772.0 115.0
773.0 110.0
774.0 95.0
775.0 124.0
776.0 87.0
777.0 123.0
778.0 38.0
779.0 9.0
