0.0 115.0
1.0 103.0
2.0 123.0
3.0 42.0
4.0 91.0
5.0 35.0
6.0 87.0
7.0 103.0
8.0 114.0
9.0 280.0
10.0 425.0
11.0 85.0
12.0 121.0
13.0 103.0
14.0 99.0
15.0 110.0
16.0 98.0
17.0 109.0
18.0 15.0
19.0 107.0
20.0 100.0
21.0 117.0
22.0 108.0
23.0 101.0
24.0 105.0
25.0 61.0
26.0 56.0
27.0 52.0
28.0 38.0
29.0 69.0
30.0 37.0
31.0 114.0
32.0 93.0
33.0 115.0
34.0 128.0
35.0 106.0
36.0 542.0
37.0 527.0
38.0 20.0
39.0 81.0
40.0 98.0
41.0 116.0
42.0 107.0
43.0 114.0
44.0 101.0
45.0 119.0
46.0 111.0
47.0 110.0
48.0 110.0
49.0 109.0
50.0 111.0
51.0 111.0
52.0 586.0
53.0 588.0
54.0 543.0
55.0 731.0
56.0 691.0
57.0 124.0
58.0 661.0
59.0 47.0
60.0 28.0
61.0 41.0
62.0 76.0
63.0 217.0
64.0 512.0
65.0 124.0
66.0 126.0
67.0 241.0
68.0 501.0
69.0 487.0
70.0 396.0
71.0 392.0
72.0 154.0
73.0 27.0
74.0 69.0
75.0 122.0
76.0 106.0
77.0 95.0
78.0 99.0
79.0 100.0
80.0 585.0
81.0 686.0
82.0 125.0
83.0 736.0
84.0 729.0
85.0 851.0
86.0 881.0
87.0 730.0
88.0 791.0
89.0 935.0
90.0 102.0
91.0 113.0
92.0 931.0
93.0 893.0
94.0 1160.0
95.0 1130.0
96.0 609.0
97.0 123.0
98.0 217.0
99.0 819.0
100.0 917.0
101.0 914.0
102.0 770.0
103.0 679.0
104.0 689.0
105.0 574.0
106.0 295.0
107.0 436.0
108.0 68.0
109.0 117.0
110.0 123.0
111.0 127.0
112.0 133.0
113.0 105.0
114.0 106.0
115.0 844.0
116.0 840.0
117.0 409.0
118.0 362.0
119.0 88.0
120.0 88.0
121.0 337.0
122.0 258.0
123.0 377.0
124.0 282.0
125.0 111.0
126.0 114.0
127.0 106.0
128.0 114.0
129.0 120.0
130.0 119.0
131.0 62.0
132.0 85.0
133.0 227.0
134.0 565.0
135.0 432.0
136.0 62.0
137.0 81.0
138.0 111.0
139.0 104.0
140.0 16.0
141.0 380.0
142.0 534.0
143.0 550.0
144.0 617.0
145.0 642.0
146.0 690.0
147.0 107.0
148.0 118.0
149.0 123.0
150.0 722.0
151.0 715.0
152.0 747.0
153.0 754.0
154.0 719.0
155.0 794.0
156.0 100.0
157.0 901.0
158.0 818.0
159.0 404.0
160.0 65.0
161.0 51.0
162.0 68.0
163.0 128.0
164.0 158.0
165.0 178.0
166.0 208.0
167.0 238.0
168.0 220.0
169.0 160.0
170.0 94.0
171.0 134.0
172.0 207.0
173.0 761.0
174.0 788.0
175.0 860.0
176.0 116.0
177.0 107.0
178.0 77.0
179.0 89.0
180.0 92.0
181.0 114.0
182.0 111.0
183.0 95.0
184.0 123.0
185.0 121.0
186.0 115.0
187.0 95.0
188.0 121.0
189.0 1060.0
190.0 909.0
191.0 940.0
192.0 1060.0
193.0 1010.0
194.0 1050.0
195.0 1130.0
196.0 1050.0
197.0 1060.0
198.0 1060.0
199.0 1150.0
200.0 1140.0
201.0 1030.0
202.0 1020.0
203.0 1130.0
204.0 1320.0
205.0 812.0
206.0 146.0
207.0 418.0
208.0 337.0
209.0 68.0
210.0 173.0
211.0 206.0
212.0 947.0
213.0 1030.0
214.0 907.0
215.0 989.0
216.0 1240.0
217.0 1240.0
218.0 1280.0
219.0 1400.0
220.0 1410.0
221.0 1380.0
222.0 124.0
223.0 88.0
224.0 1270.0
225.0 1170.0
226.0 1240.0
227.0 117.0
228.0 1280.0
229.0 1370.0
230.0 1330.0
231.0 1350.0
232.0 1360.0
233.0 1390.0
234.0 1080.0
235.0 1070.0
236.0 1310.0
237.0 1250.0
238.0 1260.0
239.0 1220.0
240.0 1220.0
241.0 1050.0
242.0 576.0
243.0 408.0
244.0 931.0
245.0 708.0
246.0 663.0
247.0 520.0
248.0 136.0
249.0 11.0
