0.0 109.0
1.0 82.0
2.0 88.0
3.0 122.0
4.0 95.0
5.0 121.0
6.0 92.0
7.0 121.0
8.0 93.0
9.0 22.0
10.0 23.0
11.0 23.0
12.0 19.0
13.0 31.0
14.0 21.0
15.0 16.0
16.0 109.0
17.0 95.0
18.0 54.0
19.0 66.0
20.0 78.0
21.0 105.0
22.0 126.0
23.0 192.0
24.0 287.0
25.0 400.0
26.0 305.0
27.0 8.0
28.0 15.0
29.0 51.0
30.0 257.0
31.0 171.0
32.0 127.0
33.0 55.0
34.0 38.0
35.0 17.0
36.0 101.0
37.0 83.0
38.0 114.0
39.0 104.0
40.0 90.0
41.0 96.0
42.0 121.0
43.0 113.0
44.0 92.0
45.0 84.0
46.0 125.0
47.0 103.0
48.0 109.0
49.0 81.0
50.0 107.0
51.0 106.0
52.0 93.0
53.0 121.0
54.0 117.0
55.0 100.0
56.0 121.0
57.0 92.0
58.0 122.0
59.0 110.0
60.0 99.0
61.0 85.0
62.0 109.0
63.0 108.0
64.0 120.0
65.0 114.0
66.0 120.0
67.0 118.0
68.0 84.0
69.0 109.0
70.0 100.0
71.0 116.0
72.0 125.0
73.0 112.0
74.0 87.0
75.0 104.0
76.0 124.0
77.0 111.0
78.0 124.0
79.0 122.0
80.0 115.0
81.0 122.0
82.0 124.0
83.0 101.0
84.0 85.0
85.0 80.0
86.0 97.0
87.0 98.0
88.0 108.0
89.0 93.0
90.0 124.0
91.0 125.0
92.0 117.0
93.0 120.0
94.0 94.0
95.0 124.0
96.0 93.0
97.0 121.0
98.0 96.0
99.0 124.0
100.0 81.0
101.0 125.0
102.0 89.0
103.0 104.0
104.0 99.0
105.0 113.0
106.0 90.0
107.0 90.0
108.0 92.0
109.0 109.0
110.0 101.0
111.0 123.0
112.0 19.0
113.0 57.0
114.0 94.0
115.0 185.0
116.0 248.0
117.0 468.0
118.0 616.0
119.0 346.0
120.0 494.0
121.0 481.0
122.0 439.0
123.0 254.0
124.0 50.0
125.0 34.0
126.0 21.0
127.0 40.0
128.0 105.0
129.0 314.0
130.0 668.0
131.0 748.0
132.0 727.0
133.0 569.0
134.0 668.0
135.0 578.0
136.0 652.0
137.0 527.0
138.0 591.0
139.0 795.0
140.0 773.0
141.0 779.0
142.0 883.0
143.0 823.0
144.0 997.0
145.0 979.0
146.0 697.0
147.0 624.0
148.0 400.0
149.0 5.0
150.0 79.0
151.0 111.0
152.0 538.0
153.0 1020.0
154.0 1390.0
155.0 1030.0
156.0 1290.0
157.0 573.0
158.0 40.0
159.0 0.0
160.0 125.0
161.0 118.0
162.0 1350.0
163.0 1670.0
164.0 1510.0
165.0 677.0
166.0 535.0
167.0 189.0
168.0 1.0
169.0 96.0
170.0 107.0
171.0 115.0
172.0 635.0
173.0 833.0
174.0 689.0
175.0 797.0
176.0 874.0
177.0 640.0
178.0 10.0
179.0 2.0
180.0 6.0
181.0 119.0
182.0 95.0
183.0 219.0
184.0 10.0
185.0 9.0
186.0 110.0
187.0 119.0
188.0 630.0
189.0 348.0
190.0 213.0
191.0 449.0
192.0 445.0
193.0 424.0
194.0 410.0
195.0 407.0
196.0 421.0
197.0 453.0
198.0 258.0
199.0 200.0
200.0 147.0
201.0 193.0
202.0 121.0
203.0 117.0
204.0 105.0
205.0 341.0
206.0 235.0
207.0 197.0
208.0 237.0
209.0 207.0
210.0 223.0
211.0 269.0
212.0 241.0
213.0 177.0
214.0 260.0
215.0 227.0
216.0 232.0
217.0 78.0
218.0 2.0
219.0 0.0
220.0 0.0
221.0 110.0
222.0 97.0
223.0 96.0
224.0 79.0
