0.0 94.0
1.0 108.0
2.0 120.0
3.0 107.0
4.0 91.0
5.0 92.0
6.0 111.0
7.0 121.0
8.0 124.0
9.0 91.0
10.0 125.0
11.0 125.0
12.0 120.0
13.0 107.0
14.0 96.0
15.0 114.0
16.0 125.0
17.0 118.0
18.0 92.0
19.0 109.0
20.0 106.0
21.0 120.0
22.0 106.0
23.0 94.0
24.0 95.0
25.0 104.0
26.0 99.0
27.0 89.0
28.0 118.0
29.0 108.0
30.0 100.0
31.0 95.0
32.0 91.0
33.0 94.0
34.0 121.0
35.0 96.0
36.0 86.0
37.0 122.0
38.0 25.0
39.0 54.0
40.0 67.0
41.0 96.0
42.0 118.0
43.0 134.0
44.0 162.0
45.0 194.0
46.0 277.0
47.0 393.0
48.0 341.0
49.0 334.0
50.0 121.0
51.0 420.0
52.0 562.0
53.0 570.0
54.0 551.0
55.0 157.0
56.0 179.0
57.0 442.0
58.0 182.0
59.0 12.0
60.0 35.0
61.0 65.0
62.0 149.0
63.0 8.0
64.0 159.0
65.0 246.0
66.0 278.0
67.0 250.0
68.0 280.0
69.0 239.0
70.0 97.0
71.0 274.0
72.0 120.0
73.0 283.0
74.0 194.0
75.0 255.0
76.0 304.0
77.0 88.0
78.0 228.0
79.0 285.0
80.0 167.0
81.0 91.0
82.0 186.0
83.0 195.0
84.0 73.0
85.0 33.0
86.0 140.0
87.0 158.0
88.0 21.0
89.0 141.0
90.0 208.0
91.0 232.0
92.0 249.0
93.0 514.0
94.0 421.0
95.0 101.0
96.0 453.0
97.0 321.0
98.0 507.0
99.0 546.0
100.0 361.0
101.0 489.0
102.0 658.0
103.0 588.0
104.0 660.0
105.0 735.0
106.0 639.0
107.0 82.0
108.0 374.0
109.0 629.0
110.0 655.0
111.0 573.0
112.0 139.0
113.0 272.0
114.0 623.0
115.0 784.0
116.0 783.0
117.0 741.0
118.0 838.0
119.0 238.0
120.0 0.0
121.0 226.0
122.0 744.0
123.0 790.0
124.0 394.0
125.0 99.0
126.0 179.0
127.0 367.0
128.0 244.0
129.0 151.0
130.0 148.0
131.0 136.0
132.0 66.0
133.0 22.0
134.0 6.0
135.0 66.0
136.0 88.0
137.0 173.0
138.0 124.0
139.0 41.0
140.0 51.0
141.0 13.0
142.0 27.0
143.0 42.0
144.0 33.0
145.0 0.0
146.0 107.0
147.0 107.0
148.0 140.0
149.0 153.0
150.0 289.0
151.0 325.0
152.0 339.0
153.0 425.0
154.0 337.0
155.0 112.0
156.0 280.0
157.0 195.0
158.0 292.0
159.0 117.0
160.0 0.0
161.0 0.0
162.0 0.0
163.0 0.0
164.0 119.0
165.0 112.0
166.0 311.0
167.0 297.0
168.0 362.0
169.0 384.0
170.0 337.0
171.0 447.0
172.0 283.0
173.0 414.0
174.0 524.0
175.0 319.0
176.0 633.0
177.0 709.0
178.0 757.0
179.0 695.0
180.0 734.0
181.0 681.0
182.0 645.0
183.0 729.0
184.0 1480.0
185.0 1060.0
186.0 1500.0
187.0 849.0
188.0 1480.0
189.0 736.0
190.0 628.0
191.0 1400.0
192.0 1300.0
193.0 1360.0
194.0 942.0
195.0 1280.0
196.0 1340.0
197.0 1440.0
198.0 1350.0
199.0 1660.0
200.0 1520.0
201.0 1050.0
202.0 835.0
203.0 231.0
204.0 251.0
205.0 152.0
206.0 1210.0
207.0 1540.0
208.0 1150.0
209.0 1290.0
210.0 908.0
211.0 961.0
212.0 910.0
213.0 653.0
214.0 695.0
215.0 167.0
216.0 518.0
217.0 4.0
218.0 58.0
219.0 362.0
220.0 366.0
221.0 242.0
222.0 82.0
223.0 116.0
224.0 183.0
225.0 448.0
226.0 635.0
227.0 812.0
228.0 836.0
229.0 872.0
230.0 918.0
231.0 1120.0
232.0 1320.0
233.0 1420.0
234.0 1270.0
235.0 1230.0
236.0 1520.0
237.0 846.0
238.0 618.0
239.0 299.0
240.0 34.0
241.0 11.0
242.0 22.0
243.0 8.0
244.0 29.0
245.0 131.0
246.0 287.0
247.0 16.0
248.0 1.0
249.0 37.0
250.0 44.0
251.0 124.0
252.0 85.0
253.0 24.0
254.0 18.0
255.0 1.0
256.0 0.0
257.0 0.0
258.0 0.0
259.0 0.0
260.0 118.0
261.0 101.0
262.0 101.0
263.0 407.0
264.0 603.0
265.0 673.0
266.0 783.0
267.0 820.0
268.0 863.0
269.0 913.0
270.0 298.0
271.0 1040.0
272.0 1240.0
273.0 1210.0
274.0 1250.0
275.0 1280.0
276.0 1310.0
277.0 1310.0
278.0 874.0
279.0 865.0
280.0 1200.0
281.0 1240.0
282.0 1260.0
283.0 1280.0
284.0 1200.0
285.0 1230.0
286.0 1190.0
287.0 1250.0
288.0 1120.0
289.0 1180.0
290.0 1140.0
291.0 1120.0
292.0 1120.0
293.0 1120.0
294.0 1140.0
295.0 1050.0
296.0 778.0
297.0 340.0
298.0 2.0
299.0 0.0
300.0 0.0
301.0 0.0
302.0 10.0
303.0 106.0
304.0 112.0
305.0 418.0
306.0 8.0
307.0 6.0
308.0 3.0
309.0 7.0
310.0 0.0
311.0 34.0
312.0 125.0
313.0 100.0
314.0 689.0
315.0 94.0
316.0 96.0
317.0 303.0
318.0 750.0
319.0 647.0
320.0 802.0
321.0 749.0
322.0 314.0
323.0 488.0
324.0 115.0
325.0 91.0
326.0 634.0
327.0 623.0
328.0 114.0
329.0 110.0
330.0 664.0
331.0 539.0
332.0 89.0
333.0 92.0
334.0 123.0
335.0 368.0
336.0 673.0
337.0 189.0
338.0 3.0
339.0 3.0
340.0 0.0
341.0 102.0
342.0 124.0
343.0 107.0
344.0 222.0
345.0 532.0
346.0 633.0
347.0 691.0
348.0 679.0
349.0 606.0
350.0 678.0
351.0 595.0
352.0 704.0
353.0 777.0
354.0 930.0
355.0 781.0
356.0 673.0
357.0 1080.0
358.0 1140.0
359.0 915.0
360.0 1140.0
361.0 1370.0
362.0 1200.0
363.0 1030.0
364.0 1170.0
365.0 883.0
366.0 4.0
367.0 0.0
368.0 0.0
369.0 2.0
370.0 89.0
371.0 121.0
372.0 96.0
373.0 23.0
374.0 3.0
375.0 0.0
376.0 136.0
377.0 571.0
378.0 665.0
379.0 520.0
380.0 598.0
381.0 593.0
382.0 458.0
383.0 494.0
384.0 477.0
385.0 239.0
386.0 356.0
387.0 456.0
388.0 162.0
389.0 331.0
390.0 817.0
391.0 757.0
392.0 740.0
393.0 820.0
394.0 755.0
395.0 717.0
396.0 551.0
397.0 706.0
398.0 730.0
399.0 599.0
400.0 499.0
401.0 478.0
402.0 74.0
403.0 11.0
404.0 1.0
405.0 30.0
406.0 41.0
407.0 40.0
408.0 91.0
409.0 123.0
410.0 187.0
411.0 270.0
412.0 452.0
413.0 454.0
414.0 563.0
415.0 590.0
416.0 471.0
417.0 529.0
418.0 312.0
419.0 482.0
420.0 130.0
421.0 180.0
422.0 29.0
423.0 0.0
424.0 89.0
425.0 116.0
426.0 121.0
427.0 138.0
428.0 188.0
429.0 157.0
430.0 53.0
431.0 125.0
432.0 47.0
433.0 69.0
434.0 43.0
435.0 74.0
436.0 73.0
437.0 101.0
438.0 83.0
439.0 91.0
440.0 78.0
441.0 62.0
442.0 85.0
443.0 82.0
444.0 75.0
445.0 59.0
446.0 105.0
447.0 99.0
448.0 210.0
449.0 264.0
450.0 276.0
451.0 290.0
452.0 318.0
453.0 313.0
454.0 373.0
455.0 428.0
456.0 482.0
457.0 532.0
458.0 596.0
459.0 687.0
460.0 744.0
461.0 1010.0
462.0 1080.0
463.0 1170.0
464.0 1510.0
465.0 1670.0
466.0 1090.0
467.0 1450.0
468.0 1450.0
469.0 1570.0
470.0 1580.0
471.0 1510.0
472.0 1450.0
473.0 1240.0
474.0 1040.0
475.0 950.0
476.0 895.0
477.0 965.0
478.0 800.0
479.0 907.0
480.0 1080.0
481.0 975.0
482.0 1290.0
483.0 1050.0
484.0 882.0
485.0 1010.0
486.0 929.0
487.0 844.0
488.0 86.0
489.0 118.0
490.0 121.0
491.0 125.0
492.0 109.0
493.0 117.0
494.0 122.0
495.0 103.0
496.0 92.0
497.0 98.0
498.0 258.0
499.0 695.0
500.0 549.0
501.0 764.0
502.0 428.0
503.0 0.0
504.0 0.0
505.0 90.0
506.0 108.0
507.0 97.0
508.0 112.0
509.0 112.0
510.0 118.0
511.0 101.0
512.0 88.0
513.0 111.0
514.0 118.0
515.0 88.0
516.0 124.0
517.0 114.0
518.0 112.0
519.0 124.0
520.0 125.0
521.0 98.0
522.0 105.0
523.0 103.0
524.0 98.0
525.0 105.0
526.0 113.0
527.0 110.0
528.0 125.0
529.0 85.0
530.0 123.0
531.0 98.0
532.0 116.0
533.0 119.0
534.0 115.0
535.0 101.0
536.0 109.0
537.0 80.0
538.0 112.0
539.0 113.0
540.0 125.0
541.0 108.0
542.0 94.0
543.0 104.0
544.0 106.0
545.0 120.0
546.0 80.0
547.0 107.0
548.0 107.0
549.0 91.0
550.0 84.0
551.0 99.0
552.0 97.0
553.0 108.0
554.0 96.0
555.0 102.0
556.0 82.0
557.0 122.0
558.0 118.0
559.0 106.0
560.0 103.0
561.0 95.0
562.0 124.0
563.0 95.0
564.0 108.0
565.0 91.0
566.0 97.0
567.0 123.0
568.0 90.0
569.0 114.0
570.0 82.0
571.0 94.0
572.0 121.0
573.0 114.0
574.0 93.0
575.0 96.0
576.0 122.0
577.0 114.0
578.0 85.0
579.0 100.0
580.0 102.0
581.0 88.0
582.0 114.0
583.0 99.0
584.0 80.0
585.0 91.0
586.0 117.0
587.0 123.0
588.0 113.0
589.0 111.0
590.0 100.0
591.0 111.0
592.0 102.0
593.0 89.0
594.0 110.0
595.0 106.0
596.0 119.0
597.0 108.0
598.0 120.0
599.0 118.0
600.0 110.0
601.0 100.0
602.0 101.0
603.0 88.0
604.0 103.0
605.0 123.0
606.0 100.0
607.0 109.0
608.0 121.0
609.0 119.0
610.0 119.0
611.0 103.0
612.0 95.0
613.0 105.0
614.0 125.0
615.0 125.0
616.0 112.0
617.0 111.0
618.0 125.0
619.0 111.0
620.0 120.0
621.0 124.0
622.0 114.0
623.0 118.0
624.0 359.0
625.0 546.0
626.0 493.0
627.0 563.0
628.0 537.0
629.0 542.0
630.0 580.0
631.0 503.0
632.0 627.0
633.0 636.0
634.0 668.0
635.0 749.0
636.0 766.0
637.0 750.0
638.0 815.0
639.0 893.0
640.0 908.0
641.0 875.0
642.0 924.0
643.0 922.0
644.0 874.0
645.0 957.0
646.0 930.0
647.0 1150.0
648.0 1100.0
649.0 1040.0
650.0 1170.0
651.0 1000.0
652.0 870.0
653.0 843.0
654.0 938.0
655.0 773.0
656.0 1070.0
657.0 1140.0
658.0 786.0
659.0 830.0
660.0 773.0
661.0 641.0
662.0 337.0
663.0 43.0
664.0 14.0
665.0 4.0
666.0 23.0
667.0 72.0
668.0 11.0
669.0 14.0
670.0 11.0
671.0 14.0
672.0 88.0
673.0 118.0
674.0 303.0
675.0 539.0
676.0 633.0
677.0 717.0
678.0 844.0
679.0 851.0
680.0 1040.0
681.0 827.0
682.0 1000.0
683.0 1010.0
684.0 899.0
685.0 956.0
686.0 965.0
687.0 871.0
688.0 921.0
689.0 893.0
690.0 882.0
691.0 863.0
692.0 810.0
693.0 904.0
694.0 550.0
695.0 693.0
696.0 528.0
697.0 501.0
698.0 666.0
699.0 733.0
700.0 631.0
701.0 576.0
702.0 640.0
703.0 656.0
704.0 663.0
705.0 680.0
706.0 636.0
707.0 711.0
708.0 708.0
709.0 577.0
710.0 749.0
711.0 591.0
712.0 739.0
713.0 784.0
714.0 751.0
715.0 767.0
716.0 615.0
717.0 571.0
718.0 476.0
719.0 651.0
720.0 142.0
721.0 0.0
722.0 0.0
723.0 0.0
724.0 0.0
725.0 0.0
726.0 101.0
727.0 101.0
728.0 121.0
729.0 90.0
730.0 120.0
731.0 118.0
732.0 108.0
733.0 97.0
734.0 90.0
735.0 121.0
736.0 124.0
737.0 117.0
738.0 112.0
739.0 124.0
740.0 100.0
741.0 91.0
742.0 106.0
743.0 118.0
744.0 101.0
745.0 111.0
746.0 102.0
747.0 110.0
748.0 121.0
749.0 116.0
750.0 99.0
751.0 98.0
752.0 103.0
753.0 101.0
754.0 123.0
755.0 121.0
756.0 101.0
757.0 94.0
758.0 115.0
759.0 91.0
760.0 89.0
761.0 98.0
762.0 99.0
763.0 110.0
764.0 104.0
765.0 124.0
766.0 82.0
767.0 98.0
768.0 123.0
769.0 107.0
770.0 118.0
771.0 124.0
772.0 116.0
773.0 124.0
774.0 105.0
775.0 84.0
776.0 119.0
777.0 98.0
778.0 99.0
779.0 100.0
780.0 76.0
781.0 120.0
782.0 109.0
783.0 125.0
784.0 123.0
785.0 86.0
786.0 110.0
787.0 107.0
788.0 78.0
789.0 118.0
790.0 111.0
791.0 81.0
792.0 108.0
793.0 83.0
794.0 89.0
795.0 124.0
796.0 101.0
797.0 93.0
798.0 109.0
