0.0 87.0
1.0 176.0
2.0 766.0
3.0 802.0
4.0 876.0
5.0 889.0
6.0 924.0
7.0 786.0
8.0 348.0
9.0 0.0
10.0 0.0
11.0 15.0
12.0 7.0
13.0 27.0
14.0 19.0
15.0 29.0
16.0 81.0
17.0 115.0
18.0 560.0
19.0 580.0
20.0 557.0
21.0 900.0
22.0 811.0
23.0 591.0
24.0 633.0
25.0 653.0
26.0 643.0
27.0 744.0
28.0 820.0
29.0 785.0
30.0 897.0
31.0 719.0
32.0 1.0
33.0 77.0
34.0 104.0
35.0 125.0
36.0 119.0
37.0 87.0
38.0 88.0
39.0 119.0
40.0 116.0
41.0 109.0
42.0 124.0
43.0 125.0
44.0 123.0
45.0 105.0
46.0 107.0
47.0 85.0
48.0 91.0
49.0 122.0
50.0 94.0
51.0 118.0
52.0 110.0
53.0 108.0
54.0 106.0
55.0 98.0
56.0 125.0
57.0 118.0
58.0 120.0
59.0 119.0
60.0 107.0
61.0 115.0
62.0 110.0
63.0 104.0
64.0 103.0
65.0 107.0
66.0 106.0
67.0 122.0
68.0 111.0
69.0 96.0
70.0 101.0
71.0 109.0
72.0 63.0
73.0 92.0
74.0 71.0
75.0 87.0
76.0 97.0
77.0 90.0
78.0 110.0
79.0 94.0
80.0 154.0
81.0 201.0
82.0 237.0
83.0 331.0
84.0 344.0
85.0 326.0
86.0 365.0
87.0 370.0
88.0 307.0
89.0 113.0
90.0 119.0
91.0 347.0
92.0 376.0
93.0 613.0
94.0 636.0
95.0 547.0
96.0 434.0
97.0 453.0
98.0 421.0
99.0 458.0
100.0 465.0
101.0 422.0
102.0 465.0
103.0 446.0
104.0 518.0
105.0 490.0
106.0 518.0
107.0 453.0
108.0 525.0
109.0 590.0
110.0 552.0
111.0 544.0
112.0 637.0
113.0 588.0
114.0 606.0
115.0 583.0
116.0 703.0
117.0 659.0
118.0 755.0
119.0 91.0
120.0 119.0
121.0 246.0
122.0 715.0
123.0 746.0
124.0 822.0
125.0 650.0
126.0 473.0
127.0 191.0
128.0 28.0
129.0 0.0
130.0 20.0
131.0 9.0
132.0 30.0
133.0 32.0
134.0 2.0
135.0 13.0
136.0 53.0
137.0 24.0
138.0 20.0
139.0 36.0
140.0 21.0
141.0 19.0
142.0 17.0
143.0 124.0
144.0 118.0
145.0 216.0
146.0 229.0
147.0 293.0
148.0 350.0
149.0 407.0
150.0 424.0
151.0 435.0
152.0 452.0
153.0 497.0
154.0 542.0
155.0 208.0
156.0 424.0
157.0 468.0
158.0 533.0
159.0 512.0
160.0 481.0
161.0 472.0
162.0 551.0
163.0 556.0
164.0 399.0
165.0 24.0
166.0 6.0
167.0 52.0
168.0 38.0
169.0 43.0
170.0 83.0
171.0 113.0
172.0 117.0
173.0 102.0
174.0 123.0
175.0 120.0
176.0 125.0
177.0 102.0
178.0 97.0
179.0 112.0
180.0 120.0
181.0 98.0
182.0 114.0
183.0 84.0
184.0 107.0
185.0 112.0
186.0 106.0
187.0 108.0
188.0 94.0
189.0 110.0
190.0 105.0
191.0 92.0
192.0 113.0
193.0 114.0
194.0 99.0
195.0 114.0
196.0 111.0
197.0 118.0
198.0 105.0
199.0 91.0
200.0 115.0
201.0 110.0
202.0 114.0
203.0 121.0
204.0 110.0
205.0 91.0
206.0 110.0
207.0 118.0
208.0 124.0
209.0 112.0
210.0 93.0
211.0 122.0
212.0 119.0
213.0 112.0
214.0 118.0
215.0 110.0
216.0 87.0
217.0 123.0
218.0 90.0
219.0 122.0
220.0 111.0
221.0 100.0
222.0 100.0
223.0 117.0
224.0 116.0
225.0 114.0
226.0 123.0
227.0 124.0
228.0 97.0
229.0 124.0
230.0 109.0
231.0 125.0
232.0 105.0
233.0 94.0
234.0 89.0
235.0 121.0
236.0 83.0
237.0 113.0
238.0 119.0
239.0 116.0
240.0 88.0
241.0 105.0
242.0 120.0
243.0 123.0
244.0 114.0
245.0 106.0
246.0 86.0
247.0 90.0
248.0 122.0
249.0 121.0
250.0 123.0
251.0 95.0
252.0 116.0
253.0 89.0
254.0 114.0
255.0 118.0
256.0 93.0
257.0 92.0
258.0 124.0
259.0 118.0
260.0 113.0
261.0 97.0
262.0 110.0
263.0 94.0
264.0 121.0
265.0 99.0
266.0 99.0
267.0 119.0
268.0 99.0
269.0 119.0
270.0 107.0
271.0 119.0
272.0 123.0
273.0 104.0
274.0 119.0
275.0 114.0
276.0 107.0
277.0 92.0
278.0 113.0
279.0 103.0
280.0 104.0
281.0 99.0
282.0 124.0
283.0 114.0
284.0 98.0
285.0 118.0
286.0 114.0
287.0 105.0
288.0 113.0
289.0 105.0
290.0 112.0
291.0 107.0
292.0 120.0
293.0 99.0
294.0 114.0
295.0 115.0
296.0 95.0
297.0 110.0
298.0 117.0
299.0 123.0
300.0 79.0
301.0 111.0
302.0 171.0
303.0 239.0
304.0 302.0
305.0 378.0
306.0 397.0
307.0 437.0
308.0 448.0
309.0 511.0
310.0 547.0
311.0 521.0
312.0 657.0
313.0 620.0
314.0 601.0
315.0 527.0
316.0 572.0
317.0 658.0
318.0 695.0
319.0 666.0
320.0 677.0
321.0 714.0
322.0 664.0
323.0 850.0
324.0 800.0
325.0 737.0
326.0 874.0
327.0 839.0
328.0 1110.0
329.0 1030.0
330.0 1000.0
331.0 1070.0
332.0 902.0
333.0 1150.0
334.0 1090.0
335.0 982.0
336.0 1030.0
337.0 966.0
338.0 956.0
339.0 755.0
340.0 899.0
341.0 947.0
342.0 924.0
343.0 1320.0
344.0 1070.0
345.0 1140.0
346.0 1160.0
347.0 1340.0
348.0 1220.0
349.0 1160.0
350.0 1200.0
351.0 1090.0
352.0 1300.0
353.0 1080.0
354.0 1110.0
355.0 1360.0
356.0 1180.0
357.0 1300.0
358.0 1120.0
359.0 846.0
360.0 920.0
361.0 1030.0
362.0 1120.0
363.0 1030.0
364.0 963.0
365.0 643.0
366.0 967.0
367.0 1000.0
368.0 935.0
369.0 739.0
370.0 718.0
371.0 459.0
372.0 202.0
373.0 232.0
374.0 24.0
375.0 105.0
376.0 109.0
377.0 93.0
378.0 89.0
379.0 99.0
380.0 281.0
381.0 494.0
382.0 475.0
383.0 504.0
384.0 515.0
385.0 363.0
386.0 34.0
387.0 409.0
388.0 503.0
389.0 527.0
390.0 572.0
391.0 615.0
392.0 308.0
393.0 452.0
394.0 509.0
395.0 508.0
396.0 292.0
397.0 258.0
398.0 469.0
399.0 534.0
400.0 541.0
401.0 458.0
402.0 455.0
403.0 590.0
404.0 552.0
405.0 514.0
406.0 641.0
407.0 587.0
408.0 582.0
409.0 559.0
410.0 576.0
411.0 390.0
412.0 17.0
413.0 16.0
414.0 8.0
415.0 41.0
416.0 462.0
417.0 498.0
418.0 647.0
419.0 653.0
420.0 506.0
421.0 14.0
422.0 2.0
423.0 102.0
424.0 109.0
425.0 398.0
426.0 650.0
427.0 288.0
428.0 572.0
429.0 687.0
430.0 721.0
431.0 758.0
432.0 761.0
433.0 804.0
434.0 712.0
435.0 856.0
436.0 839.0
437.0 974.0
438.0 837.0
439.0 239.0
440.0 9.0
441.0 1.0
442.0 0.0
443.0 239.0
444.0 687.0
445.0 502.0
446.0 25.0
447.0 19.0
448.0 0.0
449.0 39.0
450.0 679.0
451.0 908.0
452.0 720.0
453.0 117.0
454.0 2.0
455.0 0.0
456.0 33.0
457.0 44.0
458.0 10.0
459.0 121.0
460.0 103.0
461.0 116.0
462.0 115.0
463.0 100.0
464.0 93.0
465.0 102.0
466.0 123.0
467.0 121.0
468.0 114.0
469.0 163.0
470.0 180.0
471.0 220.0
472.0 635.0
473.0 329.0
474.0 340.0
475.0 356.0
476.0 353.0
477.0 377.0
478.0 408.0
479.0 441.0
480.0 487.0
481.0 311.0
482.0 586.0
483.0 470.0
484.0 615.0
485.0 648.0
486.0 740.0
487.0 818.0
488.0 249.0
489.0 6.0
490.0 0.0
491.0 114.0
492.0 108.0
493.0 688.0
494.0 795.0
495.0 806.0
496.0 877.0
497.0 869.0
498.0 863.0
499.0 939.0
500.0 909.0
501.0 927.0
502.0 948.0
503.0 967.0
504.0 874.0
505.0 1010.0
506.0 1060.0
507.0 954.0
508.0 1050.0
509.0 1010.0
510.0 1070.0
511.0 978.0
512.0 948.0
513.0 951.0
514.0 1050.0
515.0 1000.0
516.0 1060.0
517.0 1020.0
518.0 1050.0
519.0 1210.0
520.0 1110.0
521.0 1270.0
522.0 1060.0
523.0 1160.0
524.0 985.0
525.0 1090.0
526.0 1140.0
527.0 1090.0
528.0 1030.0
529.0 1100.0
530.0 894.0
531.0 782.0
532.0 509.0
533.0 398.0
534.0 92.0
535.0 82.0
536.0 58.0
537.0 3.0
538.0 24.0
539.0 84.0
540.0 97.0
541.0 629.0
542.0 634.0
543.0 725.0
544.0 740.0
545.0 717.0
546.0 749.0
547.0 733.0
548.0 688.0
549.0 761.0
550.0 783.0
551.0 877.0
552.0 715.0
553.0 818.0
554.0 793.0
555.0 842.0
556.0 844.0
557.0 919.0
558.0 731.0
559.0 710.0
560.0 742.0
561.0 278.0
562.0 121.0
563.0 99.0
564.0 768.0
565.0 717.0
566.0 758.0
567.0 759.0
568.0 756.0
569.0 817.0
570.0 815.0
571.0 774.0
572.0 787.0
573.0 847.0
574.0 896.0
575.0 759.0
576.0 822.0
577.0 903.0
578.0 797.0
579.0 753.0
580.0 781.0
581.0 648.0
582.0 602.0
583.0 68.0
584.0 115.0
585.0 89.0
586.0 337.0
587.0 658.0
588.0 772.0
589.0 849.0
590.0 811.0
591.0 897.0
592.0 994.0
593.0 832.0
594.0 828.0
595.0 894.0
596.0 1060.0
597.0 905.0
598.0 477.0
599.0 845.0
600.0 941.0
601.0 819.0
602.0 825.0
603.0 756.0
604.0 926.0
605.0 354.0
606.0 6.0
607.0 0.0
608.0 12.0
609.0 86.0
610.0 21.0
611.0 110.0
612.0 108.0
613.0 683.0
614.0 823.0
615.0 705.0
616.0 275.0
617.0 29.0
618.0 122.0
619.0 79.0
620.0 229.0
621.0 617.0
622.0 692.0
623.0 694.0
624.0 673.0
625.0 775.0
626.0 730.0
627.0 671.0
628.0 452.0
629.0 635.0
630.0 223.0
631.0 104.0
632.0 113.0
633.0 95.0
634.0 777.0
635.0 754.0
636.0 716.0
637.0 704.0
638.0 633.0
639.0 742.0
640.0 809.0
641.0 809.0
642.0 883.0
643.0 678.0
644.0 757.0
645.0 761.0
646.0 786.0
647.0 677.0
648.0 701.0
649.0 753.0
650.0 696.0
651.0 725.0
652.0 747.0
653.0 768.0
654.0 849.0
655.0 877.0
656.0 737.0
657.0 887.0
658.0 857.0
659.0 799.0
660.0 1020.0
661.0 853.0
662.0 784.0
663.0 764.0
664.0 795.0
665.0 717.0
666.0 957.0
667.0 864.0
668.0 845.0
669.0 802.0
670.0 801.0
671.0 699.0
672.0 750.0
673.0 882.0
674.0 935.0
675.0 626.0
676.0 865.0
677.0 853.0
678.0 784.0
679.0 811.0
680.0 915.0
681.0 780.0
682.0 778.0
683.0 753.0
684.0 684.0
685.0 677.0
686.0 794.0
687.0 732.0
688.0 768.0
689.0 808.0
690.0 760.0
691.0 769.0
692.0 755.0
693.0 713.0
694.0 760.0
695.0 640.0
696.0 768.0
697.0 818.0
698.0 720.0
699.0 834.0
700.0 638.0
701.0 1000.0
702.0 806.0
703.0 863.0
704.0 803.0
705.0 730.0
706.0 829.0
707.0 791.0
708.0 876.0
709.0 971.0
710.0 826.0
711.0 838.0
712.0 857.0
713.0 959.0
714.0 807.0
715.0 779.0
716.0 927.0
717.0 870.0
718.0 831.0
719.0 886.0
720.0 960.0
721.0 878.0
722.0 809.0
723.0 755.0
724.0 699.0
725.0 546.0
726.0 803.0
727.0 206.0
728.0 19.0
729.0 0.0
730.0 3.0
731.0 4.0
732.0 0.0
733.0 5.0
734.0 2.0
735.0 0.0
736.0 2.0
737.0 5.0
738.0 78.0
739.0 98.0
740.0 90.0
741.0 120.0
742.0 6.0
743.0 55.0
744.0 16.0
745.0 2.0
746.0 7.0
747.0 8.0
748.0 12.0
749.0 6.0
750.0 9.0
751.0 7.0
752.0 10.0
753.0 4.0
754.0 6.0
755.0 6.0
756.0 8.0
757.0 9.0
758.0 14.0
759.0 111.0
760.0 122.0
761.0 105.0
762.0 90.0
763.0 117.0
764.0 124.0
765.0 121.0
766.0 101.0
767.0 96.0
768.0 108.0
769.0 85.0
770.0 102.0
771.0 125.0
772.0 109.0
773.0 114.0
774.0 98.0
775.0 88.0
776.0 100.0
777.0 125.0
778.0 92.0
779.0 109.0
780.0 121.0
781.0 113.0
782.0 109.0
783.0 125.0
784.0 120.0
785.0 113.0
786.0 107.0
787.0 107.0
788.0 95.0
789.0 111.0
