0.0 11.0
1.0 5.0
2.0 6.0
3.0 6.0
4.0 4.0
5.0 5.0
6.0 4.0
7.0 5.0
8.0 8.0
9.0 8.0
10.0 9.0
11.0 8.0
12.0 9.0
13.0 113.0
14.0 118.0
15.0 112.0
16.0 111.0
17.0 111.0
18.0 120.0
19.0 97.0
20.0 99.0
21.0 118.0
22.0 115.0
23.0 96.0
24.0 99.0
25.0 124.0
26.0 114.0
27.0 116.0
28.0 89.0
29.0 122.0
30.0 123.0
31.0 117.0
32.0 124.0
33.0 109.0
34.0 98.0
35.0 110.0
36.0 122.0
37.0 121.0
38.0 116.0
39.0 117.0
40.0 117.0
41.0 106.0
42.0 113.0
43.0 82.0
44.0 125.0
45.0 106.0
46.0 116.0
47.0 124.0
48.0 123.0
49.0 117.0
50.0 11.0
51.0 12.0
52.0 12.0
53.0 13.0
54.0 15.0
55.0 16.0
56.0 21.0
57.0 20.0
58.0 30.0
59.0 48.0
60.0 38.0
61.0 34.0
62.0 43.0
63.0 44.0
64.0 28.0
65.0 34.0
66.0 35.0
67.0 36.0
68.0 36.0
69.0 43.0
70.0 32.0
71.0 39.0
72.0 39.0
73.0 37.0
74.0 40.0
75.0 44.0
76.0 47.0
77.0 50.0
78.0 45.0
79.0 44.0
80.0 39.0
81.0 37.0
82.0 46.0
83.0 57.0
84.0 62.0
85.0 63.0
86.0 64.0
87.0 48.0
88.0 51.0
89.0 64.0
90.0 64.0
91.0 66.0
92.0 78.0
93.0 86.0
94.0 83.0
95.0 93.0
96.0 111.0
97.0 107.0
98.0 141.0
99.0 139.0
100.0 177.0
101.0 148.0
102.0 207.0
103.0 196.0
104.0 206.0
105.0 242.0
106.0 250.0
107.0 228.0
108.0 237.0
109.0 255.0
110.0 273.0
111.0 337.0
112.0 356.0
113.0 405.0
114.0 454.0
115.0 495.0
116.0 485.0
117.0 479.0
118.0 496.0
119.0 540.0
120.0 548.0
121.0 577.0
122.0 85.0
123.0 571.0
124.0 655.0
125.0 620.0
126.0 668.0
127.0 122.0
128.0 110.0
129.0 863.0
130.0 835.0
131.0 542.0
132.0 736.0
133.0 577.0
134.0 569.0
135.0 659.0
136.0 766.0
137.0 665.0
138.0 676.0
139.0 655.0
140.0 803.0
141.0 677.0
142.0 562.0
143.0 791.0
144.0 725.0
145.0 738.0
146.0 729.0
147.0 900.0
148.0 724.0
149.0 911.0
150.0 769.0
151.0 1190.0
152.0 937.0
153.0 816.0
154.0 841.0
155.0 1060.0
156.0 963.0
157.0 915.0
158.0 1240.0
159.0 1170.0
160.0 578.0
161.0 8.0
162.0 9.0
163.0 0.0
164.0 351.0
165.0 623.0
166.0 1070.0
167.0 1130.0
168.0 923.0
169.0 962.0
170.0 1220.0
171.0 1020.0
172.0 1270.0
173.0 1190.0
174.0 1340.0
175.0 1130.0
176.0 1410.0
177.0 1190.0
178.0 1230.0
179.0 1110.0
180.0 1530.0
181.0 1140.0
182.0 1280.0
183.0 1010.0
184.0 954.0
185.0 979.0
186.0 729.0
187.0 750.0
188.0 281.0
189.0 0.0
190.0 46.0
191.0 368.0
192.0 683.0
193.0 547.0
194.0 150.0
195.0 18.0
196.0 391.0
197.0 526.0
198.0 656.0
199.0 555.0
200.0 707.0
201.0 718.0
202.0 699.0
203.0 630.0
204.0 763.0
205.0 587.0
206.0 406.0
207.0 587.0
208.0 531.0
209.0 482.0
210.0 354.0
211.0 2.0
212.0 2.0
213.0 2.0
214.0 359.0
215.0 430.0
216.0 468.0
217.0 598.0
218.0 559.0
219.0 744.0
220.0 725.0
221.0 630.0
222.0 667.0
223.0 539.0
224.0 889.0
225.0 679.0
226.0 916.0
227.0 715.0
228.0 755.0
229.0 632.0
230.0 852.0
231.0 1040.0
232.0 1090.0
233.0 916.0
234.0 1120.0
235.0 998.0
236.0 809.0
237.0 832.0
238.0 752.0
239.0 578.0
240.0 667.0
241.0 730.0
242.0 667.0
243.0 91.0
244.0 735.0
245.0 549.0
246.0 536.0
247.0 667.0
248.0 490.0
249.0 641.0
250.0 544.0
251.0 490.0
252.0 510.0
253.0 614.0
254.0 539.0
255.0 561.0
256.0 524.0
257.0 623.0
258.0 544.0
259.0 423.0
260.0 487.0
261.0 609.0
262.0 465.0
263.0 314.0
264.0 0.0
265.0 0.0
266.0 0.0
267.0 0.0
268.0 3.0
269.0 21.0
270.0 14.0
271.0 6.0
272.0 7.0
273.0 31.0
274.0 10.0
275.0 43.0
276.0 116.0
277.0 99.0
278.0 175.0
279.0 195.0
280.0 198.0
281.0 240.0
282.0 238.0
283.0 234.0
284.0 314.0
285.0 322.0
286.0 271.0
287.0 464.0
288.0 300.0
289.0 190.0
290.0 223.0
291.0 291.0
292.0 122.0
293.0 114.0
294.0 250.0
295.0 293.0
296.0 325.0
297.0 241.0
298.0 312.0
299.0 316.0
300.0 359.0
301.0 372.0
302.0 279.0
303.0 355.0
304.0 343.0
305.0 368.0
306.0 409.0
307.0 403.0
308.0 437.0
309.0 406.0
310.0 377.0
311.0 515.0
312.0 445.0
313.0 422.0
314.0 542.0
315.0 470.0
316.0 469.0
317.0 547.0
318.0 659.0
319.0 548.0
320.0 457.0
321.0 444.0
322.0 489.0
323.0 389.0
324.0 402.0
325.0 598.0
326.0 454.0
327.0 499.0
328.0 524.0
329.0 501.0
330.0 516.0
331.0 478.0
332.0 493.0
333.0 484.0
334.0 510.0
335.0 474.0
336.0 661.0
337.0 655.0
338.0 458.0
339.0 473.0
340.0 523.0
341.0 550.0
342.0 485.0
343.0 612.0
344.0 637.0
345.0 600.0
346.0 107.0
347.0 94.0
348.0 721.0
349.0 731.0
350.0 748.0
351.0 821.0
352.0 112.0
353.0 903.0
354.0 929.0
355.0 902.0
356.0 911.0
357.0 805.0
358.0 623.0
359.0 652.0
360.0 721.0
361.0 744.0
362.0 669.0
363.0 915.0
364.0 836.0
365.0 736.0
366.0 813.0
367.0 762.0
368.0 718.0
369.0 704.0
370.0 698.0
371.0 636.0
372.0 616.0
373.0 672.0
374.0 476.0
375.0 498.0
376.0 578.0
377.0 467.0
378.0 78.0
379.0 1.0
380.0 5.0
381.0 21.0
382.0 289.0
383.0 235.0
384.0 271.0
385.0 45.0
386.0 53.0
387.0 15.0
388.0 0.0
389.0 0.0
390.0 25.0
391.0 103.0
392.0 142.0
393.0 146.0
394.0 171.0
395.0 220.0
396.0 273.0
397.0 399.0
398.0 335.0
399.0 321.0
400.0 393.0
401.0 30.0
402.0 16.0
403.0 22.0
404.0 2.0
405.0 18.0
406.0 27.0
407.0 68.0
408.0 34.0
409.0 2.0
410.0 8.0
411.0 9.0
412.0 19.0
413.0 41.0
414.0 2.0
415.0 17.0
416.0 17.0
417.0 29.0
418.0 150.0
419.0 87.0
420.0 107.0
421.0 122.0
422.0 130.0
423.0 155.0
424.0 122.0
425.0 150.0
426.0 217.0
427.0 272.0
428.0 302.0
429.0 301.0
430.0 362.0
431.0 352.0
432.0 420.0
433.0 432.0
434.0 492.0
435.0 458.0
436.0 528.0
437.0 560.0
438.0 581.0
439.0 632.0
440.0 564.0
441.0 757.0
442.0 715.0
443.0 689.0
444.0 825.0
445.0 785.0
446.0 714.0
447.0 628.0
448.0 804.0
449.0 753.0
450.0 858.0
451.0 919.0
452.0 912.0
453.0 869.0
454.0 782.0
455.0 662.0
456.0 579.0
457.0 596.0
458.0 692.0
459.0 543.0
460.0 119.0
461.0 95.0
462.0 373.0
463.0 373.0
464.0 195.0
465.0 201.0
466.0 5.0
467.0 10.0
468.0 1.0
469.0 0.0
470.0 125.0
471.0 89.0
472.0 4.0
473.0 3.0
474.0 9.0
475.0 12.0
476.0 2.0
477.0 11.0
478.0 5.0
479.0 5.0
480.0 10.0
481.0 5.0
482.0 104.0
483.0 125.0
484.0 3.0
485.0 9.0
486.0 10.0
487.0 7.0
488.0 6.0
489.0 7.0
490.0 3.0
491.0 6.0
492.0 6.0
493.0 117.0
494.0 86.0
495.0 89.0
496.0 89.0
497.0 92.0
498.0 6.0
499.0 5.0
500.0 2.0
501.0 7.0
502.0 8.0
503.0 7.0
504.0 6.0
505.0 7.0
506.0 6.0
507.0 14.0
508.0 11.0
509.0 6.0
510.0 5.0
511.0 7.0
512.0 9.0
513.0 11.0
514.0 8.0
515.0 6.0
516.0 11.0
517.0 13.0
518.0 12.0
519.0 14.0
520.0 14.0
521.0 15.0
522.0 17.0
523.0 22.0
524.0 32.0
525.0 40.0
526.0 43.0
527.0 26.0
528.0 54.0
529.0 53.0
530.0 31.0
531.0 65.0
532.0 52.0
533.0 48.0
534.0 51.0
535.0 47.0
536.0 53.0
537.0 51.0
538.0 48.0
539.0 50.0
540.0 52.0
541.0 62.0
542.0 39.0
543.0 53.0
544.0 41.0
545.0 25.0
546.0 111.0
547.0 103.0
548.0 122.0
549.0 125.0
550.0 96.0
551.0 113.0
552.0 110.0
553.0 93.0
554.0 97.0
555.0 124.0
556.0 114.0
557.0 115.0
558.0 75.0
559.0 123.0
560.0 93.0
561.0 113.0
562.0 122.0
563.0 111.0
564.0 119.0
565.0 107.0
566.0 115.0
567.0 93.0
568.0 84.0
569.0 118.0
570.0 103.0
571.0 120.0
572.0 121.0
573.0 102.0
574.0 101.0
575.0 114.0
576.0 85.0
577.0 119.0
578.0 88.0
579.0 117.0
580.0 78.0
581.0 104.0
582.0 125.0
583.0 108.0
584.0 85.0
585.0 98.0
586.0 107.0
587.0 103.0
588.0 118.0
589.0 110.0
590.0 96.0
591.0 103.0
592.0 109.0
593.0 124.0
594.0 125.0
595.0 114.0
596.0 113.0
597.0 104.0
598.0 125.0
599.0 106.0
600.0 114.0
601.0 124.0
602.0 101.0
603.0 118.0
604.0 107.0
605.0 86.0
606.0 103.0
607.0 108.0
608.0 122.0
609.0 117.0
610.0 88.0
611.0 117.0
612.0 105.0
613.0 93.0
614.0 81.0
615.0 124.0
616.0 117.0
617.0 124.0
618.0 122.0
619.0 120.0
620.0 124.0
621.0 97.0
622.0 98.0
623.0 120.0
624.0 125.0
625.0 93.0
626.0 100.0
627.0 103.0
628.0 100.0
629.0 114.0
630.0 118.0
631.0 85.0
632.0 116.0
633.0 85.0
634.0 115.0
635.0 119.0
636.0 104.0
637.0 107.0
638.0 96.0
639.0 114.0
640.0 115.0
641.0 99.0
642.0 125.0
643.0 111.0
644.0 122.0
645.0 90.0
646.0 103.0
647.0 121.0
648.0 114.0
649.0 113.0
650.0 112.0
651.0 118.0
652.0 119.0
653.0 109.0
654.0 98.0
655.0 96.0
656.0 122.0
657.0 121.0
658.0 119.0
659.0 117.0
660.0 87.0
661.0 111.0
662.0 117.0
663.0 86.0
664.0 7.0
665.0 8.0
666.0 8.0
667.0 8.0
668.0 4.0
669.0 8.0
670.0 6.0
671.0 5.0
672.0 3.0
673.0 4.0
674.0 7.0
675.0 6.0
676.0 4.0
677.0 7.0
678.0 5.0
679.0 7.0
680.0 5.0
681.0 5.0
682.0 7.0
683.0 6.0
684.0 6.0
685.0 5.0
686.0 7.0
687.0 7.0
688.0 5.0
689.0 5.0
690.0 7.0
691.0 3.0
692.0 4.0
693.0 3.0
694.0 6.0
695.0 3.0
696.0 3.0
697.0 4.0
698.0 3.0
699.0 2.0
700.0 3.0
701.0 3.0
702.0 3.0
703.0 3.0
704.0 3.0
705.0 4.0
706.0 2.0
707.0 3.0
708.0 117.0
709.0 75.0
710.0 3.0
711.0 1.0
712.0 3.0
713.0 3.0
714.0 3.0
715.0 2.0
716.0 98.0
717.0 103.0
718.0 3.0
719.0 4.0
720.0 3.0
721.0 3.0
722.0 4.0
723.0 3.0
724.0 2.0
725.0 99.0
726.0 123.0
727.0 91.0
728.0 84.0
729.0 107.0
730.0 94.0
731.0 97.0
732.0 102.0
733.0 107.0
734.0 107.0
735.0 120.0
736.0 107.0
737.0 100.0
738.0 119.0
739.0 124.0
740.0 104.0
741.0 124.0
742.0 106.0
743.0 125.0
744.0 107.0
745.0 98.0
746.0 110.0
747.0 125.0
748.0 105.0
749.0 97.0
750.0 101.0
751.0 117.0
752.0 119.0
753.0 114.0
754.0 91.0
755.0 100.0
756.0 79.0
757.0 109.0
758.0 97.0
759.0 114.0
760.0 84.0
761.0 113.0
762.0 97.0
763.0 92.0
764.0 113.0
765.0 114.0
766.0 105.0
767.0 118.0
768.0 95.0
769.0 120.0
770.0 99.0
771.0 98.0
772.0 90.0
773.0 105.0
774.0 124.0
775.0 105.0
776.0 85.0
777.0 123.0
778.0 106.0
779.0 77.0
780.0 96.0
781.0 115.0
782.0 107.0
783.0 99.0
784.0 91.0
785.0 117.0
786.0 122.0
787.0 109.0
788.0 99.0
789.0 85.0
790.0 98.0
791.0 109.0
792.0 109.0
793.0 118.0
794.0 123.0
795.0 125.0
796.0 110.0
797.0 112.0
798.0 97.0
