0.0 123.0
1.0 124.0
2.0 120.0
3.0 96.0
4.0 118.0
5.0 97.0
6.0 90.0
7.0 117.0
8.0 104.0
9.0 111.0
10.0 114.0
11.0 105.0
12.0 97.0
13.0 108.0
14.0 121.0
15.0 83.0
16.0 121.0
17.0 120.0
18.0 122.0
19.0 116.0
20.0 96.0
21.0 110.0
22.0 111.0
23.0 84.0
24.0 84.0
25.0 102.0
26.0 112.0
27.0 95.0
28.0 120.0
29.0 90.0
30.0 105.0
31.0 73.0
32.0 91.0
33.0 108.0
34.0 128.0
35.0 146.0
36.0 154.0
37.0 204.0
38.0 171.0
39.0 0.0
40.0 125.0
41.0 120.0
42.0 76.0
43.0 86.0
44.0 108.0
45.0 125.0
46.0 94.0
47.0 116.0
48.0 96.0
49.0 91.0
50.0 102.0
51.0 121.0
52.0 100.0
53.0 111.0
54.0 113.0
55.0 111.0
56.0 119.0
57.0 122.0
58.0 83.0
59.0 99.0
60.0 90.0
61.0 96.0
62.0 122.0
63.0 106.0
64.0 124.0
65.0 100.0
66.0 93.0
67.0 114.0
68.0 99.0
69.0 123.0
70.0 127.0
71.0 179.0
72.0 239.0
73.0 338.0
74.0 467.0
75.0 578.0
76.0 633.0
77.0 792.0
78.0 791.0
79.0 823.0
80.0 939.0
81.0 958.0
82.0 753.0
83.0 702.0
84.0 871.0
85.0 627.0
86.0 194.0
87.0 610.0
88.0 810.0
89.0 902.0
90.0 609.0
91.0 707.0
92.0 835.0
93.0 1060.0
94.0 719.0
95.0 234.0
96.0 417.0
97.0 693.0
98.0 794.0
99.0 852.0
100.0 672.0
101.0 1070.0
102.0 886.0
103.0 735.0
104.0 639.0
105.0 788.0
106.0 880.0
107.0 810.0
108.0 277.0
109.0 381.0
110.0 701.0
111.0 567.0
112.0 820.0
113.0 747.0
114.0 882.0
115.0 1080.0
116.0 906.0
117.0 943.0
118.0 433.0
119.0 787.0
120.0 306.0
121.0 3.0
122.0 0.0
123.0 6.0
124.0 102.0
125.0 95.0
126.0 492.0
127.0 514.0
128.0 499.0
129.0 185.0
130.0 142.0
131.0 511.0
132.0 625.0
133.0 748.0
134.0 556.0
135.0 588.0
136.0 535.0
137.0 652.0
138.0 651.0
139.0 588.0
140.0 570.0
141.0 684.0
142.0 628.0
143.0 626.0
144.0 656.0
145.0 757.0
146.0 593.0
147.0 678.0
148.0 658.0
149.0 387.0
150.0 494.0
151.0 124.0
152.0 174.0
153.0 312.0
154.0 68.0
155.0 337.0
156.0 432.0
157.0 505.0
158.0 409.0
159.0 388.0
160.0 219.0
161.0 390.0
162.0 443.0
163.0 416.0
164.0 400.0
165.0 425.0
166.0 514.0
167.0 624.0
168.0 607.0
169.0 458.0
170.0 9.0
171.0 99.0
172.0 267.0
173.0 62.0
174.0 127.0
175.0 8.0
176.0 28.0
177.0 17.0
178.0 7.0
179.0 26.0
180.0 49.0
181.0 13.0
182.0 29.0
183.0 42.0
184.0 43.0
185.0 9.0
186.0 3.0
187.0 0.0
188.0 15.0
189.0 8.0
190.0 19.0
191.0 53.0
192.0 42.0
193.0 24.0
194.0 11.0
195.0 7.0
196.0 5.0
197.0 32.0
198.0 9.0
199.0 30.0
200.0 18.0
201.0 56.0
202.0 24.0
203.0 55.0
204.0 72.0
205.0 0.0
206.0 8.0
207.0 94.0
208.0 94.0
209.0 87.0
210.0 105.0
211.0 119.0
212.0 134.0
213.0 156.0
214.0 171.0
215.0 191.0
216.0 242.0
217.0 336.0
218.0 382.0
219.0 549.0
220.0 630.0
221.0 840.0
222.0 960.0
223.0 1090.0
224.0 1340.0
225.0 1080.0
226.0 1270.0
227.0 1130.0
228.0 904.0
229.0 756.0
230.0 860.0
231.0 362.0
232.0 19.0
233.0 17.0
234.0 1.0
235.0 19.0
236.0 76.0
237.0 97.0
238.0 892.0
239.0 1140.0
240.0 1410.0
241.0 1530.0
242.0 1730.0
243.0 1680.0
244.0 1730.0
245.0 1680.0
246.0 1720.0
247.0 1150.0
248.0 1150.0
249.0 1250.0
250.0 372.0
251.0 55.0
252.0 0.0
253.0 13.0
254.0 9.0
255.0 111.0
256.0 618.0
257.0 855.0
258.0 765.0
259.0 1160.0
260.0 902.0
261.0 1550.0
262.0 1670.0
263.0 1720.0
264.0 1650.0
265.0 1670.0
266.0 1480.0
267.0 1340.0
268.0 1330.0
269.0 1280.0
270.0 1320.0
271.0 1240.0
272.0 1230.0
273.0 1650.0
274.0 1530.0
275.0 1450.0
276.0 1460.0
277.0 1290.0
278.0 1510.0
279.0 1190.0
280.0 1040.0
281.0 1140.0
282.0 754.0
283.0 6.0
284.0 0.0
285.0 6.0
286.0 78.0
287.0 114.0
288.0 760.0
289.0 928.0
290.0 881.0
291.0 896.0
292.0 1010.0
293.0 1310.0
294.0 1180.0
295.0 1220.0
296.0 1240.0
297.0 1560.0
298.0 1300.0
299.0 1590.0
300.0 1650.0
301.0 912.0
302.0 942.0
303.0 903.0
304.0 1190.0
305.0 974.0
306.0 811.0
307.0 818.0
308.0 726.0
309.0 10.0
310.0 1.0
311.0 103.0
312.0 524.0
313.0 727.0
314.0 1090.0
315.0 882.0
316.0 1020.0
317.0 762.0
318.0 1200.0
319.0 910.0
320.0 1040.0
321.0 1030.0
322.0 1210.0
323.0 928.0
324.0 1050.0
325.0 1000.0
326.0 919.0
327.0 920.0
328.0 1300.0
329.0 1080.0
330.0 1130.0
331.0 512.0
332.0 767.0
333.0 771.0
334.0 830.0
335.0 1000.0
336.0 951.0
337.0 944.0
338.0 1000.0
339.0 873.0
340.0 1260.0
341.0 597.0
342.0 287.0
343.0 1630.0
344.0 1590.0
345.0 1370.0
346.0 979.0
347.0 1510.0
348.0 1670.0
349.0 1230.0
350.0 1440.0
351.0 1460.0
352.0 1570.0
353.0 1580.0
354.0 1690.0
355.0 1750.0
356.0 1120.0
357.0 1600.0
358.0 1810.0
359.0 1350.0
360.0 1600.0
361.0 1820.0
362.0 1680.0
363.0 1760.0
364.0 1780.0
365.0 1860.0
366.0 1660.0
367.0 1850.0
368.0 1810.0
369.0 1750.0
370.0 1890.0
371.0 1850.0
372.0 1830.0
373.0 1860.0
374.0 1740.0
375.0 1860.0
376.0 1860.0
377.0 1850.0
378.0 1630.0
379.0 1890.0
380.0 1830.0
381.0 1820.0
382.0 1640.0
383.0 1460.0
384.0 1330.0
385.0 1090.0
386.0 1020.0
387.0 831.0
388.0 1070.0
389.0 935.0
390.0 1310.0
391.0 726.0
392.0 914.0
393.0 852.0
394.0 726.0
395.0 223.0
396.0 1120.0
397.0 1230.0
398.0 1010.0
399.0 1040.0
400.0 879.0
401.0 1240.0
402.0 1530.0
403.0 1290.0
404.0 1090.0
405.0 925.0
406.0 1060.0
407.0 912.0
408.0 642.0
409.0 630.0
410.0 908.0
411.0 114.0
412.0 55.0
413.0 12.0
414.0 5.0
415.0 27.0
416.0 39.0
417.0 105.0
418.0 39.0
419.0 58.0
420.0 13.0
421.0 44.0
422.0 124.0
423.0 122.0
424.0 258.0
425.0 294.0
426.0 368.0
427.0 412.0
428.0 487.0
429.0 583.0
430.0 628.0
431.0 679.0
432.0 654.0
433.0 706.0
434.0 1010.0
435.0 1200.0
436.0 1000.0
437.0 948.0
438.0 939.0
439.0 1130.0
440.0 1240.0
441.0 1050.0
442.0 1040.0
443.0 1010.0
444.0 1060.0
445.0 926.0
446.0 1150.0
447.0 1380.0
448.0 1260.0
449.0 1390.0
450.0 1080.0
451.0 1160.0
452.0 616.0
453.0 0.0
454.0 0.0
455.0 0.0
456.0 0.0
457.0 0.0
458.0 0.0
459.0 0.0
460.0 0.0
461.0 0.0
462.0 0.0
463.0 0.0
464.0 0.0
465.0 0.0
466.0 93.0
467.0 87.0
468.0 105.0
469.0 122.0
470.0 111.0
471.0 125.0
472.0 116.0
473.0 926.0
474.0 731.0
475.0 34.0
476.0 95.0
477.0 896.0
478.0 1050.0
479.0 508.0
480.0 852.0
481.0 1020.0
482.0 982.0
483.0 1090.0
484.0 1010.0
485.0 899.0
486.0 893.0
487.0 975.0
488.0 781.0
489.0 767.0
490.0 673.0
491.0 2.0
492.0 125.0
493.0 119.0
494.0 105.0
495.0 85.0
496.0 116.0
497.0 497.0
498.0 837.0
499.0 532.0
500.0 756.0
501.0 886.0
502.0 1010.0
503.0 589.0
504.0 1170.0
505.0 1240.0
506.0 1020.0
507.0 1110.0
508.0 1150.0
509.0 979.0
510.0 910.0
511.0 928.0
512.0 933.0
513.0 986.0
514.0 775.0
515.0 901.0
516.0 879.0
517.0 842.0
518.0 1000.0
519.0 782.0
520.0 1210.0
521.0 793.0
522.0 925.0
523.0 405.0
524.0 309.0
525.0 16.0
526.0 79.0
527.0 316.0
528.0 653.0
529.0 657.0
530.0 437.0
531.0 459.0
532.0 782.0
533.0 754.0
534.0 899.0
535.0 650.0
536.0 523.0
537.0 496.0
538.0 5.0
539.0 0.0
540.0 0.0
541.0 0.0
542.0 0.0
543.0 58.0
544.0 126.0
545.0 125.0
546.0 105.0
547.0 121.0
548.0 125.0
549.0 599.0
550.0 690.0
551.0 729.0
552.0 623.0
553.0 351.0
554.0 555.0
555.0 83.0
556.0 79.0
557.0 76.0
558.0 112.0
559.0 29.0
560.0 74.0
561.0 135.0
562.0 140.0
563.0 304.0
564.0 576.0
565.0 195.0
566.0 200.0
567.0 129.0
568.0 13.0
569.0 1.0
570.0 86.0
571.0 91.0
572.0 97.0
573.0 448.0
574.0 72.0
575.0 112.0
576.0 112.0
577.0 120.0
578.0 119.0
579.0 122.0
580.0 96.0
581.0 108.0
582.0 120.0
583.0 118.0
584.0 108.0
585.0 103.0
586.0 125.0
587.0 125.0
588.0 123.0
589.0 112.0
590.0 88.0
591.0 91.0
592.0 125.0
593.0 101.0
594.0 110.0
595.0 111.0
596.0 86.0
597.0 111.0
598.0 108.0
599.0 125.0
600.0 109.0
601.0 119.0
602.0 122.0
603.0 93.0
604.0 111.0
605.0 124.0
606.0 118.0
607.0 121.0
608.0 97.0
609.0 123.0
610.0 115.0
611.0 112.0
612.0 100.0
613.0 123.0
614.0 112.0
615.0 88.0
616.0 103.0
617.0 108.0
618.0 92.0
619.0 103.0
620.0 105.0
621.0 117.0
622.0 112.0
623.0 125.0
624.0 103.0
625.0 123.0
626.0 80.0
627.0 91.0
628.0 94.0
629.0 119.0
630.0 81.0
631.0 88.0
632.0 704.0
633.0 710.0
634.0 488.0
635.0 487.0
636.0 426.0
637.0 370.0
638.0 368.0
639.0 149.0
640.0 437.0
641.0 467.0
642.0 407.0
643.0 225.0
644.0 113.0
645.0 105.0
646.0 495.0
647.0 519.0
648.0 537.0
649.0 605.0
650.0 545.0
651.0 599.0
652.0 558.0
653.0 627.0
654.0 587.0
655.0 605.0
656.0 497.0
657.0 533.0
658.0 524.0
659.0 605.0
660.0 630.0
661.0 548.0
662.0 659.0
663.0 597.0
664.0 627.0
665.0 722.0
666.0 677.0
667.0 490.0
668.0 642.0
669.0 422.0
670.0 27.0
671.0 89.0
672.0 93.0
673.0 120.0
674.0 126.0
675.0 97.0
676.0 119.0
677.0 129.0
678.0 80.0
679.0 47.0
680.0 30.0
681.0 97.0
682.0 121.0
683.0 401.0
684.0 427.0
685.0 469.0
686.0 463.0
687.0 502.0
688.0 423.0
689.0 381.0
690.0 39.0
691.0 23.0
692.0 90.0
693.0 97.0
694.0 402.0
695.0 438.0
696.0 307.0
697.0 518.0
698.0 519.0
699.0 510.0
700.0 537.0
701.0 475.0
702.0 539.0
703.0 509.0
704.0 537.0
705.0 537.0
706.0 625.0
707.0 572.0
708.0 523.0
709.0 481.0
710.0 534.0
711.0 526.0
712.0 628.0
713.0 586.0
714.0 599.0
715.0 579.0
716.0 701.0
717.0 554.0
718.0 542.0
719.0 523.0
720.0 776.0
721.0 450.0
722.0 754.0
723.0 677.0
724.0 679.0
725.0 636.0
726.0 632.0
727.0 625.0
728.0 715.0
729.0 641.0
730.0 232.0
731.0 91.0
732.0 119.0
733.0 544.0
734.0 464.0
735.0 734.0
736.0 657.0
737.0 674.0
738.0 682.0
739.0 796.0
740.0 725.0
741.0 755.0
742.0 749.0
743.0 645.0
744.0 762.0
745.0 693.0
746.0 826.0
747.0 652.0
748.0 748.0
749.0 747.0
750.0 814.0
751.0 615.0
752.0 687.0
753.0 758.0
754.0 718.0
755.0 14.0
756.0 117.0
757.0 119.0
758.0 562.0
759.0 550.0
760.0 713.0
761.0 682.0
762.0 525.0
763.0 628.0
764.0 705.0
765.0 685.0
766.0 510.0
767.0 530.0
768.0 41.0
769.0 302.0
770.0 579.0
771.0 439.0
772.0 396.0
773.0 584.0
774.0 459.0
775.0 612.0
776.0 611.0
777.0 615.0
778.0 414.0
779.0 502.0
780.0 501.0
781.0 443.0
782.0 537.0
783.0 503.0
784.0 596.0
785.0 16.0
786.0 123.0
787.0 122.0
788.0 461.0
789.0 473.0
790.0 483.0
791.0 461.0
792.0 532.0
793.0 486.0
794.0 567.0
795.0 584.0
796.0 646.0
797.0 506.0
798.0 598.0
