0.0 85.0
1.0 74.0
2.0 118.0
3.0 161.0
4.0 227.0
5.0 367.0
6.0 587.0
7.0 739.0
8.0 661.0
9.0 1040.0
10.0 879.0
11.0 911.0
12.0 954.0
13.0 644.0
14.0 978.0
15.0 996.0
16.0 941.0
17.0 881.0
18.0 1090.0
19.0 1080.0
20.0 883.0
21.0 977.0
22.0 858.0
23.0 900.0
24.0 811.0
25.0 776.0
26.0 850.0
27.0 780.0
28.0 693.0
29.0 40.0
30.0 601.0
31.0 686.0
32.0 70.0
33.0 0.0
34.0 412.0
35.0 625.0
36.0 641.0
37.0 630.0
38.0 814.0
39.0 607.0
40.0 751.0
41.0 761.0
42.0 639.0
43.0 707.0
44.0 867.0
45.0 911.0
46.0 1080.0
47.0 817.0
48.0 813.0
49.0 981.0
50.0 990.0
51.0 700.0
52.0 98.0
53.0 124.0
54.0 875.0
55.0 868.0
56.0 778.0
57.0 791.0
58.0 951.0
59.0 968.0
60.0 1120.0
61.0 756.0
62.0 760.0
63.0 897.0
64.0 1090.0
65.0 1160.0
66.0 1080.0
67.0 840.0
68.0 863.0
69.0 189.0
70.0 21.0
71.0 8.0
72.0 0.0
73.0 94.0
74.0 119.0
75.0 650.0
76.0 268.0
77.0 57.0
78.0 57.0
79.0 38.0
80.0 42.0
81.0 41.0
82.0 113.0
83.0 89.0
84.0 174.0
85.0 424.0
86.0 468.0
87.0 390.0
88.0 129.0
89.0 311.0
90.0 395.0
91.0 509.0
92.0 507.0
93.0 491.0
94.0 527.0
95.0 535.0
96.0 551.0
97.0 530.0
98.0 513.0
99.0 530.0
100.0 15.0
101.0 343.0
102.0 333.0
103.0 167.0
104.0 121.0
105.0 215.0
106.0 429.0
107.0 581.0
108.0 766.0
109.0 649.0
110.0 712.0
111.0 727.0
112.0 638.0
113.0 949.0
114.0 893.0
115.0 774.0
116.0 177.0
117.0 92.0
118.0 77.0
119.0 93.0
120.0 0.0
121.0 37.0
122.0 0.0
123.0 99.0
124.0 124.0
125.0 410.0
126.0 633.0
127.0 487.0
128.0 124.0
129.0 47.0
130.0 117.0
131.0 21.0
132.0 33.0
133.0 97.0
134.0 93.0
135.0 117.0
136.0 104.0
137.0 110.0
138.0 38.0
139.0 100.0
140.0 77.0
141.0 53.0
142.0 50.0
143.0 75.0
144.0 87.0
145.0 89.0
146.0 90.0
147.0 86.0
148.0 81.0
149.0 30.0
150.0 45.0
151.0 68.0
152.0 35.0
153.0 34.0
154.0 58.0
155.0 22.0
156.0 1.0
157.0 84.0
158.0 111.0
159.0 123.0
160.0 179.0
161.0 343.0
162.0 546.0
163.0 482.0
164.0 708.0
165.0 582.0
166.0 775.0
167.0 82.0
168.0 80.0
169.0 116.0
170.0 114.0
171.0 119.0
172.0 39.0
173.0 41.0
174.0 509.0
175.0 735.0
176.0 719.0
177.0 777.0
178.0 801.0
179.0 779.0
180.0 833.0
181.0 859.0
182.0 971.0
183.0 904.0
184.0 1140.0
185.0 1230.0
186.0 1230.0
187.0 1000.0
188.0 1060.0
189.0 1220.0
190.0 976.0
191.0 834.0
192.0 824.0
193.0 851.0
194.0 841.0
195.0 962.0
196.0 1000.0
197.0 984.0
198.0 849.0
199.0 960.0
200.0 1180.0
201.0 1150.0
202.0 932.0
203.0 939.0
204.0 978.0
205.0 918.0
206.0 847.0
207.0 1090.0
208.0 1220.0
209.0 1080.0
210.0 1060.0
211.0 1050.0
212.0 992.0
213.0 1000.0
214.0 1040.0
215.0 1060.0
216.0 891.0
217.0 1000.0
218.0 1010.0
219.0 985.0
220.0 1080.0
221.0 1110.0
222.0 1050.0
223.0 995.0
224.0 1090.0
225.0 1230.0
226.0 938.0
227.0 1130.0
228.0 1130.0
229.0 1110.0
230.0 841.0
231.0 1080.0
232.0 856.0
233.0 953.0
234.0 1020.0
235.0 529.0
236.0 116.0
237.0 84.0
238.0 1020.0
239.0 1160.0
240.0 1050.0
241.0 830.0
242.0 919.0
243.0 1010.0
244.0 970.0
245.0 1060.0
246.0 923.0
247.0 1030.0
248.0 984.0
249.0 915.0
250.0 987.0
251.0 927.0
252.0 880.0
253.0 751.0
254.0 481.0
255.0 300.0
256.0 160.0
257.0 171.0
258.0 167.0
259.0 175.0
260.0 168.0
261.0 176.0
262.0 162.0
263.0 175.0
264.0 202.0
265.0 184.0
266.0 167.0
267.0 185.0
268.0 136.0
269.0 156.0
270.0 136.0
271.0 63.0
272.0 140.0
273.0 116.0
274.0 47.0
275.0 134.0
276.0 97.0
277.0 85.0
278.0 91.0
279.0 84.0
280.0 59.0
281.0 9.0
282.0 11.0
283.0 104.0
284.0 27.0
285.0 46.0
286.0 48.0
287.0 93.0
288.0 111.0
289.0 368.0
290.0 413.0
291.0 424.0
292.0 432.0
293.0 460.0
294.0 498.0
295.0 477.0
296.0 571.0
297.0 619.0
298.0 607.0
299.0 726.0
300.0 748.0
301.0 197.0
302.0 91.0
303.0 111.0
304.0 741.0
305.0 674.0
306.0 873.0
307.0 903.0
308.0 615.0
309.0 633.0
310.0 580.0
311.0 680.0
312.0 662.0
313.0 715.0
314.0 589.0
315.0 502.0
316.0 661.0
317.0 656.0
318.0 761.0
319.0 914.0
320.0 911.0
321.0 1060.0
322.0 909.0
323.0 1010.0
324.0 984.0
325.0 1070.0
326.0 1120.0
327.0 1070.0
328.0 1230.0
329.0 1310.0
330.0 1300.0
331.0 1450.0
332.0 1410.0
333.0 1470.0
334.0 1490.0
335.0 1560.0
336.0 1500.0
337.0 1220.0
338.0 1330.0
339.0 1360.0
340.0 1510.0
341.0 1590.0
342.0 1430.0
343.0 1390.0
344.0 1360.0
345.0 1320.0
346.0 1260.0
347.0 1310.0
348.0 1320.0
349.0 1350.0
350.0 1410.0
351.0 1390.0
352.0 1670.0
353.0 1390.0
354.0 1310.0
355.0 1250.0
356.0 1250.0
357.0 1150.0
358.0 1360.0
359.0 1310.0
360.0 1270.0
361.0 1380.0
362.0 1190.0
363.0 1000.0
364.0 1070.0
365.0 1090.0
366.0 1040.0
367.0 1570.0
368.0 924.0
369.0 1070.0
370.0 1070.0
371.0 1010.0
372.0 970.0
373.0 1070.0
374.0 1130.0
375.0 1200.0
376.0 1130.0
377.0 1160.0
378.0 1320.0
379.0 1170.0
380.0 1070.0
381.0 966.0
382.0 1000.0
383.0 1020.0
384.0 849.0
385.0 955.0
386.0 1250.0
387.0 1060.0
388.0 1240.0
389.0 1060.0
390.0 998.0
391.0 843.0
392.0 1050.0
393.0 689.0
394.0 1050.0
395.0 1080.0
396.0 962.0
397.0 902.0
398.0 1240.0
399.0 937.0
400.0 935.0
401.0 886.0
402.0 743.0
403.0 915.0
404.0 913.0
405.0 1010.0
406.0 934.0
407.0 956.0
408.0 754.0
409.0 804.0
410.0 1100.0
411.0 1010.0
412.0 938.0
413.0 984.0
414.0 431.0
415.0 195.0
416.0 722.0
417.0 326.0
418.0 316.0
419.0 59.0
420.0 35.0
421.0 46.0
422.0 173.0
423.0 76.0
424.0 93.0
425.0 118.0
426.0 83.0
427.0 209.0
428.0 89.0
429.0 125.0
430.0 340.0
431.0 218.0
432.0 103.0
433.0 181.0
434.0 485.0
435.0 498.0
436.0 485.0
437.0 583.0
438.0 467.0
439.0 533.0
440.0 598.0
441.0 698.0
442.0 734.0
443.0 713.0
444.0 789.0
445.0 899.0
446.0 1040.0
447.0 1350.0
448.0 1620.0
449.0 1720.0
450.0 1450.0
451.0 1750.0
452.0 1870.0
453.0 1630.0
454.0 1510.0
455.0 1890.0
456.0 1870.0
457.0 1740.0
458.0 1180.0
459.0 1830.0
460.0 1630.0
461.0 1600.0
462.0 1570.0
463.0 1330.0
464.0 1310.0
465.0 1440.0
466.0 1350.0
467.0 1120.0
468.0 1240.0
469.0 1250.0
470.0 1070.0
471.0 1200.0
472.0 1200.0
473.0 1120.0
474.0 1230.0
475.0 1190.0
476.0 1060.0
477.0 1220.0
478.0 1340.0
479.0 1310.0
480.0 1100.0
481.0 1130.0
482.0 1110.0
483.0 1100.0
484.0 1030.0
485.0 1250.0
486.0 1300.0
487.0 1020.0
488.0 1010.0
489.0 762.0
490.0 679.0
491.0 853.0
492.0 953.0
493.0 750.0
494.0 122.0
495.0 104.0
496.0 103.0
497.0 538.0
498.0 708.0
499.0 760.0
500.0 392.0
501.0 43.0
502.0 95.0
503.0 106.0
504.0 193.0
505.0 2.0
506.0 0.0
507.0 16.0
508.0 108.0
509.0 109.0
510.0 111.0
511.0 78.0
512.0 221.0
513.0 248.0
514.0 300.0
515.0 388.0
516.0 478.0
517.0 258.0
518.0 413.0
519.0 524.0
520.0 656.0
521.0 304.0
522.0 408.0
523.0 190.0
524.0 391.0
525.0 569.0
526.0 505.0
527.0 505.0
528.0 581.0
529.0 589.0
530.0 509.0
531.0 140.0
532.0 125.0
533.0 56.0
534.0 47.0
535.0 96.0
536.0 118.0
537.0 311.0
538.0 397.0
539.0 401.0
540.0 392.0
541.0 411.0
542.0 464.0
543.0 519.0
544.0 574.0
545.0 676.0
546.0 773.0
547.0 885.0
548.0 954.0
549.0 1000.0
550.0 882.0
551.0 1070.0
552.0 1080.0
553.0 1220.0
554.0 1420.0
555.0 1450.0
556.0 1780.0
557.0 1680.0
558.0 1450.0
559.0 1350.0
560.0 1640.0
561.0 1090.0
562.0 29.0
563.0 27.0
564.0 27.0
565.0 3.0
566.0 115.0
567.0 103.0
568.0 912.0
569.0 1290.0
570.0 1100.0
571.0 1020.0
572.0 1010.0
573.0 1290.0
574.0 1320.0
575.0 1260.0
576.0 1510.0
577.0 1530.0
578.0 1310.0
579.0 1140.0
580.0 1040.0
581.0 997.0
582.0 688.0
583.0 1120.0
584.0 363.0
585.0 29.0
586.0 81.0
587.0 113.0
588.0 717.0
589.0 799.0
590.0 1100.0
591.0 1110.0
592.0 1090.0
593.0 1110.0
594.0 1160.0
595.0 947.0
596.0 1220.0
597.0 1190.0
598.0 1400.0
599.0 1440.0
600.0 1130.0
601.0 1670.0
602.0 1660.0
603.0 1590.0
604.0 1380.0
605.0 1280.0
606.0 1440.0
607.0 1390.0
608.0 712.0
609.0 103.0
610.0 10.0
611.0 123.0
612.0 115.0
613.0 883.0
614.0 1200.0
615.0 1250.0
616.0 1350.0
617.0 1380.0
618.0 1250.0
619.0 1570.0
620.0 1670.0
621.0 1580.0
622.0 1250.0
623.0 1480.0
624.0 1550.0
625.0 1410.0
626.0 1320.0
627.0 1330.0
628.0 1170.0
629.0 1140.0
630.0 953.0
631.0 1180.0
632.0 1140.0
633.0 1100.0
634.0 1170.0
635.0 1590.0
636.0 1210.0
637.0 1200.0
638.0 1390.0
639.0 934.0
640.0 1010.0
641.0 1020.0
642.0 1010.0
643.0 980.0
644.0 971.0
645.0 873.0
646.0 740.0
647.0 1020.0
648.0 810.0
649.0 686.0
650.0 960.0
651.0 1120.0
652.0 1020.0
653.0 1090.0
654.0 1050.0
655.0 1130.0
656.0 1040.0
657.0 1050.0
658.0 916.0
659.0 1040.0
660.0 1290.0
661.0 927.0
662.0 972.0
663.0 817.0
664.0 1060.0
665.0 833.0
666.0 713.0
667.0 95.0
668.0 102.0
669.0 103.0
670.0 107.0
671.0 546.0
672.0 498.0
673.0 703.0
674.0 719.0
675.0 551.0
676.0 501.0
677.0 352.0
678.0 534.0
679.0 576.0
680.0 599.0
681.0 718.0
682.0 703.0
683.0 690.0
684.0 579.0
685.0 595.0
686.0 643.0
687.0 751.0
688.0 720.0
689.0 672.0
690.0 650.0
691.0 786.0
692.0 749.0
693.0 781.0
694.0 909.0
695.0 900.0
696.0 1080.0
697.0 857.0
698.0 884.0
699.0 1200.0
700.0 1200.0
701.0 1100.0
702.0 832.0
703.0 962.0
704.0 1070.0
705.0 1040.0
706.0 938.0
707.0 960.0
708.0 1020.0
709.0 858.0
710.0 754.0
711.0 832.0
712.0 838.0
713.0 733.0
714.0 557.0
715.0 641.0
716.0 583.0
717.0 603.0
718.0 575.0
719.0 752.0
720.0 694.0
721.0 675.0
722.0 629.0
723.0 704.0
724.0 632.0
725.0 728.0
726.0 307.0
727.0 105.0
728.0 121.0
729.0 107.0
730.0 118.0
731.0 102.0
732.0 114.0
733.0 105.0
734.0 85.0
735.0 112.0
736.0 114.0
737.0 119.0
738.0 90.0
739.0 115.0
740.0 102.0
741.0 90.0
742.0 105.0
743.0 102.0
744.0 125.0
745.0 97.0
746.0 103.0
747.0 105.0
748.0 96.0
749.0 102.0
750.0 105.0
751.0 95.0
752.0 116.0
753.0 104.0
754.0 108.0
755.0 124.0
756.0 109.0
757.0 120.0
758.0 101.0
759.0 125.0
760.0 117.0
761.0 124.0
762.0 122.0
763.0 116.0
764.0 108.0
765.0 97.0
766.0 90.0
767.0 121.0
768.0 106.0
769.0 81.0
770.0 100.0
771.0 112.0
772.0 122.0
773.0 121.0
774.0 113.0
775.0 120.0
776.0 79.0
777.0 86.0
778.0 97.0
779.0 127.0
780.0 159.0
781.0 252.0
782.0 312.0
783.0 429.0
784.0 496.0
785.0 559.0
786.0 618.0
787.0 645.0
788.0 717.0
789.0 709.0
790.0 849.0
791.0 812.0
792.0 869.0
793.0 870.0
794.0 971.0
795.0 842.0
796.0 989.0
797.0 944.0
798.0 979.0
799.0 851.0
