0.0 547.0
1.0 664.0
2.0 800.0
3.0 745.0
4.0 195.0
5.0 101.0
6.0 98.0
7.0 103.0
8.0 81.0
9.0 39.0
10.0 160.0
11.0 144.0
12.0 115.0
13.0 202.0
14.0 67.0
15.0 120.0
16.0 1.0
17.0 0.0
18.0 0.0
19.0 0.0
20.0 0.0
21.0 107.0
22.0 106.0
23.0 81.0
24.0 182.0
25.0 190.0
26.0 202.0
27.0 217.0
28.0 234.0
29.0 239.0
30.0 200.0
31.0 186.0
32.0 287.0
33.0 294.0
34.0 412.0
35.0 538.0
36.0 545.0
37.0 467.0
38.0 653.0
39.0 643.0
40.0 747.0
41.0 985.0
42.0 590.0
43.0 647.0
44.0 81.0
45.0 114.0
46.0 224.0
47.0 721.0
48.0 833.0
49.0 927.0
50.0 671.0
51.0 797.0
52.0 532.0
53.0 107.0
54.0 117.0
55.0 627.0
56.0 274.0
57.0 122.0
58.0 101.0
59.0 120.0
60.0 409.0
61.0 665.0
62.0 746.0
63.0 737.0
64.0 779.0
65.0 702.0
66.0 404.0
67.0 596.0
68.0 538.0
69.0 881.0
70.0 847.0
71.0 196.0
72.0 90.0
73.0 114.0
74.0 182.0
75.0 614.0
76.0 953.0
77.0 904.0
78.0 895.0
79.0 1140.0
80.0 989.0
81.0 825.0
82.0 1140.0
83.0 1100.0
84.0 1010.0
85.0 943.0
86.0 1160.0
87.0 994.0
88.0 1030.0
89.0 1280.0
90.0 889.0
91.0 115.0
92.0 192.0
93.0 913.0
94.0 1170.0
95.0 1220.0
96.0 1220.0
97.0 1130.0
98.0 1270.0
99.0 1290.0
100.0 1220.0
101.0 965.0
102.0 1230.0
103.0 1250.0
104.0 1340.0
105.0 1460.0
106.0 1450.0
107.0 1260.0
108.0 1560.0
109.0 1590.0
110.0 1290.0
111.0 952.0
112.0 632.0
113.0 711.0
114.0 774.0
115.0 870.0
116.0 1110.0
117.0 1060.0
118.0 1010.0
119.0 789.0
120.0 902.0
121.0 961.0
122.0 800.0
123.0 777.0
124.0 710.0
125.0 743.0
126.0 754.0
127.0 699.0
128.0 572.0
129.0 4.0
130.0 30.0
131.0 0.0
132.0 9.0
133.0 25.0
134.0 12.0
135.0 8.0
136.0 90.0
137.0 120.0
138.0 376.0
139.0 678.0
140.0 1040.0
141.0 1130.0
142.0 1130.0
143.0 1370.0
144.0 967.0
145.0 979.0
146.0 1040.0
147.0 1100.0
148.0 98.0
149.0 122.0
150.0 100.0
151.0 96.0
152.0 110.0
153.0 804.0
154.0 863.0
155.0 1180.0
156.0 982.0
157.0 691.0
158.0 165.0
159.0 21.0
160.0 39.0
161.0 75.0
162.0 11.0
163.0 114.0
164.0 107.0
165.0 121.0
166.0 91.0
167.0 119.0
168.0 106.0
169.0 101.0
170.0 122.0
171.0 99.0
172.0 111.0
173.0 89.0
174.0 119.0
175.0 111.0
176.0 378.0
177.0 505.0
178.0 502.0
179.0 551.0
180.0 365.0
181.0 421.0
182.0 503.0
183.0 527.0
184.0 571.0
185.0 591.0
186.0 654.0
187.0 578.0
188.0 590.0
189.0 610.0
190.0 696.0
191.0 715.0
192.0 708.0
193.0 759.0
194.0 746.0
195.0 733.0
196.0 795.0
197.0 787.0
198.0 920.0
199.0 888.0
200.0 893.0
201.0 835.0
202.0 912.0
203.0 866.0
204.0 958.0
205.0 931.0
206.0 876.0
207.0 795.0
208.0 935.0
209.0 966.0
210.0 934.0
211.0 908.0
212.0 1170.0
213.0 825.0
214.0 874.0
215.0 1090.0
216.0 1260.0
217.0 1140.0
218.0 597.0
219.0 317.0
220.0 937.0
221.0 938.0
222.0 1140.0
223.0 1220.0
224.0 104.0
225.0 123.0
226.0 102.0
227.0 100.0
228.0 654.0
229.0 1100.0
230.0 560.0
231.0 864.0
232.0 915.0
233.0 915.0
234.0 597.0
235.0 39.0
236.0 541.0
237.0 762.0
238.0 732.0
239.0 804.0
240.0 150.0
241.0 60.0
242.0 36.0
243.0 120.0
244.0 84.0
245.0 78.0
246.0 72.0
247.0 64.0
248.0 59.0
249.0 65.0
250.0 74.0
251.0 77.0
252.0 79.0
253.0 70.0
254.0 102.0
255.0 107.0
256.0 190.0
257.0 261.0
258.0 346.0
259.0 375.0
260.0 417.0
261.0 461.0
262.0 530.0
263.0 514.0
264.0 622.0
265.0 673.0
266.0 703.0
267.0 803.0
268.0 803.0
269.0 779.0
270.0 645.0
271.0 112.0
272.0 110.0
273.0 614.0
274.0 853.0
275.0 765.0
276.0 756.0
277.0 817.0
278.0 947.0
279.0 993.0
280.0 925.0
281.0 996.0
282.0 867.0
283.0 820.0
284.0 874.0
285.0 879.0
286.0 795.0
287.0 812.0
288.0 768.0
289.0 975.0
290.0 941.0
291.0 1240.0
292.0 1080.0
293.0 812.0
294.0 827.0
295.0 765.0
296.0 736.0
297.0 1430.0
298.0 1240.0
299.0 1640.0
300.0 1240.0
301.0 1110.0
302.0 1220.0
303.0 1590.0
304.0 1400.0
305.0 545.0
306.0 304.0
307.0 724.0
308.0 699.0
309.0 787.0
310.0 172.0
311.0 529.0
312.0 612.0
313.0 305.0
314.0 547.0
315.0 607.0
316.0 589.0
317.0 539.0
318.0 747.0
319.0 707.0
320.0 782.0
321.0 734.0
322.0 767.0
323.0 781.0
324.0 334.0
325.0 97.0
326.0 271.0
327.0 657.0
328.0 565.0
329.0 94.0
330.0 125.0
331.0 574.0
332.0 559.0
333.0 695.0
334.0 737.0
335.0 722.0
336.0 753.0
337.0 640.0
338.0 769.0
339.0 775.0
340.0 650.0
341.0 715.0
342.0 784.0
343.0 823.0
344.0 814.0
345.0 886.0
346.0 920.0
347.0 964.0
348.0 1110.0
349.0 1050.0
350.0 1180.0
351.0 1070.0
352.0 1290.0
353.0 1170.0
354.0 1410.0
355.0 1320.0
356.0 1430.0
357.0 1400.0
358.0 1490.0
359.0 1470.0
360.0 1450.0
361.0 1380.0
362.0 1470.0
363.0 1420.0
364.0 1370.0
365.0 1360.0
366.0 1360.0
367.0 1430.0
368.0 1320.0
369.0 1460.0
370.0 1280.0
371.0 1480.0
372.0 1460.0
373.0 1360.0
374.0 1320.0
375.0 1130.0
376.0 1470.0
377.0 1480.0
378.0 1380.0
379.0 1130.0
380.0 119.0
381.0 86.0
382.0 939.0
383.0 1240.0
384.0 1090.0
385.0 1130.0
386.0 1030.0
387.0 930.0
388.0 1000.0
389.0 1050.0
390.0 1240.0
391.0 1080.0
392.0 1120.0
393.0 1180.0
394.0 1090.0
395.0 1240.0
396.0 930.0
397.0 1420.0
398.0 1150.0
399.0 749.0
400.0 826.0
401.0 896.0
402.0 778.0
403.0 675.0
404.0 831.0
405.0 880.0
406.0 448.0
407.0 618.0
408.0 790.0
409.0 678.0
410.0 785.0
411.0 485.0
412.0 21.0
413.0 13.0
414.0 384.0
415.0 174.0
416.0 22.0
417.0 244.0
418.0 44.0
419.0 31.0
420.0 0.0
421.0 53.0
422.0 113.0
423.0 122.0
424.0 113.0
425.0 419.0
426.0 513.0
427.0 497.0
428.0 500.0
429.0 500.0
430.0 511.0
431.0 496.0
432.0 443.0
433.0 91.0
434.0 119.0
435.0 470.0
436.0 496.0
437.0 514.0
438.0 509.0
439.0 543.0
440.0 546.0
441.0 483.0
442.0 103.0
443.0 95.0
444.0 461.0
445.0 527.0
446.0 499.0
447.0 493.0
448.0 515.0
449.0 539.0
450.0 547.0
451.0 505.0
452.0 591.0
453.0 568.0
454.0 580.0
455.0 636.0
456.0 648.0
457.0 665.0
458.0 686.0
459.0 717.0
460.0 744.0
461.0 766.0
462.0 865.0
463.0 828.0
464.0 896.0
465.0 666.0
466.0 923.0
467.0 874.0
468.0 1010.0
469.0 975.0
470.0 952.0
471.0 901.0
472.0 1120.0
473.0 918.0
474.0 819.0
475.0 674.0
476.0 671.0
477.0 686.0
478.0 418.0
479.0 116.0
480.0 123.0
481.0 99.0
482.0 116.0
483.0 111.0
484.0 92.0
485.0 120.0
486.0 109.0
487.0 108.0
488.0 121.0
489.0 109.0
490.0 111.0
491.0 125.0
492.0 172.0
493.0 254.0
494.0 330.0
495.0 433.0
496.0 520.0
497.0 49.0
498.0 81.0
499.0 137.0
500.0 121.0
501.0 87.0
502.0 215.0
503.0 72.0
504.0 57.0
505.0 0.0
506.0 122.0
507.0 81.0
508.0 207.0
509.0 311.0
510.0 321.0
511.0 352.0
512.0 358.0
513.0 413.0
514.0 406.0
515.0 405.0
516.0 433.0
517.0 434.0
518.0 420.0
519.0 428.0
520.0 438.0
521.0 437.0
522.0 428.0
523.0 442.0
524.0 436.0
525.0 518.0
526.0 521.0
527.0 548.0
528.0 487.0
529.0 508.0
530.0 579.0
531.0 426.0
532.0 3.0
533.0 0.0
534.0 0.0
535.0 94.0
536.0 119.0
537.0 145.0
538.0 491.0
539.0 474.0
540.0 557.0
541.0 549.0
542.0 554.0
543.0 569.0
544.0 597.0
545.0 600.0
546.0 553.0
547.0 598.0
548.0 540.0
549.0 635.0
550.0 596.0
551.0 589.0
552.0 625.0
553.0 663.0
554.0 586.0
555.0 671.0
556.0 598.0
557.0 654.0
558.0 668.0
559.0 871.0
560.0 783.0
561.0 779.0
562.0 603.0
563.0 784.0
564.0 563.0
565.0 563.0
566.0 958.0
567.0 844.0
568.0 1000.0
569.0 1290.0
570.0 1290.0
571.0 1110.0
572.0 989.0
573.0 898.0
574.0 900.0
575.0 847.0
576.0 648.0
577.0 441.0
578.0 286.0
579.0 47.0
580.0 0.0
581.0 90.0
582.0 95.0
583.0 170.0
584.0 214.0
585.0 273.0
586.0 336.0
587.0 467.0
588.0 513.0
589.0 684.0
590.0 736.0
591.0 646.0
592.0 807.0
593.0 877.0
594.0 958.0
595.0 884.0
596.0 766.0
597.0 844.0
598.0 820.0
599.0 70.0
600.0 125.0
601.0 78.0
602.0 150.0
603.0 516.0
604.0 504.0
605.0 677.0
606.0 811.0
607.0 890.0
608.0 909.0
609.0 988.0
610.0 898.0
611.0 895.0
612.0 823.0
613.0 973.0
614.0 884.0
615.0 837.0
616.0 727.0
617.0 777.0
618.0 872.0
619.0 1040.0
620.0 1100.0
621.0 1010.0
622.0 871.0
623.0 20.0
624.0 83.0
625.0 113.0
626.0 76.0
627.0 308.0
628.0 391.0
629.0 340.0
630.0 10.0
631.0 107.0
632.0 239.0
633.0 0.0
634.0 7.0
635.0 8.0
636.0 59.0
637.0 64.0
638.0 301.0
639.0 416.0
640.0 22.0
641.0 114.0
642.0 270.0
643.0 32.0
644.0 60.0
645.0 186.0
646.0 277.0
647.0 14.0
648.0 172.0
649.0 227.0
650.0 338.0
651.0 398.0
652.0 102.0
653.0 64.0
654.0 186.0
655.0 173.0
656.0 32.0
657.0 128.0
658.0 32.0
659.0 17.0
660.0 32.0
661.0 14.0
662.0 122.0
663.0 79.0
664.0 12.0
665.0 0.0
666.0 0.0
667.0 0.0
668.0 0.0
669.0 75.0
670.0 117.0
671.0 97.0
672.0 208.0
673.0 198.0
674.0 154.0
675.0 0.0
676.0 0.0
677.0 86.0
678.0 103.0
679.0 113.0
680.0 119.0
681.0 26.0
682.0 65.0
683.0 181.0
684.0 340.0
685.0 362.0
686.0 374.0
687.0 383.0
688.0 386.0
689.0 401.0
690.0 440.0
691.0 384.0
692.0 439.0
693.0 429.0
694.0 469.0
695.0 442.0
696.0 476.0
697.0 437.0
698.0 549.0
699.0 517.0
700.0 488.0
701.0 543.0
702.0 530.0
703.0 108.0
704.0 120.0
705.0 94.0
706.0 108.0
707.0 112.0
708.0 122.0
709.0 91.0
710.0 81.0
711.0 114.0
712.0 94.0
713.0 121.0
714.0 114.0
715.0 121.0
716.0 306.0
717.0 560.0
718.0 519.0
719.0 624.0
720.0 577.0
721.0 650.0
722.0 595.0
723.0 566.0
724.0 584.0
725.0 785.0
726.0 201.0
727.0 0.0
728.0 0.0
729.0 90.0
730.0 105.0
731.0 152.0
732.0 626.0
733.0 673.0
734.0 662.0
735.0 672.0
736.0 666.0
737.0 753.0
738.0 729.0
739.0 720.0
740.0 819.0
741.0 870.0
742.0 792.0
743.0 827.0
744.0 880.0
745.0 749.0
746.0 1040.0
747.0 938.0
748.0 900.0
749.0 1040.0
750.0 816.0
751.0 1120.0
752.0 1080.0
753.0 933.0
754.0 886.0
755.0 853.0
756.0 806.0
757.0 927.0
758.0 755.0
759.0 635.0
760.0 974.0
761.0 858.0
762.0 1250.0
763.0 1180.0
764.0 1150.0
765.0 1110.0
766.0 978.0
767.0 1060.0
768.0 966.0
769.0 877.0
770.0 971.0
771.0 999.0
772.0 1090.0
773.0 983.0
774.0 1070.0
775.0 805.0
776.0 993.0
777.0 999.0
778.0 920.0
779.0 831.0
780.0 1010.0
781.0 978.0
782.0 802.0
783.0 984.0
784.0 962.0
785.0 223.0
786.0 114.0
787.0 118.0
788.0 107.0
789.0 144.0
790.0 616.0
791.0 834.0
792.0 754.0
793.0 769.0
794.0 623.0
795.0 581.0
796.0 683.0
797.0 772.0
798.0 896.0
