0.0 99.0
1.0 235.0
2.0 356.0
3.0 488.0
4.0 286.0
5.0 57.0
6.0 0.0
7.0 118.0
8.0 105.0
9.0 237.0
10.0 104.0
11.0 80.0
12.0 119.0
13.0 124.0
14.0 117.0
15.0 92.0
16.0 115.0
17.0 98.0
18.0 98.0
19.0 259.0
20.0 14.0
21.0 116.0
22.0 119.0
23.0 108.0
24.0 101.0
25.0 105.0
26.0 88.0
27.0 294.0
28.0 63.0
29.0 101.0
30.0 114.0
31.0 101.0
32.0 545.0
33.0 88.0
34.0 62.0
35.0 50.0
36.0 41.0
37.0 54.0
38.0 95.0
39.0 122.0
40.0 125.0
41.0 113.0
42.0 349.0
43.0 342.0
44.0 339.0
45.0 395.0
46.0 416.0
47.0 247.0
48.0 133.0
49.0 100.0
50.0 101.0
51.0 112.0
52.0 104.0
53.0 624.0
54.0 356.0
55.0 201.0
56.0 206.0
57.0 237.0
58.0 233.0
59.0 219.0
60.0 171.0
61.0 149.0
62.0 116.0
63.0 120.0
64.0 122.0
65.0 86.0
66.0 79.0
67.0 101.0
68.0 590.0
69.0 705.0
70.0 709.0
71.0 634.0
72.0 681.0
73.0 766.0
74.0 767.0
75.0 753.0
76.0 927.0
77.0 873.0
78.0 971.0
79.0 1060.0
80.0 1060.0
81.0 1080.0
82.0 1060.0
83.0 1160.0
84.0 1330.0
85.0 1390.0
86.0 1380.0
87.0 1430.0
88.0 1170.0
89.0 1260.0
90.0 1140.0
91.0 884.0
92.0 331.0
93.0 77.0
94.0 90.0
95.0 125.0
96.0 120.0
97.0 102.0
98.0 105.0
99.0 417.0
100.0 379.0
101.0 323.0
102.0 53.0
103.0 11.0
104.0 38.0
105.0 70.0
106.0 97.0
107.0 90.0
108.0 119.0
109.0 116.0
110.0 606.0
111.0 707.0
112.0 666.0
113.0 714.0
114.0 641.0
115.0 678.0
116.0 698.0
117.0 808.0
118.0 906.0
119.0 754.0
120.0 831.0
121.0 912.0
122.0 988.0
123.0 948.0
124.0 1020.0
125.0 1090.0
126.0 1080.0
127.0 1020.0
128.0 313.0
129.0 84.0
130.0 96.0
131.0 99.0
132.0 1020.0
133.0 979.0
134.0 1050.0
135.0 907.0
136.0 602.0
137.0 817.0
138.0 652.0
139.0 753.0
140.0 159.0
141.0 94.0
142.0 82.0
143.0 120.0
144.0 102.0
145.0 111.0
146.0 112.0
147.0 703.0
148.0 608.0
149.0 659.0
150.0 280.0
151.0 215.0
152.0 150.0
153.0 180.0
154.0 241.0
155.0 99.0
156.0 451.0
157.0 220.0
158.0 183.0
159.0 132.0
160.0 113.0
161.0 100.0
162.0 36.0
163.0 70.0
164.0 47.0
165.0 53.0
166.0 87.0
167.0 104.0
168.0 209.0
169.0 155.0
170.0 22.0
171.0 31.0
172.0 37.0
173.0 117.0
174.0 125.0
175.0 402.0
176.0 402.0
177.0 431.0
178.0 368.0
179.0 473.0
180.0 418.0
181.0 74.0
182.0 3.0
183.0 119.0
184.0 354.0
185.0 384.0
186.0 404.0
187.0 363.0
188.0 431.0
189.0 447.0
190.0 420.0
191.0 393.0
192.0 49.0
193.0 39.0
194.0 186.0
195.0 47.0
196.0 230.0
197.0 28.0
198.0 11.0
199.0 152.0
200.0 117.0
201.0 102.0
202.0 123.0
203.0 609.0
204.0 599.0
205.0 631.0
206.0 502.0
207.0 693.0
208.0 697.0
209.0 680.0
210.0 731.0
211.0 763.0
212.0 749.0
213.0 792.0
214.0 917.0
215.0 942.0
216.0 930.0
217.0 830.0
218.0 787.0
219.0 970.0
220.0 1010.0
221.0 904.0
222.0 1140.0
223.0 909.0
224.0 1250.0
225.0 1050.0
226.0 1120.0
227.0 910.0
228.0 1070.0
229.0 1230.0
230.0 1280.0
231.0 1030.0
232.0 1000.0
233.0 930.0
234.0 1310.0
235.0 74.0
236.0 141.0
237.0 91.0
238.0 112.0
239.0 92.0
240.0 109.0
241.0 122.0
242.0 508.0
243.0 443.0
244.0 479.0
245.0 490.0
246.0 497.0
247.0 536.0
248.0 534.0
249.0 510.0
