0.0 37.0
1.0 80.0
2.0 139.0
3.0 38.0
4.0 112.0
5.0 97.0
6.0 218.0
7.0 203.0
8.0 333.0
9.0 374.0
10.0 592.0
11.0 687.0
12.0 651.0
13.0 803.0
14.0 848.0
15.0 941.0
16.0 866.0
17.0 869.0
18.0 797.0
19.0 814.0
20.0 860.0
21.0 949.0
22.0 903.0
23.0 695.0
24.0 837.0
25.0 893.0
26.0 1190.0
27.0 1410.0
28.0 1280.0
29.0 1100.0
30.0 590.0
31.0 876.0
32.0 1010.0
33.0 980.0
34.0 1050.0
35.0 147.0
36.0 13.0
37.0 28.0
38.0 265.0
39.0 1150.0
40.0 1170.0
41.0 311.0
42.0 421.0
43.0 21.0
44.0 8.0
45.0 14.0
46.0 18.0
47.0 38.0
48.0 17.0
49.0 109.0
50.0 121.0
51.0 394.0
52.0 656.0
53.0 766.0
54.0 865.0
55.0 938.0
56.0 966.0
57.0 1220.0
58.0 1230.0
59.0 1370.0
60.0 1220.0
61.0 953.0
62.0 1090.0
63.0 975.0
64.0 1220.0
65.0 1070.0
66.0 1400.0
67.0 1340.0
68.0 1250.0
69.0 116.0
70.0 114.0
71.0 120.0
72.0 1120.0
73.0 687.0
74.0 869.0
75.0 853.0
76.0 1050.0
77.0 983.0
78.0 596.0
79.0 658.0
80.0 795.0
81.0 1010.0
82.0 1240.0
83.0 962.0
84.0 1000.0
85.0 1230.0
86.0 1310.0
87.0 974.0
88.0 835.0
89.0 907.0
90.0 282.0
91.0 112.0
92.0 87.0
93.0 925.0
94.0 1140.0
95.0 1160.0
96.0 1330.0
97.0 1280.0
98.0 1370.0
99.0 1260.0
100.0 1210.0
101.0 1560.0
102.0 643.0
103.0 260.0
104.0 301.0
105.0 98.0
106.0 0.0
107.0 73.0
108.0 162.0
109.0 110.0
110.0 62.0
111.0 28.0
112.0 89.0
113.0 206.0
114.0 86.0
115.0 122.0
116.0 33.0
117.0 30.0
118.0 30.0
119.0 130.0
120.0 58.0
121.0 74.0
122.0 69.0
123.0 68.0
124.0 74.0
125.0 39.0
126.0 90.0
127.0 67.0
128.0 77.0
129.0 62.0
130.0 83.0
131.0 117.0
132.0 110.0
133.0 452.0
134.0 471.0
135.0 509.0
136.0 556.0
137.0 532.0
138.0 103.0
139.0 114.0
140.0 505.0
141.0 631.0
142.0 701.0
143.0 332.0
144.0 419.0
145.0 426.0
146.0 99.0
147.0 84.0
148.0 80.0
149.0 43.0
150.0 82.0
151.0 62.0
152.0 46.0
153.0 67.0
154.0 58.0
155.0 78.0
156.0 117.0
157.0 119.0
158.0 119.0
159.0 105.0
160.0 117.0
161.0 101.0
162.0 100.0
163.0 95.0
164.0 122.0
165.0 93.0
166.0 115.0
167.0 107.0
168.0 104.0
169.0 113.0
170.0 76.0
171.0 84.0
172.0 362.0
173.0 473.0
174.0 424.0
175.0 524.0
176.0 426.0
177.0 488.0
178.0 565.0
179.0 607.0
180.0 628.0
181.0 456.0
182.0 536.0
183.0 734.0
184.0 1050.0
185.0 1010.0
186.0 831.0
187.0 1000.0
188.0 1010.0
189.0 1100.0
190.0 308.0
191.0 966.0
192.0 1110.0
193.0 1150.0
194.0 1170.0
195.0 1170.0
196.0 1210.0
197.0 746.0
198.0 756.0
199.0 786.0
200.0 470.0
201.0 656.0
202.0 94.0
203.0 122.0
204.0 459.0
205.0 747.0
206.0 867.0
207.0 804.0
208.0 927.0
209.0 887.0
210.0 814.0
211.0 890.0
212.0 701.0
213.0 711.0
214.0 756.0
215.0 653.0
216.0 663.0
217.0 356.0
218.0 516.0
219.0 332.0
220.0 181.0
221.0 173.0
222.0 206.0
223.0 173.0
224.0 157.0
225.0 162.0
226.0 183.0
227.0 214.0
228.0 230.0
229.0 195.0
230.0 194.0
231.0 223.0
232.0 179.0
233.0 140.0
234.0 68.0
235.0 93.0
236.0 124.0
237.0 934.0
238.0 1060.0
239.0 1360.0
240.0 1360.0
241.0 1520.0
242.0 1350.0
243.0 1280.0
244.0 1160.0
245.0 1370.0
246.0 1390.0
247.0 1340.0
248.0 1440.0
249.0 1680.0
250.0 1520.0
251.0 1350.0
252.0 1380.0
253.0 1180.0
254.0 904.0
255.0 1220.0
256.0 1250.0
257.0 1270.0
258.0 1300.0
259.0 1410.0
260.0 1330.0
261.0 1210.0
262.0 1420.0
263.0 1670.0
264.0 720.0
265.0 111.0
266.0 100.0
267.0 940.0
268.0 1140.0
269.0 867.0
270.0 1000.0
271.0 975.0
272.0 1420.0
273.0 997.0
274.0 1100.0
275.0 1040.0
276.0 1360.0
277.0 1050.0
278.0 1520.0
279.0 1580.0
280.0 1240.0
281.0 1530.0
282.0 1430.0
283.0 1370.0
284.0 1590.0
285.0 1490.0
286.0 1580.0
287.0 1710.0
288.0 1500.0
289.0 1240.0
290.0 1690.0
291.0 1660.0
292.0 1750.0
293.0 1660.0
294.0 1660.0
295.0 1690.0
296.0 1550.0
297.0 1660.0
298.0 1570.0
299.0 1700.0
300.0 1650.0
301.0 1660.0
302.0 1310.0
303.0 1730.0
304.0 1560.0
305.0 1230.0
306.0 1330.0
307.0 916.0
308.0 1170.0
309.0 954.0
310.0 823.0
311.0 978.0
312.0 813.0
313.0 1120.0
314.0 1540.0
315.0 732.0
316.0 679.0
317.0 685.0
318.0 729.0
319.0 950.0
320.0 967.0
321.0 867.0
322.0 535.0
323.0 251.0
324.0 748.0
325.0 173.0
326.0 382.0
327.0 217.0
328.0 6.0
329.0 15.0
330.0 80.0
331.0 75.0
332.0 124.0
333.0 125.0
334.0 99.0
335.0 96.0
336.0 103.0
337.0 270.0
338.0 431.0
339.0 322.0
340.0 37.0
341.0 58.0
342.0 65.0
343.0 63.0
344.0 54.0
345.0 32.0
346.0 101.0
347.0 118.0
348.0 114.0
349.0 124.0
350.0 32.0
351.0 39.0
352.0 26.0
353.0 35.0
354.0 34.0
355.0 45.0
356.0 12.0
357.0 25.0
358.0 48.0
359.0 30.0
360.0 34.0
361.0 38.0
362.0 36.0
363.0 28.0
364.0 16.0
365.0 115.0
366.0 117.0
367.0 243.0
368.0 248.0
369.0 188.0
370.0 230.0
371.0 220.0
372.0 221.0
373.0 280.0
374.0 348.0
375.0 401.0
376.0 376.0
377.0 411.0
378.0 465.0
379.0 511.0
380.0 526.0
381.0 590.0
382.0 89.0
383.0 8.0
384.0 0.0
385.0 8.0
386.0 15.0
387.0 89.0
388.0 92.0
389.0 105.0
390.0 285.0
391.0 281.0
392.0 272.0
393.0 284.0
394.0 277.0
395.0 323.0
396.0 334.0
397.0 117.0
398.0 339.0
399.0 338.0
400.0 417.0
401.0 485.0
402.0 399.0
403.0 478.0
404.0 486.0
405.0 480.0
406.0 515.0
407.0 492.0
408.0 560.0
409.0 568.0
410.0 569.0
411.0 596.0
412.0 586.0
413.0 548.0
414.0 684.0
415.0 689.0
416.0 476.0
417.0 728.0
418.0 583.0
419.0 427.0
420.0 536.0
421.0 418.0
422.0 2.0
423.0 3.0
424.0 88.0
425.0 75.0
426.0 0.0
427.0 11.0
428.0 118.0
429.0 107.0
430.0 153.0
431.0 334.0
432.0 472.0
433.0 518.0
434.0 550.0
435.0 506.0
436.0 514.0
437.0 333.0
438.0 175.0
439.0 387.0
440.0 356.0
441.0 4.0
442.0 93.0
443.0 116.0
444.0 416.0
445.0 534.0
446.0 433.0
447.0 310.0
448.0 329.0
449.0 133.0
450.0 9.0
451.0 0.0
452.0 118.0
453.0 403.0
454.0 585.0
455.0 606.0
456.0 816.0
457.0 666.0
458.0 750.0
459.0 762.0
460.0 772.0
461.0 993.0
462.0 784.0
463.0 866.0
464.0 970.0
465.0 820.0
466.0 1040.0
467.0 992.0
468.0 992.0
469.0 907.0
470.0 1010.0
471.0 933.0
472.0 1080.0
473.0 1050.0
474.0 1080.0
475.0 1380.0
476.0 1230.0
477.0 1240.0
478.0 1520.0
479.0 1270.0
480.0 1630.0
481.0 1550.0
482.0 1480.0
483.0 1110.0
484.0 1230.0
485.0 1280.0
486.0 910.0
487.0 594.0
488.0 16.0
489.0 110.0
490.0 115.0
491.0 395.0
492.0 931.0
493.0 1070.0
494.0 1080.0
495.0 1090.0
496.0 959.0
497.0 1130.0
498.0 975.0
499.0 975.0
500.0 1100.0
501.0 631.0
502.0 810.0
503.0 876.0
504.0 938.0
505.0 829.0
506.0 872.0
507.0 947.0
508.0 892.0
509.0 640.0
510.0 48.0
511.0 0.0
512.0 123.0
513.0 660.0
514.0 802.0
515.0 855.0
516.0 920.0
517.0 979.0
518.0 1010.0
519.0 1030.0
520.0 983.0
521.0 842.0
522.0 913.0
523.0 913.0
524.0 818.0
525.0 994.0
526.0 1040.0
527.0 742.0
528.0 955.0
529.0 1070.0
530.0 926.0
531.0 1010.0
532.0 926.0
533.0 752.0
534.0 883.0
535.0 12.0
536.0 106.0
537.0 232.0
538.0 587.0
539.0 669.0
540.0 716.0
541.0 950.0
542.0 910.0
543.0 682.0
544.0 850.0
545.0 894.0
546.0 875.0
547.0 904.0
548.0 911.0
549.0 963.0
550.0 932.0
551.0 987.0
552.0 858.0
553.0 1020.0
554.0 822.0
555.0 1020.0
556.0 1060.0
557.0 784.0
558.0 1080.0
559.0 955.0
560.0 983.0
561.0 960.0
562.0 1180.0
563.0 1140.0
564.0 1080.0
565.0 1130.0
566.0 978.0
567.0 781.0
568.0 765.0
569.0 1010.0
570.0 1120.0
571.0 942.0
572.0 989.0
573.0 837.0
574.0 963.0
575.0 929.0
576.0 922.0
577.0 881.0
578.0 909.0
579.0 1000.0
580.0 837.0
581.0 946.0
582.0 921.0
583.0 830.0
584.0 962.0
585.0 906.0
586.0 980.0
587.0 846.0
588.0 888.0
589.0 875.0
590.0 980.0
591.0 842.0
592.0 967.0
593.0 952.0
594.0 860.0
595.0 872.0
596.0 876.0
597.0 483.0
598.0 627.0
599.0 592.0
600.0 511.0
601.0 454.0
602.0 246.0
603.0 2.0
604.0 0.0
605.0 1.0
606.0 6.0
607.0 2.0
608.0 0.0
609.0 6.0
610.0 5.0
611.0 2.0
612.0 8.0
613.0 9.0
614.0 0.0
615.0 124.0
616.0 115.0
617.0 61.0
618.0 68.0
619.0 122.0
620.0 120.0
621.0 144.0
622.0 179.0
623.0 232.0
624.0 271.0
625.0 307.0
626.0 345.0
627.0 457.0
628.0 406.0
629.0 508.0
630.0 526.0
631.0 551.0
632.0 373.0
633.0 362.0
634.0 560.0
635.0 576.0
636.0 645.0
637.0 582.0
638.0 719.0
639.0 721.0
640.0 740.0
641.0 760.0
642.0 761.0
643.0 790.0
644.0 783.0
645.0 650.0
646.0 597.0
647.0 636.0
648.0 543.0
649.0 422.0
650.0 502.0
651.0 547.0
652.0 442.0
653.0 480.0
654.0 545.0
655.0 529.0
656.0 555.0
657.0 638.0
658.0 516.0
659.0 380.0
660.0 326.0
661.0 481.0
662.0 457.0
663.0 341.0
664.0 346.0
665.0 563.0
666.0 465.0
667.0 463.0
668.0 407.0
669.0 555.0
670.0 571.0
671.0 530.0
672.0 515.0
673.0 651.0
674.0 604.0
675.0 587.0
676.0 495.0
677.0 397.0
678.0 682.0
679.0 558.0
680.0 585.0
681.0 448.0
682.0 414.0
683.0 468.0
684.0 493.0
685.0 575.0
686.0 393.0
687.0 350.0
688.0 399.0
689.0 338.0
690.0 398.0
691.0 278.0
692.0 262.0
693.0 342.0
694.0 337.0
695.0 328.0
696.0 279.0
697.0 234.0
698.0 212.0
699.0 288.0
700.0 366.0
701.0 277.0
702.0 279.0
703.0 357.0
704.0 356.0
705.0 147.0
706.0 111.0
707.0 301.0
708.0 262.0
709.0 109.0
710.0 127.0
711.0 235.0
712.0 53.0
713.0 0.0
714.0 28.0
715.0 0.0
716.0 105.0
717.0 111.0
718.0 115.0
719.0 102.0
720.0 120.0
721.0 105.0
722.0 125.0
723.0 103.0
724.0 101.0
725.0 122.0
726.0 118.0
727.0 123.0
728.0 110.0
729.0 98.0
730.0 106.0
731.0 107.0
732.0 114.0
733.0 89.0
734.0 119.0
735.0 98.0
736.0 119.0
737.0 106.0
738.0 108.0
739.0 121.0
740.0 118.0
741.0 102.0
742.0 92.0
743.0 117.0
744.0 118.0
745.0 119.0
746.0 93.0
747.0 100.0
748.0 117.0
