0.0 81.0
1.0 159.0
2.0 620.0
3.0 697.0
4.0 767.0
5.0 837.0
6.0 822.0
7.0 876.0
8.0 330.0
9.0 0.0
10.0 296.0
11.0 1090.0
12.0 1180.0
13.0 1290.0
14.0 1450.0
15.0 1480.0
16.0 1420.0
17.0 1180.0
18.0 1290.0
19.0 1130.0
20.0 898.0
21.0 1080.0
22.0 1200.0
23.0 1330.0
24.0 1140.0
25.0 990.0
26.0 1140.0
27.0 1260.0
28.0 720.0
29.0 719.0
30.0 207.0
31.0 344.0
32.0 166.0
33.0 131.0
34.0 27.0
35.0 35.0
36.0 106.0
37.0 108.0
38.0 110.0
39.0 120.0
40.0 707.0
41.0 1290.0
42.0 1320.0
43.0 976.0
44.0 1070.0
45.0 1240.0
46.0 1420.0
47.0 928.0
48.0 819.0
49.0 982.0
50.0 992.0
51.0 902.0
52.0 862.0
53.0 107.0
54.0 105.0
55.0 160.0
56.0 787.0
57.0 1180.0
58.0 1160.0
59.0 729.0
60.0 731.0
61.0 744.0
62.0 791.0
63.0 762.0
64.0 682.0
65.0 968.0
66.0 842.0
67.0 954.0
68.0 691.0
69.0 702.0
70.0 843.0
71.0 908.0
72.0 753.0
73.0 757.0
74.0 758.0
75.0 764.0
76.0 782.0
77.0 800.0
78.0 818.0
79.0 783.0
80.0 465.0
81.0 28.0
82.0 319.0
83.0 311.0
84.0 119.0
85.0 123.0
86.0 89.0
87.0 285.0
88.0 585.0
89.0 793.0
90.0 665.0
91.0 4.0
92.0 0.0
93.0 87.0
94.0 108.0
95.0 631.0
96.0 946.0
97.0 985.0
98.0 1100.0
99.0 949.0
100.0 870.0
101.0 678.0
102.0 660.0
103.0 989.0
104.0 763.0
105.0 868.0
106.0 689.0
107.0 531.0
108.0 983.0
109.0 1120.0
110.0 1130.0
111.0 1330.0
112.0 1310.0
113.0 1140.0
114.0 1190.0
115.0 1020.0
116.0 1200.0
117.0 980.0
118.0 916.0
119.0 943.0
120.0 818.0
121.0 777.0
122.0 744.0
123.0 394.0
124.0 537.0
125.0 863.0
126.0 799.0
127.0 680.0
128.0 790.0
129.0 928.0
130.0 1190.0
131.0 780.0
132.0 744.0
133.0 707.0
134.0 159.0
135.0 509.0
136.0 447.0
137.0 913.0
138.0 919.0
139.0 555.0
140.0 106.0
141.0 76.0
142.0 363.0
143.0 62.0
144.0 458.0
145.0 258.0
146.0 266.0
147.0 88.0
148.0 123.0
149.0 114.0
150.0 288.0
151.0 505.0
152.0 463.0
153.0 223.0
154.0 121.0
155.0 94.0
156.0 104.0
157.0 125.0
158.0 108.0
159.0 89.0
160.0 96.0
161.0 183.0
162.0 16.0
163.0 1.0
164.0 19.0
165.0 78.0
166.0 113.0
167.0 40.0
168.0 204.0
169.0 401.0
170.0 437.0
171.0 460.0
172.0 379.0
173.0 462.0
174.0 222.0
175.0 167.0
176.0 352.0
177.0 68.0
178.0 254.0
179.0 97.0
180.0 391.0
181.0 438.0
182.0 417.0
183.0 495.0
184.0 530.0
185.0 250.0
186.0 450.0
187.0 250.0
188.0 284.0
189.0 511.0
190.0 569.0
191.0 580.0
192.0 587.0
193.0 586.0
194.0 611.0
195.0 563.0
196.0 494.0
197.0 575.0
198.0 589.0
199.0 553.0
200.0 381.0
201.0 16.0
202.0 52.0
203.0 59.0
204.0 33.0
205.0 15.0
206.0 21.0
207.0 120.0
208.0 107.0
209.0 81.0
210.0 201.0
211.0 213.0
212.0 250.0
213.0 284.0
214.0 324.0
215.0 341.0
216.0 368.0
217.0 413.0
218.0 434.0
219.0 487.0
220.0 608.0
221.0 650.0
222.0 670.0
223.0 737.0
224.0 918.0
225.0 566.0
226.0 542.0
227.0 904.0
228.0 823.0
229.0 311.0
230.0 5.0
231.0 27.0
232.0 76.0
233.0 87.0
234.0 44.0
235.0 20.0
236.0 63.0
237.0 146.0
238.0 224.0
239.0 546.0
240.0 11.0
241.0 77.0
242.0 81.0
243.0 76.0
244.0 623.0
245.0 713.0
246.0 862.0
247.0 1010.0
248.0 994.0
249.0 1180.0
250.0 1020.0
251.0 919.0
252.0 998.0
253.0 1050.0
254.0 1020.0
255.0 1140.0
256.0 922.0
257.0 954.0
258.0 996.0
259.0 1010.0
260.0 916.0
261.0 986.0
262.0 883.0
263.0 1160.0
264.0 1110.0
265.0 898.0
266.0 943.0
267.0 1100.0
268.0 1120.0
269.0 1280.0
270.0 895.0
271.0 1060.0
272.0 1100.0
273.0 821.0
274.0 951.0
275.0 957.0
276.0 996.0
277.0 1020.0
278.0 920.0
279.0 953.0
280.0 1050.0
281.0 1020.0
282.0 756.0
283.0 1040.0
284.0 630.0
285.0 980.0
286.0 986.0
287.0 1030.0
288.0 1110.0
289.0 941.0
290.0 837.0
291.0 962.0
292.0 1040.0
293.0 1160.0
294.0 1380.0
295.0 804.0
296.0 584.0
297.0 814.0
298.0 992.0
299.0 676.0
300.0 272.0
301.0 566.0
302.0 776.0
303.0 517.0
304.0 27.0
305.0 230.0
306.0 109.0
307.0 2.0
308.0 119.0
309.0 116.0
310.0 96.0
311.0 586.0
312.0 603.0
313.0 789.0
314.0 729.0
315.0 839.0
316.0 936.0
317.0 1160.0
318.0 1320.0
319.0 1190.0
320.0 1180.0
321.0 1280.0
322.0 1630.0
323.0 1520.0
324.0 1780.0
325.0 1410.0
326.0 1400.0
327.0 918.0
328.0 853.0
329.0 1100.0
330.0 1130.0
331.0 717.0
332.0 1140.0
333.0 1220.0
334.0 1160.0
335.0 1250.0
336.0 1030.0
337.0 1280.0
338.0 931.0
339.0 1190.0
340.0 1260.0
341.0 1130.0
342.0 1050.0
343.0 852.0
344.0 939.0
345.0 1020.0
346.0 831.0
347.0 905.0
348.0 836.0
349.0 969.0
350.0 876.0
351.0 840.0
352.0 957.0
353.0 670.0
354.0 907.0
355.0 1210.0
356.0 1540.0
357.0 1410.0
358.0 1160.0
359.0 1500.0
360.0 1200.0
361.0 1200.0
362.0 831.0
363.0 1050.0
364.0 1360.0
365.0 936.0
366.0 1010.0
367.0 1280.0
368.0 409.0
369.0 299.0
370.0 805.0
371.0 913.0
372.0 1160.0
373.0 1090.0
374.0 1080.0
375.0 1140.0
376.0 1120.0
377.0 1180.0
378.0 1080.0
379.0 1250.0
380.0 1300.0
381.0 1180.0
382.0 1110.0
383.0 1080.0
384.0 1020.0
385.0 1170.0
386.0 1100.0
387.0 1060.0
388.0 1190.0
389.0 1140.0
390.0 1020.0
391.0 978.0
392.0 1150.0
393.0 1010.0
394.0 1190.0
395.0 1140.0
396.0 1090.0
397.0 1120.0
398.0 797.0
399.0 941.0
400.0 1060.0
401.0 995.0
402.0 1030.0
403.0 925.0
404.0 851.0
405.0 857.0
406.0 828.0
407.0 766.0
408.0 706.0
409.0 603.0
410.0 687.0
411.0 381.0
412.0 35.0
413.0 0.0
414.0 3.0
415.0 85.0
416.0 123.0
417.0 123.0
418.0 112.0
419.0 457.0
420.0 900.0
421.0 878.0
422.0 878.0
423.0 952.0
424.0 809.0
425.0 458.0
426.0 123.0
427.0 226.0
428.0 7.0
429.0 300.0
430.0 401.0
431.0 227.0
432.0 33.0
433.0 15.0
434.0 11.0
435.0 123.0
436.0 114.0
437.0 94.0
438.0 346.0
439.0 470.0
440.0 514.0
441.0 430.0
442.0 484.0
443.0 463.0
444.0 583.0
445.0 538.0
446.0 449.0
447.0 559.0
448.0 603.0
449.0 737.0
450.0 625.0
451.0 828.0
452.0 664.0
453.0 604.0
454.0 952.0
455.0 925.0
456.0 862.0
457.0 935.0
458.0 702.0
459.0 947.0
460.0 1090.0
461.0 1040.0
462.0 791.0
463.0 1020.0
464.0 1320.0
465.0 1200.0
466.0 986.0
467.0 1450.0
468.0 1430.0
469.0 1470.0
470.0 974.0
471.0 992.0
472.0 890.0
473.0 871.0
474.0 1320.0
475.0 1070.0
476.0 994.0
477.0 1110.0
478.0 997.0
479.0 886.0
480.0 1050.0
481.0 889.0
482.0 961.0
483.0 816.0
484.0 736.0
485.0 784.0
486.0 682.0
487.0 708.0
488.0 753.0
489.0 785.0
490.0 727.0
491.0 696.0
492.0 798.0
493.0 647.0
494.0 549.0
495.0 682.0
496.0 735.0
497.0 740.0
498.0 491.0
499.0 733.0
500.0 502.0
501.0 728.0
502.0 589.0
503.0 196.0
504.0 69.0
505.0 595.0
506.0 634.0
507.0 694.0
508.0 117.0
509.0 110.0
510.0 98.0
511.0 97.0
512.0 124.0
513.0 108.0
514.0 110.0
515.0 124.0
516.0 116.0
517.0 113.0
518.0 120.0
519.0 122.0
520.0 119.0
521.0 105.0
522.0 95.0
523.0 124.0
524.0 105.0
525.0 97.0
526.0 111.0
527.0 103.0
528.0 125.0
529.0 118.0
530.0 117.0
531.0 115.0
532.0 101.0
533.0 90.0
534.0 105.0
535.0 115.0
536.0 17.0
537.0 79.0
538.0 89.0
539.0 73.0
540.0 80.0
541.0 50.0
542.0 116.0
543.0 5.0
544.0 17.0
545.0 76.0
546.0 282.0
547.0 19.0
548.0 67.0
549.0 4.0
550.0 2.0
551.0 13.0
552.0 2.0
553.0 0.0
554.0 11.0
555.0 20.0
556.0 13.0
557.0 13.0
558.0 13.0
559.0 84.0
560.0 125.0
561.0 82.0
562.0 108.0
563.0 107.0
564.0 96.0
565.0 105.0
566.0 118.0
567.0 113.0
568.0 94.0
569.0 118.0
570.0 120.0
571.0 116.0
572.0 101.0
573.0 108.0
574.0 82.0
575.0 124.0
576.0 120.0
577.0 118.0
578.0 114.0
579.0 99.0
580.0 90.0
581.0 120.0
582.0 89.0
583.0 125.0
584.0 125.0
585.0 112.0
586.0 91.0
587.0 81.0
588.0 107.0
589.0 124.0
590.0 124.0
591.0 103.0
592.0 110.0
593.0 104.0
594.0 122.0
595.0 98.0
596.0 94.0
597.0 111.0
598.0 96.0
599.0 125.0
600.0 120.0
601.0 124.0
602.0 109.0
603.0 101.0
604.0 105.0
605.0 125.0
606.0 79.0
607.0 92.0
608.0 119.0
609.0 112.0
610.0 113.0
611.0 123.0
612.0 119.0
613.0 101.0
614.0 100.0
615.0 112.0
616.0 104.0
617.0 108.0
618.0 114.0
619.0 115.0
620.0 102.0
621.0 104.0
622.0 122.0
623.0 80.0
624.0 77.0
625.0 181.0
626.0 226.0
627.0 225.0
628.0 285.0
629.0 344.0
630.0 357.0
631.0 355.0
632.0 414.0
633.0 381.0
634.0 365.0
635.0 488.0
636.0 517.0
637.0 428.0
638.0 438.0
639.0 571.0
640.0 488.0
641.0 669.0
642.0 732.0
643.0 489.0
644.0 771.0
645.0 840.0
646.0 533.0
647.0 679.0
648.0 858.0
649.0 716.0
650.0 651.0
651.0 532.0
652.0 615.0
653.0 674.0
654.0 733.0
655.0 760.0
656.0 1040.0
657.0 1070.0
658.0 1070.0
659.0 808.0
660.0 749.0
661.0 831.0
662.0 608.0
663.0 632.0
664.0 505.0
665.0 419.0
666.0 273.0
667.0 19.0
668.0 2.0
669.0 9.0
670.0 0.0
671.0 17.0
672.0 14.0
673.0 85.0
674.0 109.0
675.0 106.0
676.0 102.0
677.0 0.0
678.0 123.0
679.0 357.0
680.0 488.0
681.0 496.0
682.0 545.0
683.0 526.0
684.0 499.0
685.0 569.0
686.0 520.0
687.0 645.0
688.0 585.0
689.0 561.0
690.0 551.0
691.0 406.0
692.0 137.0
693.0 17.0
694.0 0.0
695.0 2.0
696.0 6.0
697.0 9.0
698.0 122.0
699.0 103.0
700.0 84.0
701.0 87.0
702.0 82.0
703.0 90.0
704.0 112.0
705.0 96.0
706.0 90.0
707.0 110.0
708.0 105.0
709.0 87.0
710.0 109.0
711.0 112.0
712.0 114.0
713.0 124.0
714.0 123.0
715.0 122.0
716.0 119.0
717.0 122.0
718.0 95.0
719.0 109.0
720.0 98.0
721.0 113.0
722.0 103.0
723.0 120.0
724.0 94.0
725.0 124.0
726.0 91.0
727.0 95.0
728.0 113.0
729.0 124.0
730.0 86.0
731.0 114.0
732.0 122.0
733.0 114.0
734.0 119.0
735.0 110.0
736.0 124.0
737.0 122.0
738.0 112.0
739.0 118.0
740.0 118.0
741.0 97.0
742.0 98.0
743.0 95.0
744.0 124.0
745.0 119.0
746.0 119.0
747.0 105.0
748.0 117.0
749.0 103.0
750.0 116.0
751.0 113.0
752.0 116.0
753.0 123.0
754.0 99.0
755.0 111.0
756.0 120.0
757.0 98.0
758.0 107.0
759.0 94.0
760.0 112.0
761.0 100.0
762.0 109.0
763.0 106.0
764.0 123.0
765.0 124.0
766.0 109.0
767.0 90.0
768.0 113.0
769.0 109.0
770.0 122.0
771.0 103.0
772.0 105.0
773.0 121.0
774.0 125.0
775.0 111.0
776.0 56.0
777.0 32.0
778.0 0.0
779.0 0.0
780.0 0.0
781.0 0.0
782.0 87.0
783.0 108.0
784.0 74.0
785.0 136.0
786.0 154.0
787.0 165.0
788.0 186.0
789.0 209.0
790.0 237.0
791.0 200.0
792.0 100.0
793.0 113.0
794.0 113.0
795.0 107.0
796.0 68.0
797.0 144.0
