0.0 47.0
1.0 145.0
2.0 281.0
3.0 473.0
4.0 520.0
5.0 658.0
6.0 699.0
7.0 700.0
8.0 820.0
9.0 875.0
10.0 738.0
11.0 689.0
12.0 473.0
13.0 750.0
14.0 782.0
15.0 865.0
16.0 866.0
17.0 872.0
18.0 782.0
19.0 979.0
20.0 682.0
21.0 949.0
22.0 1120.0
23.0 1210.0
24.0 649.0
25.0 899.0
26.0 742.0
27.0 583.0
28.0 734.0
29.0 849.0
30.0 622.0
31.0 669.0
32.0 905.0
33.0 793.0
34.0 734.0
35.0 582.0
36.0 385.0
37.0 932.0
38.0 1170.0
39.0 990.0
40.0 385.0
41.0 123.0
42.0 9.0
43.0 189.0
44.0 1130.0
45.0 963.0
46.0 731.0
47.0 701.0
48.0 1080.0
49.0 625.0
50.0 818.0
51.0 748.0
52.0 86.0
53.0 96.0
54.0 108.0
55.0 282.0
56.0 406.0
57.0 734.0
58.0 829.0
59.0 890.0
60.0 885.0
61.0 927.0
62.0 404.0
63.0 102.0
64.0 98.0
65.0 516.0
66.0 728.0
67.0 664.0
68.0 758.0
69.0 819.0
70.0 0.0
71.0 0.0
72.0 0.0
73.0 0.0
74.0 0.0
75.0 109.0
76.0 122.0
77.0 504.0
78.0 88.0
79.0 0.0
80.0 0.0
81.0 0.0
82.0 0.0
83.0 96.0
84.0 85.0
85.0 254.0
86.0 184.0
87.0 82.0
88.0 121.0
89.0 212.0
90.0 157.0
91.0 17.0
92.0 0.0
93.0 0.0
94.0 0.0
95.0 0.0
96.0 89.0
97.0 92.0
98.0 189.0
99.0 421.0
100.0 439.0
101.0 108.0
102.0 107.0
103.0 299.0
104.0 306.0
105.0 320.0
106.0 307.0
107.0 319.0
108.0 327.0
109.0 303.0
110.0 352.0
111.0 351.0
112.0 358.0
113.0 401.0
114.0 463.0
115.0 550.0
116.0 661.0
117.0 733.0
118.0 837.0
119.0 528.0
120.0 873.0
121.0 1120.0
122.0 722.0
123.0 810.0
124.0 955.0
125.0 904.0
126.0 725.0
127.0 784.0
128.0 489.0
129.0 67.0
130.0 114.0
131.0 98.0
132.0 580.0
133.0 781.0
134.0 1050.0
135.0 950.0
136.0 1120.0
137.0 1190.0
138.0 816.0
139.0 807.0
140.0 913.0
141.0 1090.0
142.0 1020.0
143.0 1270.0
144.0 1240.0
145.0 1320.0
146.0 1550.0
147.0 1430.0
148.0 1280.0
149.0 1230.0
150.0 1300.0
151.0 1270.0
152.0 1260.0
153.0 1190.0
154.0 1200.0
155.0 1020.0
156.0 114.0
157.0 116.0
158.0 416.0
159.0 910.0
160.0 975.0
161.0 843.0
162.0 1020.0
163.0 1090.0
164.0 1400.0
165.0 1250.0
166.0 813.0
167.0 937.0
168.0 751.0
169.0 110.0
170.0 42.0
171.0 1.0
172.0 52.0
173.0 232.0
174.0 3.0
175.0 0.0
176.0 0.0
177.0 99.0
178.0 121.0
179.0 411.0
180.0 727.0
181.0 605.0
182.0 814.0
183.0 782.0
184.0 829.0
185.0 855.0
186.0 744.0
187.0 866.0
188.0 808.0
189.0 992.0
190.0 783.0
191.0 760.0
192.0 930.0
193.0 859.0
194.0 1010.0
195.0 901.0
196.0 860.0
197.0 861.0
198.0 982.0
199.0 1230.0
200.0 986.0
201.0 1160.0
202.0 1070.0
203.0 1050.0
204.0 1080.0
205.0 1110.0
206.0 967.0
207.0 1020.0
208.0 1000.0
209.0 1190.0
210.0 1090.0
211.0 1040.0
212.0 1050.0
213.0 1030.0
214.0 922.0
215.0 961.0
216.0 927.0
217.0 1040.0
218.0 1040.0
219.0 1060.0
220.0 982.0
221.0 1030.0
222.0 931.0
223.0 968.0
224.0 948.0
225.0 1060.0
226.0 949.0
227.0 916.0
228.0 931.0
229.0 944.0
230.0 1100.0
231.0 1270.0
232.0 124.0
233.0 203.0
234.0 1020.0
235.0 1590.0
236.0 1420.0
237.0 976.0
238.0 1520.0
239.0 1220.0
240.0 883.0
241.0 936.0
242.0 742.0
243.0 834.0
244.0 862.0
245.0 775.0
246.0 822.0
247.0 761.0
248.0 518.0
249.0 549.0
250.0 756.0
251.0 484.0
252.0 253.0
253.0 63.0
254.0 52.0
255.0 113.0
256.0 98.0
257.0 197.0
258.0 116.0
259.0 112.0
260.0 134.0
261.0 124.0
262.0 136.0
263.0 120.0
264.0 117.0
265.0 94.0
266.0 81.0
267.0 70.0
268.0 63.0
269.0 80.0
270.0 75.0
271.0 78.0
272.0 77.0
273.0 68.0
274.0 59.0
275.0 58.0
276.0 62.0
277.0 56.0
278.0 57.0
279.0 57.0
280.0 36.0
281.0 30.0
282.0 33.0
283.0 114.0
284.0 117.0
285.0 107.0
286.0 191.0
287.0 318.0
288.0 335.0
289.0 403.0
290.0 259.0
291.0 85.0
292.0 120.0
293.0 108.0
294.0 156.0
295.0 310.0
296.0 413.0
297.0 466.0
298.0 449.0
299.0 496.0
300.0 476.0
301.0 485.0
302.0 524.0
303.0 455.0
304.0 514.0
305.0 593.0
306.0 692.0
307.0 656.0
308.0 817.0
309.0 974.0
310.0 869.0
311.0 633.0
312.0 990.0
313.0 799.0
314.0 1130.0
315.0 1010.0
316.0 943.0
317.0 1130.0
318.0 900.0
319.0 1070.0
320.0 1110.0
321.0 1450.0
322.0 1810.0
323.0 1670.0
324.0 1680.0
325.0 1460.0
326.0 1480.0
327.0 1710.0
328.0 1830.0
329.0 1600.0
330.0 1560.0
331.0 1760.0
332.0 1660.0
333.0 1520.0
334.0 1520.0
335.0 1510.0
336.0 1340.0
337.0 1290.0
338.0 1250.0
339.0 1390.0
340.0 1700.0
341.0 1360.0
342.0 1100.0
343.0 1040.0
344.0 1060.0
345.0 892.0
346.0 1040.0
347.0 1180.0
348.0 1070.0
349.0 990.0
350.0 778.0
351.0 855.0
352.0 1130.0
353.0 865.0
354.0 976.0
355.0 932.0
356.0 1070.0
357.0 816.0
358.0 171.0
359.0 717.0
360.0 1290.0
361.0 894.0
362.0 931.0
363.0 748.0
364.0 642.0
365.0 710.0
366.0 894.0
367.0 862.0
368.0 907.0
369.0 917.0
370.0 439.0
371.0 560.0
372.0 732.0
373.0 830.0
374.0 704.0
375.0 697.0
376.0 804.0
377.0 952.0
378.0 756.0
379.0 157.0
380.0 957.0
381.0 736.0
382.0 129.0
383.0 0.0
384.0 0.0
385.0 111.0
386.0 108.0
387.0 71.0
388.0 138.0
389.0 103.0
390.0 161.0
391.0 156.0
392.0 171.0
393.0 564.0
394.0 1130.0
395.0 1200.0
396.0 1440.0
397.0 1360.0
398.0 1410.0
399.0 1430.0
400.0 1660.0
401.0 1730.0
402.0 1250.0
403.0 1720.0
404.0 1350.0
405.0 1660.0
406.0 1810.0
407.0 1840.0
408.0 1680.0
409.0 1460.0
410.0 1550.0
411.0 1470.0
412.0 1790.0
413.0 1810.0
414.0 1480.0
415.0 1700.0
416.0 1660.0
417.0 1820.0
418.0 1750.0
419.0 1520.0
420.0 1590.0
421.0 1840.0
422.0 1740.0
423.0 1290.0
424.0 1610.0
425.0 1580.0
426.0 1690.0
427.0 1700.0
428.0 1260.0
429.0 1290.0
430.0 1370.0
431.0 1540.0
432.0 1070.0
433.0 1360.0
434.0 1520.0
435.0 1310.0
436.0 1520.0
437.0 1390.0
438.0 1300.0
439.0 1030.0
440.0 1100.0
441.0 1020.0
442.0 1160.0
443.0 1020.0
444.0 1410.0
445.0 1530.0
446.0 1050.0
447.0 1100.0
448.0 1370.0
449.0 1150.0
450.0 1700.0
451.0 1440.0
452.0 1490.0
453.0 1450.0
454.0 1470.0
455.0 1370.0
456.0 1500.0
457.0 1460.0
458.0 1230.0
459.0 1070.0
460.0 860.0
461.0 853.0
462.0 777.0
463.0 852.0
464.0 1030.0
465.0 1630.0
466.0 1280.0
467.0 1070.0
468.0 1140.0
469.0 864.0
470.0 710.0
471.0 537.0
472.0 491.0
473.0 67.0
474.0 95.0
475.0 103.0
476.0 124.0
477.0 122.0
478.0 114.0
479.0 120.0
480.0 118.0
481.0 108.0
482.0 88.0
483.0 113.0
484.0 122.0
485.0 64.0
486.0 338.0
487.0 304.0
488.0 183.0
489.0 0.0
490.0 0.0
491.0 100.0
492.0 115.0
493.0 77.0
494.0 76.0
495.0 96.0
496.0 105.0
497.0 332.0
498.0 563.0
499.0 559.0
500.0 595.0
501.0 613.0
502.0 583.0
503.0 565.0
504.0 535.0
505.0 634.0
506.0 547.0
507.0 538.0
508.0 1.0
509.0 99.0
510.0 112.0
511.0 10.0
512.0 20.0
513.0 24.0
514.0 156.0
515.0 754.0
516.0 887.0
517.0 947.0
518.0 1010.0
519.0 1160.0
520.0 1170.0
521.0 1020.0
522.0 1000.0
523.0 1100.0
524.0 1150.0
525.0 1060.0
526.0 1320.0
527.0 1110.0
528.0 996.0
529.0 1510.0
530.0 1410.0
531.0 837.0
532.0 1130.0
533.0 1640.0
534.0 1230.0
535.0 1540.0
536.0 1360.0
537.0 1210.0
538.0 1470.0
539.0 1580.0
540.0 1140.0
541.0 1480.0
542.0 999.0
543.0 889.0
544.0 826.0
545.0 806.0
546.0 697.0
547.0 0.0
548.0 9.0
549.0 0.0
550.0 0.0
551.0 115.0
552.0 115.0
553.0 375.0
554.0 581.0
555.0 585.0
556.0 685.0
557.0 747.0
558.0 653.0
559.0 550.0
560.0 1490.0
561.0 1730.0
562.0 1680.0
563.0 1470.0
564.0 1440.0
565.0 1060.0
566.0 1120.0
567.0 780.0
568.0 217.0
569.0 202.0
570.0 82.0
571.0 113.0
572.0 629.0
573.0 918.0
574.0 963.0
575.0 939.0
576.0 925.0
577.0 901.0
578.0 887.0
579.0 902.0
580.0 953.0
581.0 1020.0
582.0 1450.0
583.0 1350.0
584.0 1410.0
585.0 1450.0
586.0 1610.0
587.0 1480.0
588.0 1680.0
589.0 1560.0
590.0 1250.0
591.0 1690.0
592.0 1510.0
593.0 1560.0
594.0 695.0
595.0 13.0
596.0 0.0
597.0 15.0
598.0 76.0
599.0 113.0
600.0 119.0
601.0 23.0
602.0 45.0
603.0 166.0
604.0 291.0
605.0 276.0
606.0 135.0
607.0 39.0
608.0 53.0
609.0 87.0
610.0 22.0
611.0 19.0
612.0 16.0
613.0 44.0
614.0 13.0
615.0 29.0
616.0 17.0
617.0 11.0
618.0 49.0
619.0 43.0
620.0 20.0
621.0 9.0
622.0 11.0
623.0 9.0
624.0 17.0
625.0 14.0
626.0 4.0
627.0 110.0
628.0 103.0
629.0 30.0
630.0 14.0
631.0 28.0
632.0 16.0
633.0 25.0
634.0 16.0
635.0 6.0
636.0 17.0
637.0 13.0
638.0 23.0
639.0 22.0
640.0 11.0
641.0 19.0
642.0 13.0
643.0 3.0
644.0 13.0
645.0 13.0
646.0 32.0
647.0 37.0
648.0 37.0
649.0 15.0
650.0 10.0
651.0 4.0
652.0 19.0
653.0 30.0
654.0 46.0
655.0 23.0
656.0 5.0
657.0 8.0
658.0 23.0
659.0 39.0
660.0 42.0
661.0 2.0
662.0 23.0
663.0 41.0
664.0 33.0
665.0 67.0
666.0 63.0
667.0 11.0
668.0 8.0
669.0 43.0
670.0 41.0
671.0 80.0
672.0 104.0
673.0 110.0
674.0 44.0
675.0 99.0
676.0 77.0
677.0 160.0
678.0 110.0
679.0 132.0
680.0 207.0
681.0 195.0
682.0 25.0
683.0 133.0
684.0 71.0
685.0 65.0
686.0 129.0
687.0 129.0
688.0 112.0
689.0 0.0
690.0 109.0
691.0 85.0
692.0 111.0
693.0 37.0
694.0 112.0
695.0 161.0
696.0 295.0
697.0 443.0
698.0 440.0
699.0 487.0
700.0 505.0
701.0 413.0
702.0 619.0
703.0 753.0
704.0 799.0
705.0 771.0
706.0 982.0
707.0 679.0
708.0 903.0
709.0 1220.0
710.0 1110.0
711.0 1120.0
712.0 1020.0
713.0 685.0
714.0 501.0
715.0 696.0
716.0 907.0
717.0 1150.0
718.0 1120.0
719.0 951.0
720.0 848.0
721.0 1120.0
722.0 1020.0
723.0 1170.0
724.0 910.0
725.0 915.0
726.0 913.0
727.0 1050.0
728.0 1150.0
729.0 1150.0
730.0 872.0
731.0 982.0
732.0 767.0
733.0 398.0
734.0 76.0
735.0 347.0
736.0 809.0
737.0 1040.0
738.0 1240.0
739.0 1150.0
740.0 832.0
741.0 900.0
742.0 938.0
743.0 870.0
744.0 842.0
745.0 928.0
746.0 420.0
747.0 642.0
748.0 820.0
749.0 713.0
750.0 604.0
751.0 847.0
752.0 96.0
753.0 446.0
754.0 310.0
755.0 0.0
756.0 104.0
757.0 81.0
758.0 116.0
759.0 147.0
760.0 688.0
761.0 1510.0
762.0 1390.0
763.0 1600.0
764.0 1630.0
765.0 1690.0
766.0 1400.0
767.0 917.0
768.0 925.0
769.0 1210.0
770.0 568.0
771.0 487.0
772.0 671.0
773.0 886.0
774.0 366.0
775.0 370.0
776.0 13.0
777.0 9.0
778.0 108.0
779.0 114.0
780.0 105.0
781.0 99.0
782.0 105.0
783.0 80.0
784.0 86.0
785.0 122.0
786.0 120.0
787.0 101.0
788.0 109.0
789.0 122.0
790.0 118.0
791.0 118.0
792.0 103.0
793.0 114.0
794.0 106.0
795.0 83.0
796.0 114.0
797.0 104.0
798.0 117.0
799.0 115.0
