0.0 429.0
1.0 876.0
2.0 917.0
3.0 1100.0
4.0 789.0
5.0 991.0
6.0 1020.0
7.0 894.0
8.0 977.0
9.0 905.0
10.0 905.0
11.0 1020.0
12.0 1010.0
13.0 1080.0
14.0 943.0
15.0 865.0
16.0 976.0
17.0 1370.0
18.0 1160.0
19.0 1090.0
20.0 822.0
21.0 652.0
22.0 783.0
23.0 645.0
24.0 850.0
25.0 888.0
26.0 844.0
27.0 792.0
28.0 690.0
29.0 1300.0
30.0 701.0
31.0 599.0
32.0 767.0
33.0 1150.0
34.0 996.0
35.0 595.0
36.0 600.0
37.0 448.0
38.0 355.0
39.0 355.0
40.0 547.0
41.0 1190.0
42.0 473.0
43.0 78.0
44.0 123.0
45.0 539.0
46.0 486.0
47.0 775.0
48.0 661.0
49.0 57.0
50.0 43.0
51.0 116.0
52.0 109.0
53.0 530.0
54.0 620.0
55.0 681.0
56.0 666.0
57.0 747.0
58.0 634.0
59.0 569.0
60.0 696.0
61.0 459.0
62.0 713.0
63.0 515.0
64.0 237.0
65.0 0.0
66.0 0.0
67.0 0.0
68.0 0.0
69.0 3.0
70.0 98.0
71.0 99.0
72.0 652.0
73.0 782.0
74.0 236.0
75.0 0.0
76.0 0.0
77.0 0.0
78.0 0.0
79.0 0.0
80.0 75.0
81.0 124.0
82.0 113.0
83.0 0.0
84.0 0.0
85.0 0.0
86.0 0.0
87.0 0.0
88.0 0.0
89.0 100.0
90.0 96.0
91.0 191.0
92.0 195.0
93.0 281.0
94.0 705.0
95.0 109.0
96.0 124.0
97.0 112.0
98.0 936.0
99.0 1080.0
100.0 1010.0
101.0 1100.0
102.0 1090.0
103.0 1050.0
104.0 550.0
105.0 959.0
106.0 1080.0
107.0 982.0
108.0 880.0
109.0 1010.0
110.0 934.0
111.0 834.0
112.0 688.0
113.0 694.0
114.0 951.0
115.0 1080.0
116.0 1390.0
117.0 1180.0
118.0 810.0
119.0 679.0
120.0 252.0
121.0 266.0
122.0 229.0
123.0 670.0
124.0 522.0
125.0 111.0
126.0 624.0
127.0 766.0
128.0 691.0
129.0 308.0
130.0 480.0
131.0 155.0
132.0 2.0
133.0 20.0
134.0 96.0
135.0 92.0
136.0 909.0
137.0 928.0
138.0 1080.0
139.0 1170.0
140.0 1110.0
141.0 1310.0
142.0 1140.0
143.0 97.0
144.0 119.0
145.0 1110.0
146.0 1260.0
147.0 1170.0
148.0 904.0
149.0 1130.0
150.0 844.0
151.0 715.0
152.0 1150.0
153.0 1130.0
154.0 862.0
155.0 405.0
156.0 464.0
157.0 573.0
158.0 757.0
159.0 742.0
160.0 757.0
161.0 819.0
162.0 431.0
163.0 1200.0
164.0 972.0
165.0 858.0
166.0 1050.0
167.0 219.0
168.0 0.0
169.0 101.0
170.0 100.0
171.0 125.0
172.0 831.0
173.0 769.0
174.0 779.0
175.0 868.0
176.0 857.0
177.0 778.0
178.0 548.0
179.0 0.0
180.0 673.0
181.0 1000.0
182.0 910.0
183.0 865.0
184.0 971.0
185.0 971.0
186.0 1000.0
187.0 979.0
188.0 1150.0
189.0 1170.0
190.0 940.0
191.0 1140.0
192.0 942.0
193.0 1130.0
194.0 992.0
195.0 987.0
196.0 1010.0
197.0 842.0
198.0 1050.0
199.0 1020.0
200.0 1140.0
201.0 886.0
202.0 1040.0
203.0 1060.0
204.0 967.0
205.0 982.0
206.0 997.0
207.0 1080.0
208.0 1130.0
209.0 1070.0
210.0 1170.0
211.0 1090.0
212.0 1140.0
213.0 1490.0
214.0 1320.0
215.0 931.0
216.0 1230.0
217.0 409.0
218.0 962.0
219.0 1570.0
220.0 1010.0
221.0 78.0
222.0 115.0
223.0 913.0
224.0 967.0
225.0 987.0
226.0 840.0
227.0 722.0
228.0 795.0
229.0 893.0
230.0 1060.0
231.0 960.0
232.0 827.0
233.0 835.0
234.0 811.0
235.0 775.0
236.0 833.0
237.0 1030.0
238.0 950.0
239.0 1010.0
240.0 1070.0
241.0 1140.0
242.0 1300.0
243.0 1330.0
244.0 1230.0
245.0 1220.0
246.0 1270.0
247.0 1310.0
248.0 942.0
249.0 953.0
250.0 1330.0
251.0 1150.0
252.0 1330.0
253.0 1100.0
254.0 945.0
255.0 968.0
256.0 1070.0
257.0 1080.0
258.0 1300.0
259.0 1360.0
260.0 1240.0
261.0 1350.0
262.0 1140.0
263.0 922.0
264.0 1110.0
265.0 1280.0
266.0 538.0
267.0 102.0
268.0 89.0
269.0 785.0
270.0 1300.0
271.0 1170.0
272.0 1160.0
273.0 1010.0
274.0 1190.0
275.0 1150.0
276.0 889.0
277.0 781.0
278.0 834.0
279.0 1760.0
280.0 1320.0
281.0 1500.0
282.0 704.0
283.0 1150.0
284.0 1590.0
285.0 903.0
286.0 932.0
287.0 983.0
288.0 119.0
289.0 117.0
290.0 961.0
291.0 1630.0
292.0 1650.0
293.0 1260.0
294.0 35.0
295.0 105.0
296.0 91.0
297.0 125.0
298.0 106.0
299.0 717.0
300.0 867.0
301.0 969.0
302.0 727.0
303.0 839.0
304.0 895.0
305.0 1060.0
306.0 859.0
307.0 1280.0
308.0 1050.0
309.0 1130.0
310.0 1110.0
311.0 740.0
312.0 112.0
313.0 113.0
314.0 1480.0
315.0 1680.0
316.0 1710.0
317.0 1420.0
318.0 1640.0
319.0 1760.0
320.0 1610.0
321.0 1630.0
322.0 1530.0
323.0 1560.0
324.0 1600.0
325.0 1560.0
326.0 1690.0
327.0 1570.0
328.0 1500.0
329.0 1510.0
330.0 1490.0
331.0 1560.0
332.0 1570.0
333.0 1530.0
334.0 1490.0
335.0 1380.0
336.0 1360.0
337.0 1260.0
338.0 1390.0
339.0 1360.0
340.0 1370.0
341.0 1370.0
342.0 77.0
343.0 101.0
344.0 695.0
345.0 851.0
346.0 1070.0
347.0 1110.0
348.0 958.0
349.0 803.0
350.0 690.0
351.0 1160.0
352.0 1490.0
353.0 890.0
354.0 1250.0
355.0 1030.0
356.0 528.0
357.0 177.0
358.0 401.0
359.0 487.0
360.0 42.0
361.0 35.0
362.0 85.0
363.0 206.0
364.0 534.0
365.0 1070.0
366.0 1010.0
367.0 1220.0
368.0 1090.0
369.0 1220.0
370.0 1220.0
371.0 1180.0
372.0 928.0
373.0 1120.0
374.0 1120.0
375.0 1120.0
376.0 1290.0
377.0 1190.0
378.0 1130.0
379.0 993.0
380.0 912.0
381.0 1110.0
382.0 1540.0
383.0 1540.0
384.0 1650.0
385.0 1520.0
386.0 1680.0
387.0 1730.0
388.0 1770.0
389.0 1780.0
390.0 1780.0
391.0 1600.0
392.0 1730.0
393.0 1830.0
394.0 1620.0
395.0 111.0
396.0 115.0
397.0 1570.0
398.0 1500.0
399.0 1700.0
400.0 1870.0
401.0 1790.0
402.0 1640.0
403.0 1570.0
404.0 1710.0
405.0 1540.0
406.0 1710.0
407.0 1790.0
408.0 1800.0
409.0 1790.0
410.0 1730.0
411.0 1680.0
412.0 1710.0
413.0 1560.0
414.0 1670.0
415.0 1760.0
416.0 1750.0
417.0 1440.0
418.0 1520.0
419.0 1640.0
420.0 1440.0
421.0 1770.0
422.0 1610.0
423.0 1210.0
424.0 1810.0
425.0 1840.0
426.0 1140.0
427.0 1140.0
428.0 1020.0
429.0 1070.0
430.0 990.0
431.0 1110.0
432.0 1120.0
433.0 1050.0
434.0 1380.0
435.0 1250.0
436.0 1370.0
437.0 1210.0
438.0 1290.0
439.0 940.0
440.0 904.0
441.0 604.0
442.0 27.0
443.0 121.0
444.0 105.0
445.0 97.0
446.0 9.0
447.0 58.0
448.0 111.0
449.0 288.0
450.0 343.0
451.0 501.0
452.0 604.0
453.0 666.0
454.0 271.0
455.0 0.0
456.0 0.0
457.0 0.0
458.0 114.0
459.0 109.0
460.0 130.0
461.0 159.0
462.0 219.0
463.0 492.0
464.0 501.0
465.0 562.0
466.0 600.0
467.0 604.0
468.0 637.0
469.0 650.0
470.0 607.0
471.0 654.0
472.0 564.0
473.0 631.0
474.0 674.0
475.0 686.0
476.0 677.0
477.0 853.0
478.0 850.0
479.0 575.0
480.0 477.0
481.0 1.0
482.0 0.0
483.0 0.0
484.0 110.0
485.0 108.0
486.0 480.0
487.0 559.0
488.0 626.0
489.0 562.0
490.0 684.0
491.0 719.0
492.0 642.0
493.0 632.0
494.0 622.0
495.0 666.0
496.0 614.0
497.0 829.0
498.0 1010.0
499.0 1030.0
500.0 804.0
501.0 840.0
502.0 761.0
503.0 766.0
504.0 787.0
505.0 1200.0
506.0 1110.0
507.0 843.0
508.0 843.0
509.0 964.0
510.0 1130.0
511.0 1290.0
512.0 958.0
513.0 1110.0
514.0 928.0
515.0 850.0
516.0 1210.0
517.0 1040.0
518.0 1540.0
519.0 918.0
520.0 1300.0
521.0 755.0
522.0 119.0
523.0 0.0
524.0 0.0
525.0 0.0
526.0 115.0
527.0 416.0
528.0 503.0
529.0 588.0
530.0 619.0
531.0 635.0
532.0 882.0
533.0 1010.0
534.0 1160.0
535.0 1430.0
536.0 1270.0
537.0 1410.0
538.0 1430.0
539.0 1270.0
540.0 1250.0
541.0 1040.0
542.0 901.0
543.0 1200.0
544.0 884.0
545.0 695.0
546.0 60.0
547.0 1.0
548.0 3.0
549.0 115.0
550.0 95.0
551.0 120.0
552.0 359.0
553.0 450.0
554.0 570.0
555.0 759.0
556.0 691.0
557.0 694.0
558.0 862.0
559.0 893.0
560.0 624.0
561.0 1010.0
562.0 1080.0
563.0 854.0
564.0 1080.0
565.0 1200.0
566.0 1060.0
567.0 951.0
568.0 544.0
569.0 1.0
570.0 0.0
571.0 0.0
572.0 2.0
573.0 124.0
574.0 123.0
575.0 10.0
576.0 80.0
577.0 44.0
578.0 3.0
579.0 21.0
580.0 31.0
581.0 15.0
582.0 45.0
583.0 451.0
584.0 443.0
585.0 546.0
586.0 466.0
587.0 568.0
588.0 488.0
589.0 344.0
590.0 300.0
591.0 9.0
592.0 4.0
593.0 0.0
594.0 0.0
595.0 449.0
596.0 758.0
597.0 737.0
598.0 783.0
599.0 413.0
600.0 372.0
601.0 68.0
602.0 228.0
603.0 535.0
604.0 432.0
605.0 14.0
606.0 17.0
607.0 14.0
608.0 140.0
609.0 106.0
610.0 108.0
611.0 514.0
612.0 596.0
613.0 315.0
614.0 316.0
615.0 143.0
616.0 2.0
617.0 9.0
618.0 6.0
619.0 3.0
620.0 48.0
621.0 1.0
622.0 0.0
623.0 0.0
624.0 0.0
625.0 6.0
626.0 109.0
627.0 96.0
628.0 281.0
629.0 421.0
630.0 504.0
631.0 623.0
632.0 622.0
633.0 665.0
634.0 662.0
635.0 769.0
636.0 701.0
637.0 829.0
638.0 771.0
639.0 841.0
640.0 885.0
641.0 896.0
642.0 832.0
643.0 817.0
644.0 882.0
645.0 800.0
646.0 842.0
647.0 894.0
648.0 904.0
649.0 807.0
650.0 888.0
651.0 818.0
652.0 939.0
653.0 795.0
654.0 851.0
655.0 807.0
656.0 821.0
657.0 827.0
658.0 802.0
659.0 751.0
660.0 697.0
661.0 704.0
662.0 855.0
663.0 721.0
664.0 817.0
665.0 873.0
666.0 874.0
667.0 911.0
668.0 843.0
669.0 784.0
670.0 738.0
671.0 869.0
672.0 729.0
673.0 725.0
674.0 705.0
675.0 691.0
676.0 796.0
677.0 742.0
678.0 683.0
679.0 902.0
680.0 745.0
681.0 852.0
682.0 842.0
683.0 893.0
684.0 975.0
685.0 736.0
686.0 863.0
687.0 895.0
688.0 837.0
689.0 855.0
690.0 893.0
691.0 1150.0
692.0 920.0
693.0 829.0
694.0 960.0
695.0 1060.0
696.0 961.0
697.0 951.0
698.0 1060.0
699.0 978.0
700.0 914.0
701.0 868.0
702.0 817.0
703.0 1050.0
704.0 1130.0
705.0 1190.0
706.0 1110.0
707.0 1200.0
708.0 1340.0
709.0 1010.0
710.0 1010.0
711.0 1130.0
712.0 1380.0
713.0 1310.0
714.0 1150.0
715.0 1290.0
716.0 1190.0
717.0 1280.0
718.0 1110.0
719.0 1240.0
720.0 1080.0
721.0 990.0
722.0 990.0
723.0 1320.0
724.0 1260.0
725.0 1120.0
726.0 836.0
727.0 0.0
728.0 90.0
729.0 100.0
730.0 124.0
731.0 96.0
732.0 109.0
733.0 125.0
734.0 124.0
735.0 124.0
736.0 82.0
737.0 121.0
738.0 125.0
739.0 124.0
740.0 124.0
741.0 104.0
742.0 116.0
743.0 121.0
744.0 91.0
745.0 108.0
746.0 108.0
747.0 125.0
748.0 111.0
749.0 79.0
750.0 105.0
751.0 91.0
752.0 78.0
753.0 116.0
754.0 104.0
755.0 109.0
756.0 122.0
757.0 98.0
758.0 103.0
759.0 113.0
760.0 105.0
761.0 106.0
762.0 114.0
763.0 107.0
764.0 115.0
765.0 100.0
766.0 115.0
767.0 90.0
768.0 90.0
769.0 120.0
770.0 107.0
771.0 120.0
772.0 106.0
773.0 112.0
774.0 121.0
775.0 95.0
776.0 123.0
777.0 116.0
778.0 101.0
779.0 123.0
780.0 106.0
781.0 103.0
782.0 111.0
783.0 117.0
784.0 121.0
785.0 117.0
786.0 111.0
787.0 117.0
788.0 123.0
789.0 106.0
790.0 118.0
791.0 118.0
792.0 120.0
793.0 106.0
794.0 102.0
795.0 109.0
796.0 112.0
797.0 108.0
798.0 116.0
