0.0 102.0
1.0 119.0
2.0 98.0
3.0 106.0
4.0 118.0
5.0 117.0
6.0 111.0
7.0 120.0
8.0 109.0
9.0 96.0
10.0 102.0
11.0 92.0
12.0 111.0
13.0 91.0
14.0 103.0
15.0 105.0
16.0 125.0
17.0 123.0
18.0 108.0
19.0 90.0
20.0 125.0
21.0 113.0
22.0 101.0
23.0 81.0
24.0 119.0
25.0 92.0
26.0 105.0
27.0 109.0
28.0 108.0
29.0 124.0
30.0 98.0
31.0 114.0
32.0 120.0
33.0 103.0
34.0 124.0
35.0 108.0
36.0 119.0
37.0 122.0
38.0 125.0
39.0 88.0
40.0 108.0
41.0 116.0
42.0 108.0
43.0 117.0
44.0 79.0
45.0 30.0
46.0 47.0
47.0 62.0
48.0 51.0
49.0 106.0
50.0 131.0
51.0 169.0
52.0 185.0
53.0 242.0
54.0 309.0
55.0 295.0
56.0 356.0
57.0 546.0
58.0 577.0
59.0 699.0
60.0 576.0
61.0 980.0
62.0 571.0
63.0 540.0
64.0 723.0
65.0 678.0
66.0 594.0
67.0 595.0
68.0 623.0
69.0 662.0
70.0 589.0
71.0 577.0
72.0 699.0
73.0 705.0
74.0 623.0
75.0 784.0
76.0 679.0
77.0 583.0
78.0 506.0
79.0 495.0
80.0 558.0
81.0 764.0
82.0 791.0
83.0 744.0
84.0 797.0
85.0 709.0
86.0 58.0
87.0 8.0
88.0 142.0
89.0 475.0
90.0 669.0
91.0 630.0
92.0 689.0
93.0 508.0
94.0 622.0
95.0 6.0
96.0 395.0
97.0 143.0
98.0 130.0
99.0 234.0
100.0 102.0
101.0 5.0
102.0 128.0
103.0 218.0
104.0 225.0
105.0 68.0
106.0 6.0
107.0 6.0
108.0 20.0
109.0 32.0
110.0 62.0
111.0 34.0
112.0 139.0
113.0 7.0
114.0 4.0
115.0 5.0
116.0 14.0
117.0 21.0
118.0 17.0
119.0 13.0
120.0 9.0
121.0 92.0
122.0 119.0
123.0 107.0
124.0 122.0
125.0 142.0
126.0 188.0
127.0 229.0
128.0 219.0
129.0 318.0
130.0 337.0
131.0 419.0
132.0 477.0
133.0 534.0
134.0 555.0
135.0 644.0
136.0 604.0
137.0 628.0
138.0 759.0
139.0 860.0
140.0 886.0
141.0 875.0
142.0 869.0
143.0 967.0
144.0 1090.0
145.0 1140.0
146.0 1010.0
147.0 1090.0
148.0 968.0
149.0 1240.0
150.0 1300.0
151.0 1110.0
152.0 1050.0
153.0 1180.0
154.0 1370.0
155.0 1620.0
156.0 1260.0
157.0 1130.0
158.0 1310.0
159.0 1140.0
160.0 1290.0
161.0 1290.0
162.0 1210.0
163.0 1270.0
164.0 1370.0
165.0 1240.0
166.0 1460.0
167.0 1070.0
168.0 1430.0
169.0 1480.0
170.0 1430.0
171.0 1540.0
172.0 1540.0
173.0 1740.0
174.0 1260.0
175.0 1640.0
176.0 1670.0
177.0 1480.0
178.0 1430.0
179.0 1370.0
180.0 1440.0
181.0 1510.0
182.0 1540.0
183.0 1480.0
184.0 1630.0
185.0 1440.0
186.0 1490.0
187.0 1630.0
188.0 1560.0
189.0 1620.0
190.0 1620.0
191.0 1560.0
192.0 1560.0
193.0 1600.0
194.0 1630.0
195.0 1530.0
196.0 1770.0
197.0 1810.0
198.0 1770.0
199.0 1860.0
200.0 1770.0
201.0 1770.0
202.0 1790.0
203.0 1800.0
204.0 1770.0
205.0 1780.0
206.0 1650.0
207.0 1500.0
208.0 1770.0
209.0 1690.0
210.0 1430.0
211.0 605.0
212.0 17.0
213.0 5.0
214.0 123.0
215.0 118.0
216.0 1720.0
217.0 1500.0
218.0 1670.0
219.0 1740.0
220.0 1730.0
221.0 1780.0
222.0 1770.0
223.0 1650.0
224.0 1660.0
225.0 1460.0
226.0 1380.0
227.0 1460.0
228.0 1530.0
229.0 1650.0
230.0 1490.0
231.0 1550.0
232.0 1430.0
233.0 1200.0
234.0 680.0
235.0 704.0
236.0 107.0
237.0 317.0
238.0 501.0
239.0 804.0
240.0 567.0
241.0 702.0
242.0 518.0
243.0 52.0
244.0 342.0
245.0 36.0
246.0 14.0
247.0 71.0
248.0 410.0
249.0 660.0
250.0 444.0
251.0 591.0
252.0 616.0
253.0 712.0
254.0 706.0
255.0 57.0
256.0 384.0
257.0 520.0
258.0 275.0
259.0 121.0
260.0 31.0
261.0 60.0
262.0 39.0
263.0 124.0
264.0 113.0
265.0 477.0
266.0 473.0
267.0 549.0
268.0 526.0
269.0 574.0
270.0 645.0
271.0 655.0
272.0 797.0
273.0 789.0
274.0 808.0
275.0 879.0
276.0 968.0
277.0 1310.0
278.0 1580.0
279.0 1410.0
280.0 1750.0
281.0 1680.0
282.0 1530.0
283.0 1720.0
284.0 1600.0
285.0 1660.0
286.0 1690.0
287.0 1760.0
288.0 1770.0
289.0 1740.0
290.0 1660.0
291.0 1640.0
292.0 1440.0
293.0 1640.0
294.0 1490.0
295.0 1300.0
296.0 1480.0
297.0 1470.0
298.0 1570.0
299.0 1510.0
300.0 1420.0
301.0 1520.0
302.0 844.0
303.0 42.0
304.0 111.0
305.0 123.0
306.0 864.0
307.0 768.0
308.0 799.0
309.0 957.0
310.0 457.0
311.0 12.0
312.0 1.0
313.0 113.0
314.0 91.0
315.0 734.0
316.0 767.0
317.0 977.0
318.0 784.0
319.0 4.0
320.0 1.0
321.0 1.0
322.0 14.0
323.0 0.0
324.0 24.0
325.0 272.0
326.0 394.0
327.0 489.0
328.0 484.0
329.0 434.0
330.0 512.0
331.0 572.0
332.0 528.0
333.0 526.0
334.0 785.0
335.0 646.0
336.0 614.0
337.0 634.0
338.0 693.0
339.0 660.0
340.0 802.0
341.0 822.0
342.0 885.0
343.0 781.0
344.0 688.0
345.0 940.0
346.0 1080.0
347.0 705.0
348.0 681.0
349.0 745.0
350.0 877.0
351.0 896.0
352.0 1010.0
353.0 1060.0
354.0 971.0
355.0 1050.0
356.0 1160.0
357.0 1100.0
358.0 1060.0
359.0 1150.0
360.0 871.0
361.0 1120.0
362.0 938.0
363.0 1020.0
364.0 1170.0
365.0 1500.0
366.0 1440.0
367.0 1570.0
368.0 1310.0
369.0 1450.0
370.0 1700.0
371.0 1660.0
372.0 1250.0
373.0 1590.0
374.0 1580.0
375.0 1160.0
376.0 1600.0
377.0 1500.0
378.0 1080.0
379.0 1260.0
380.0 1480.0
381.0 1460.0
382.0 1380.0
383.0 1510.0
384.0 1370.0
385.0 1370.0
386.0 1660.0
387.0 1530.0
388.0 1530.0
389.0 1180.0
390.0 1280.0
391.0 1460.0
392.0 1750.0
393.0 1490.0
394.0 1720.0
395.0 1560.0
396.0 843.0
397.0 1260.0
398.0 1430.0
399.0 1410.0
400.0 1700.0
401.0 1600.0
402.0 1730.0
403.0 1540.0
404.0 1620.0
405.0 1740.0
406.0 1540.0
407.0 1530.0
408.0 1460.0
409.0 1570.0
410.0 1180.0
411.0 1420.0
412.0 1290.0
413.0 1290.0
414.0 1310.0
415.0 1350.0
416.0 1340.0
417.0 1120.0
418.0 1180.0
419.0 1470.0
420.0 1170.0
421.0 1070.0
422.0 264.0
423.0 62.0
424.0 145.0
425.0 82.0
426.0 34.0
427.0 19.0
428.0 37.0
429.0 44.0
430.0 44.0
431.0 31.0
432.0 97.0
433.0 94.0
434.0 106.0
435.0 102.0
436.0 108.0
437.0 113.0
438.0 107.0
439.0 167.0
440.0 177.0
441.0 185.0
442.0 225.0
443.0 185.0
444.0 223.0
445.0 247.0
446.0 275.0
447.0 266.0
448.0 399.0
449.0 544.0
450.0 489.0
451.0 580.0
452.0 731.0
453.0 902.0
454.0 1010.0
455.0 941.0
456.0 998.0
457.0 1070.0
458.0 1230.0
459.0 1270.0
460.0 1300.0
461.0 1400.0
462.0 1250.0
463.0 932.0
464.0 1410.0
465.0 1540.0
466.0 1150.0
467.0 947.0
468.0 1230.0
469.0 1200.0
470.0 1400.0
471.0 1290.0
472.0 1220.0
473.0 1160.0
474.0 996.0
475.0 808.0
476.0 864.0
477.0 12.0
478.0 8.0
479.0 0.0
480.0 31.0
481.0 40.0
482.0 82.0
483.0 665.0
484.0 846.0
485.0 902.0
486.0 1070.0
487.0 920.0
488.0 869.0
489.0 1070.0
490.0 1240.0
491.0 1120.0
492.0 1200.0
493.0 1550.0
494.0 1560.0
495.0 1320.0
496.0 860.0
497.0 1350.0
498.0 1220.0
499.0 1200.0
500.0 1390.0
501.0 1420.0
502.0 1380.0
503.0 1210.0
504.0 1220.0
505.0 1240.0
506.0 1020.0
507.0 860.0
508.0 804.0
509.0 514.0
510.0 846.0
511.0 756.0
512.0 552.0
513.0 687.0
514.0 739.0
515.0 603.0
516.0 635.0
517.0 634.0
518.0 563.0
519.0 452.0
520.0 61.0
521.0 120.0
522.0 124.0
523.0 119.0
524.0 121.0
525.0 112.0
526.0 119.0
527.0 87.0
528.0 1160.0
529.0 1250.0
530.0 1240.0
531.0 1250.0
532.0 1120.0
533.0 1240.0
534.0 1110.0
535.0 0.0
536.0 619.0
537.0 982.0
538.0 1340.0
539.0 1180.0
540.0 1140.0
541.0 1310.0
542.0 1520.0
543.0 1090.0
544.0 1270.0
545.0 1320.0
546.0 848.0
547.0 1120.0
548.0 417.0
549.0 299.0
550.0 98.0
551.0 88.0
552.0 124.0
553.0 96.0
554.0 601.0
555.0 790.0
556.0 843.0
557.0 898.0
558.0 905.0
559.0 873.0
560.0 88.0
561.0 73.0
562.0 245.0
563.0 188.0
564.0 491.0
565.0 212.0
566.0 218.0
567.0 48.0
568.0 67.0
569.0 494.0
570.0 660.0
571.0 787.0
572.0 883.0
573.0 890.0
574.0 999.0
575.0 911.0
576.0 1150.0
577.0 1250.0
578.0 1280.0
579.0 1130.0
580.0 1390.0
581.0 1180.0
582.0 1130.0
583.0 1180.0
584.0 1360.0
585.0 1140.0
586.0 1240.0
587.0 1200.0
588.0 1290.0
589.0 1280.0
590.0 149.0
591.0 116.0
592.0 124.0
593.0 117.0
594.0 115.0
595.0 119.0
596.0 112.0
597.0 121.0
598.0 121.0
599.0 112.0
600.0 102.0
601.0 122.0
602.0 98.0
603.0 98.0
604.0 125.0
605.0 105.0
606.0 108.0
607.0 94.0
608.0 125.0
609.0 124.0
610.0 125.0
611.0 119.0
612.0 115.0
613.0 99.0
614.0 115.0
615.0 102.0
616.0 118.0
617.0 124.0
618.0 96.0
619.0 116.0
620.0 110.0
621.0 108.0
622.0 594.0
623.0 748.0
624.0 753.0
625.0 777.0
626.0 788.0
627.0 848.0
628.0 733.0
629.0 880.0
630.0 912.0
631.0 833.0
632.0 968.0
633.0 884.0
634.0 559.0
635.0 83.0
636.0 115.0
637.0 883.0
638.0 723.0
639.0 924.0
640.0 904.0
641.0 712.0
642.0 811.0
643.0 997.0
644.0 1150.0
645.0 1120.0
646.0 791.0
647.0 829.0
648.0 875.0
649.0 970.0
650.0 901.0
651.0 1010.0
652.0 812.0
653.0 925.0
654.0 1010.0
655.0 864.0
656.0 783.0
657.0 930.0
658.0 969.0
659.0 1000.0
660.0 767.0
661.0 550.0
662.0 382.0
663.0 909.0
664.0 923.0
665.0 540.0
666.0 13.0
667.0 0.0
668.0 102.0
669.0 7.0
670.0 0.0
671.0 0.0
672.0 36.0
673.0 0.0
674.0 26.0
675.0 39.0
676.0 111.0
677.0 131.0
678.0 33.0
679.0 65.0
680.0 187.0
681.0 36.0
682.0 30.0
683.0 29.0
684.0 124.0
685.0 96.0
686.0 97.0
687.0 108.0
688.0 101.0
689.0 254.0
690.0 232.0
691.0 379.0
692.0 422.0
693.0 330.0
694.0 433.0
695.0 478.0
696.0 565.0
697.0 456.0
698.0 215.0
699.0 129.0
700.0 183.0
701.0 303.0
702.0 492.0
703.0 531.0
704.0 523.0
705.0 305.0
706.0 421.0
707.0 540.0
708.0 495.0
709.0 529.0
710.0 412.0
711.0 329.0
712.0 474.0
713.0 579.0
714.0 664.0
715.0 585.0
716.0 270.0
717.0 358.0
718.0 353.0
719.0 446.0
720.0 455.0
721.0 493.0
722.0 376.0
723.0 254.0
724.0 389.0
725.0 228.0
726.0 266.0
727.0 15.0
728.0 1.0
729.0 20.0
730.0 22.0
731.0 2.0
732.0 108.0
733.0 117.0
734.0 219.0
735.0 411.0
736.0 487.0
737.0 331.0
738.0 0.0
739.0 2.0
740.0 124.0
741.0 202.0
742.0 359.0
743.0 409.0
744.0 486.0
745.0 400.0
746.0 62.0
747.0 17.0
748.0 0.0
749.0 31.0
750.0 18.0
751.0 11.0
752.0 3.0
753.0 121.0
754.0 83.0
755.0 129.0
756.0 148.0
757.0 186.0
758.0 286.0
759.0 327.0
760.0 162.0
761.0 15.0
762.0 2.0
763.0 0.0
764.0 0.0
765.0 123.0
766.0 123.0
767.0 167.0
768.0 274.0
769.0 114.0
770.0 190.0
771.0 179.0
772.0 359.0
773.0 363.0
774.0 134.0
775.0 174.0
776.0 158.0
777.0 204.0
778.0 161.0
779.0 260.0
780.0 282.0
781.0 348.0
782.0 303.0
783.0 38.0
784.0 12.0
785.0 32.0
786.0 26.0
787.0 29.0
788.0 33.0
789.0 106.0
790.0 113.0
791.0 124.0
792.0 262.0
793.0 90.0
794.0 99.0
795.0 116.0
796.0 104.0
797.0 238.0
798.0 273.0
799.0 231.0
