0.0 114.0
1.0 121.0
2.0 112.0
3.0 102.0
4.0 117.0
5.0 82.0
6.0 94.0
7.0 106.0
8.0 90.0
9.0 116.0
10.0 0.0
11.0 0.0
12.0 16.0
13.0 116.0
14.0 87.0
15.0 124.0
16.0 116.0
17.0 145.0
18.0 69.0
19.0 112.0
20.0 102.0
21.0 208.0
22.0 402.0
23.0 544.0
24.0 574.0
25.0 295.0
26.0 111.0
27.0 110.0
28.0 249.0
29.0 144.0
30.0 117.0
31.0 117.0
32.0 106.0
33.0 94.0
34.0 59.0
35.0 122.0
36.0 94.0
37.0 113.0
38.0 582.0
39.0 573.0
40.0 594.0
41.0 292.0
42.0 19.0
43.0 13.0
44.0 19.0
45.0 161.0
46.0 17.0
47.0 8.0
48.0 27.0
49.0 37.0
50.0 110.0
51.0 118.0
52.0 103.0
53.0 107.0
54.0 90.0
55.0 111.0
56.0 105.0
57.0 97.0
58.0 102.0
59.0 117.0
60.0 101.0
61.0 93.0
62.0 111.0
63.0 111.0
64.0 108.0
65.0 85.0
66.0 114.0
67.0 115.0
68.0 96.0
69.0 90.0
70.0 107.0
71.0 118.0
72.0 120.0
73.0 120.0
74.0 94.0
75.0 121.0
76.0 102.0
77.0 87.0
78.0 114.0
79.0 116.0
80.0 125.0
81.0 119.0
82.0 121.0
83.0 104.0
84.0 121.0
85.0 106.0
86.0 107.0
87.0 84.0
88.0 98.0
89.0 127.0
90.0 176.0
91.0 218.0
92.0 280.0
93.0 395.0
94.0 435.0
95.0 438.0
96.0 455.0
97.0 475.0
98.0 573.0
99.0 629.0
100.0 705.0
101.0 698.0
102.0 710.0
103.0 760.0
104.0 912.0
105.0 1080.0
106.0 1130.0
107.0 1030.0
108.0 1130.0
109.0 1130.0
110.0 1100.0
111.0 1000.0
112.0 1050.0
113.0 1000.0
114.0 992.0
115.0 1010.0
116.0 1030.0
117.0 981.0
118.0 1020.0
119.0 1040.0
120.0 1060.0
121.0 1110.0
122.0 1080.0
123.0 1030.0
124.0 999.0
125.0 999.0
126.0 1080.0
127.0 1020.0
128.0 995.0
129.0 997.0
130.0 1020.0
131.0 1060.0
132.0 1120.0
133.0 1110.0
134.0 914.0
135.0 1100.0
136.0 1360.0
137.0 1490.0
138.0 1360.0
139.0 904.0
140.0 693.0
141.0 1110.0
142.0 1140.0
143.0 819.0
144.0 765.0
145.0 497.0
146.0 462.0
147.0 390.0
148.0 553.0
149.0 15.0
150.0 10.0
151.0 9.0
152.0 98.0
153.0 23.0
154.0 15.0
155.0 39.0
156.0 75.0
157.0 104.0
158.0 311.0
159.0 408.0
160.0 433.0
161.0 458.0
162.0 379.0
163.0 469.0
164.0 522.0
165.0 472.0
166.0 551.0
167.0 550.0
168.0 567.0
169.0 559.0
170.0 709.0
171.0 940.0
172.0 703.0
173.0 856.0
174.0 870.0
175.0 736.0
176.0 783.0
177.0 702.0
178.0 684.0
179.0 423.0
180.0 5.0
181.0 11.0
182.0 9.0
183.0 89.0
184.0 104.0
185.0 120.0
186.0 121.0
187.0 735.0
188.0 899.0
189.0 761.0
190.0 811.0
191.0 889.0
192.0 759.0
193.0 399.0
194.0 768.0
195.0 923.0
196.0 777.0
197.0 183.0
198.0 33.0
199.0 0.0
200.0 109.0
201.0 120.0
202.0 873.0
203.0 572.0
204.0 281.0
205.0 14.0
206.0 0.0
207.0 111.0
208.0 93.0
209.0 1060.0
210.0 1410.0
211.0 1540.0
212.0 1580.0
213.0 1600.0
214.0 1550.0
215.0 1560.0
216.0 1380.0
217.0 1570.0
218.0 1670.0
219.0 1570.0
220.0 1690.0
221.0 1600.0
222.0 1460.0
223.0 1450.0
224.0 1330.0
225.0 1440.0
226.0 1430.0
227.0 1660.0
228.0 1230.0
229.0 921.0
230.0 1390.0
231.0 1740.0
232.0 1660.0
233.0 863.0
234.0 812.0
235.0 836.0
236.0 522.0
237.0 20.0
238.0 441.0
239.0 23.0
240.0 25.0
241.0 118.0
242.0 86.0
243.0 560.0
244.0 1140.0
245.0 714.0
246.0 764.0
247.0 710.0
248.0 877.0
249.0 737.0
250.0 827.0
251.0 585.0
252.0 82.0
253.0 123.0
254.0 123.0
255.0 102.0
256.0 86.0
257.0 188.0
258.0 460.0
259.0 534.0
260.0 632.0
261.0 96.0
262.0 144.0
263.0 116.0
264.0 445.0
265.0 436.0
266.0 464.0
267.0 408.0
268.0 490.0
269.0 320.0
270.0 40.0
271.0 0.0
272.0 1.0
273.0 0.0
274.0 4.0
275.0 2.0
276.0 0.0
277.0 29.0
278.0 0.0
279.0 95.0
280.0 104.0
281.0 85.0
282.0 104.0
283.0 95.0
284.0 123.0
285.0 99.0
286.0 101.0
287.0 88.0
288.0 81.0
289.0 123.0
290.0 95.0
291.0 114.0
292.0 104.0
293.0 115.0
294.0 83.0
295.0 107.0
296.0 102.0
297.0 96.0
298.0 110.0
299.0 96.0
