0.0 42.0
1.0 105.0
2.0 112.0
3.0 1200.0
4.0 1010.0
5.0 789.0
6.0 836.0
7.0 1090.0
8.0 606.0
9.0 726.0
10.0 918.0
11.0 858.0
12.0 753.0
13.0 645.0
14.0 592.0
15.0 670.0
16.0 583.0
17.0 562.0
18.0 1070.0
19.0 1200.0
20.0 784.0
21.0 813.0
22.0 1460.0
23.0 1230.0
24.0 477.0
25.0 1030.0
26.0 81.0
27.0 781.0
28.0 1220.0
29.0 1060.0
30.0 1110.0
31.0 654.0
32.0 19.0
33.0 37.0
34.0 30.0
35.0 125.0
36.0 849.0
37.0 488.0
38.0 12.0
39.0 125.0
40.0 96.0
41.0 753.0
42.0 314.0
43.0 43.0
44.0 257.0
45.0 118.0
46.0 1080.0
47.0 1070.0
48.0 1060.0
49.0 1030.0
50.0 936.0
51.0 752.0
52.0 1010.0
53.0 717.0
54.0 1110.0
55.0 933.0
56.0 607.0
57.0 7.0
58.0 192.0
59.0 119.0
60.0 615.0
61.0 8.0
62.0 0.0
63.0 0.0
64.0 0.0
65.0 0.0
66.0 30.0
67.0 76.0
68.0 124.0
69.0 114.0
70.0 839.0
71.0 19.0
72.0 0.0
73.0 0.0
74.0 0.0
75.0 0.0
76.0 6.0
77.0 35.0
78.0 310.0
79.0 117.0
80.0 683.0
81.0 730.0
82.0 689.0
83.0 490.0
84.0 5.0
85.0 0.0
86.0 0.0
87.0 51.0
88.0 289.0
89.0 81.0
90.0 72.0
91.0 0.0
92.0 0.0
93.0 0.0
94.0 0.0
95.0 28.0
96.0 119.0
97.0 403.0
98.0 106.0
99.0 1230.0
100.0 1490.0
101.0 1130.0
102.0 1670.0
103.0 1670.0
104.0 1230.0
105.0 1450.0
106.0 1110.0
107.0 770.0
108.0 958.0
109.0 715.0
110.0 927.0
111.0 1120.0
112.0 0.0
113.0 0.0
114.0 0.0
115.0 0.0
116.0 0.0
117.0 0.0
118.0 0.0
119.0 0.0
120.0 0.0
121.0 0.0
122.0 0.0
123.0 0.0
124.0 0.0
125.0 0.0
126.0 0.0
127.0 0.0
128.0 0.0
129.0 0.0
130.0 0.0
131.0 0.0
132.0 0.0
133.0 1.0
134.0 121.0
135.0 118.0
136.0 123.0
137.0 1150.0
138.0 1480.0
139.0 996.0
140.0 179.0
141.0 47.0
142.0 112.0
143.0 120.0
144.0 1190.0
145.0 1300.0
146.0 987.0
147.0 734.0
148.0 1450.0
149.0 1360.0
150.0 1050.0
151.0 749.0
152.0 1000.0
153.0 876.0
154.0 677.0
155.0 474.0
156.0 850.0
157.0 375.0
158.0 64.0
159.0 44.0
160.0 0.0
161.0 0.0
162.0 0.0
163.0 35.0
164.0 31.0
165.0 69.0
166.0 85.0
167.0 112.0
168.0 104.0
169.0 870.0
170.0 1310.0
171.0 977.0
172.0 1240.0
173.0 968.0
174.0 443.0
175.0 489.0
176.0 1010.0
177.0 1070.0
178.0 1010.0
179.0 1130.0
180.0 1160.0
181.0 1350.0
182.0 916.0
183.0 1120.0
184.0 1310.0
185.0 979.0
186.0 934.0
187.0 1020.0
188.0 1150.0
189.0 1190.0
190.0 1310.0
191.0 1320.0
192.0 1170.0
193.0 1470.0
194.0 1540.0
195.0 1710.0
196.0 1390.0
197.0 1530.0
198.0 1530.0
199.0 1520.0
200.0 1190.0
201.0 1240.0
202.0 1390.0
203.0 1550.0
204.0 1310.0
205.0 1430.0
206.0 1540.0
207.0 1720.0
208.0 794.0
209.0 771.0
210.0 1050.0
211.0 1440.0
212.0 95.0
213.0 125.0
214.0 885.0
215.0 106.0
216.0 1690.0
217.0 1460.0
218.0 1330.0
219.0 1700.0
220.0 1300.0
221.0 1390.0
222.0 896.0
223.0 810.0
224.0 707.0
225.0 902.0
226.0 924.0
227.0 940.0
228.0 780.0
229.0 52.0
230.0 160.0
231.0 158.0
232.0 1700.0
233.0 123.0
234.0 1570.0
235.0 1840.0
236.0 1790.0
237.0 1810.0
238.0 1580.0
239.0 1550.0
240.0 1790.0
241.0 1710.0
242.0 1810.0
243.0 1770.0
244.0 1840.0
245.0 1440.0
246.0 1800.0
247.0 1750.0
248.0 1780.0
249.0 1410.0
250.0 1770.0
251.0 1860.0
252.0 1810.0
253.0 884.0
254.0 188.0
255.0 15.0
256.0 520.0
257.0 121.0
258.0 1160.0
259.0 1230.0
260.0 1200.0
261.0 1340.0
262.0 1770.0
263.0 1790.0
264.0 1860.0
265.0 1200.0
266.0 995.0
267.0 1650.0
268.0 1740.0
269.0 1370.0
270.0 1320.0
271.0 1160.0
272.0 1050.0
273.0 1130.0
274.0 1580.0
275.0 1340.0
276.0 1810.0
277.0 1830.0
278.0 1760.0
279.0 1760.0
280.0 1840.0
281.0 1740.0
282.0 1550.0
283.0 1750.0
284.0 1720.0
285.0 1560.0
286.0 1760.0
287.0 1780.0
288.0 1670.0
289.0 1570.0
290.0 18.0
291.0 47.0
292.0 870.0
293.0 90.0
294.0 1420.0
295.0 1550.0
296.0 1610.0
297.0 1280.0
298.0 1390.0
299.0 1490.0
300.0 1320.0
301.0 1480.0
302.0 1650.0
303.0 1410.0
304.0 1500.0
305.0 1590.0
306.0 1520.0
307.0 1540.0
308.0 1440.0
309.0 1270.0
310.0 1370.0
311.0 1400.0
312.0 1410.0
313.0 1330.0
314.0 1470.0
315.0 1390.0
316.0 1010.0
317.0 980.0
318.0 940.0
319.0 893.0
320.0 30.0
321.0 55.0
322.0 106.0
323.0 118.0
324.0 878.0
325.0 44.0
326.0 35.0
327.0 110.0
328.0 116.0
329.0 1200.0
330.0 1380.0
331.0 658.0
332.0 623.0
333.0 587.0
334.0 580.0
335.0 278.0
336.0 484.0
337.0 469.0
338.0 412.0
339.0 284.0
340.0 254.0
341.0 331.0
342.0 588.0
343.0 80.0
344.0 88.0
345.0 18.0
346.0 3.0
347.0 22.0
348.0 146.0
349.0 286.0
350.0 118.0
351.0 1100.0
352.0 1360.0
353.0 1330.0
354.0 1510.0
355.0 1580.0
356.0 1360.0
357.0 1380.0
358.0 1730.0
359.0 1780.0
360.0 1510.0
361.0 1540.0
362.0 1110.0
363.0 20.0
364.0 4.0
365.0 970.0
366.0 94.0
367.0 1770.0
368.0 1500.0
369.0 1780.0
370.0 1750.0
371.0 1780.0
372.0 1500.0
373.0 1340.0
374.0 1400.0
375.0 1630.0
376.0 1670.0
377.0 1640.0
378.0 1790.0
379.0 760.0
380.0 29.0
381.0 466.0
382.0 112.0
383.0 1740.0
384.0 1680.0
385.0 1800.0
386.0 1470.0
387.0 1580.0
388.0 1750.0
389.0 1610.0
390.0 1620.0
391.0 1610.0
392.0 1750.0
393.0 1730.0
394.0 1710.0
395.0 1630.0
396.0 1680.0
397.0 1710.0
398.0 1770.0
399.0 1620.0
400.0 1810.0
401.0 1700.0
402.0 1280.0
403.0 1710.0
404.0 1630.0
405.0 1050.0
406.0 1670.0
407.0 1660.0
408.0 1170.0
409.0 1180.0
410.0 1350.0
411.0 1160.0
412.0 1030.0
413.0 1250.0
414.0 1400.0
415.0 930.0
416.0 1070.0
417.0 1200.0
418.0 1360.0
419.0 1030.0
420.0 996.0
421.0 1090.0
422.0 1040.0
423.0 1060.0
424.0 910.0
425.0 818.0
426.0 885.0
427.0 705.0
428.0 664.0
429.0 717.0
430.0 928.0
431.0 41.0
432.0 0.0
433.0 90.0
434.0 114.0
435.0 0.0
436.0 0.0
437.0 0.0
438.0 0.0
439.0 0.0
440.0 4.0
441.0 7.0
442.0 100.0
443.0 101.0
444.0 110.0
445.0 723.0
446.0 882.0
447.0 955.0
448.0 60.0
449.0 14.0
450.0 58.0
451.0 165.0
452.0 120.0
453.0 376.0
454.0 885.0
455.0 725.0
456.0 1010.0
457.0 843.0
458.0 1190.0
459.0 1530.0
460.0 1500.0
461.0 1580.0
462.0 1140.0
463.0 674.0
464.0 0.0
465.0 24.0
466.0 85.0
467.0 306.0
468.0 118.0
469.0 1260.0
470.0 1340.0
471.0 1590.0
472.0 1770.0
473.0 1780.0
474.0 1730.0
475.0 1800.0
476.0 1800.0
477.0 1800.0
478.0 1620.0
479.0 1640.0
480.0 1700.0
481.0 1760.0
482.0 1780.0
483.0 1690.0
484.0 1640.0
485.0 1630.0
486.0 1620.0
487.0 1810.0
488.0 1730.0
489.0 1760.0
490.0 1730.0
491.0 1790.0
492.0 1820.0
493.0 1580.0
494.0 1740.0
495.0 1790.0
496.0 1620.0
497.0 1660.0
498.0 1570.0
499.0 1670.0
500.0 1650.0
501.0 1740.0
502.0 1690.0
503.0 1720.0
504.0 1630.0
505.0 1480.0
506.0 1240.0
507.0 912.0
508.0 980.0
509.0 889.0
510.0 853.0
511.0 850.0
512.0 495.0
513.0 405.0
514.0 41.0
515.0 42.0
516.0 220.0
517.0 414.0
518.0 114.0
519.0 1580.0
520.0 1620.0
521.0 1600.0
522.0 1510.0
523.0 1580.0
524.0 1460.0
525.0 1490.0
526.0 1620.0
527.0 1080.0
528.0 1090.0
529.0 878.0
530.0 334.0
531.0 0.0
532.0 75.0
533.0 70.0
534.0 121.0
535.0 625.0
536.0 970.0
537.0 1470.0
538.0 1590.0
539.0 1490.0
540.0 1360.0
541.0 1790.0
542.0 1700.0
543.0 1770.0
544.0 1180.0
545.0 1690.0
546.0 1530.0
547.0 1770.0
548.0 1680.0
549.0 1710.0
550.0 1690.0
551.0 1740.0
552.0 1280.0
553.0 1490.0
554.0 871.0
555.0 48.0
556.0 97.0
557.0 80.0
558.0 118.0
559.0 102.0
560.0 64.0
561.0 39.0
562.0 18.0
563.0 55.0
564.0 33.0
565.0 5.0
566.0 5.0
567.0 1.0
568.0 85.0
569.0 36.0
570.0 30.0
571.0 3.0
572.0 15.0
573.0 42.0
574.0 84.0
575.0 48.0
576.0 91.0
577.0 142.0
578.0 204.0
579.0 75.0
580.0 18.0
581.0 36.0
582.0 109.0
583.0 87.0
584.0 22.0
585.0 18.0
586.0 19.0
587.0 118.0
588.0 106.0
589.0 173.0
590.0 200.0
591.0 171.0
592.0 237.0
593.0 275.0
594.0 348.0
595.0 439.0
596.0 145.0
597.0 473.0
598.0 519.0
599.0 616.0
600.0 703.0
601.0 827.0
602.0 879.0
603.0 768.0
604.0 1050.0
605.0 741.0
606.0 708.0
607.0 906.0
608.0 702.0
609.0 655.0
610.0 810.0
611.0 773.0
612.0 860.0
613.0 843.0
614.0 1040.0
615.0 885.0
616.0 907.0
617.0 810.0
618.0 1160.0
619.0 1450.0
620.0 1280.0
621.0 1190.0
622.0 737.0
623.0 798.0
624.0 924.0
625.0 788.0
626.0 821.0
627.0 880.0
628.0 837.0
629.0 1020.0
630.0 1140.0
631.0 1290.0
632.0 916.0
633.0 1260.0
634.0 1530.0
635.0 1340.0
636.0 1370.0
637.0 1060.0
638.0 1370.0
639.0 969.0
640.0 1110.0
641.0 1060.0
642.0 1010.0
643.0 1270.0
644.0 1570.0
645.0 1150.0
646.0 1400.0
647.0 1060.0
648.0 1270.0
649.0 1230.0
650.0 1470.0
651.0 1440.0
652.0 1660.0
653.0 1520.0
654.0 1600.0
655.0 1580.0
656.0 1760.0
657.0 1840.0
658.0 1790.0
659.0 1390.0
660.0 1630.0
661.0 1560.0
662.0 1840.0
663.0 1760.0
664.0 1800.0
665.0 1760.0
666.0 1630.0
667.0 1510.0
668.0 1730.0
669.0 1600.0
670.0 1820.0
671.0 1650.0
672.0 1650.0
673.0 1600.0
674.0 1730.0
675.0 1650.0
676.0 1200.0
677.0 1260.0
678.0 1390.0
679.0 0.0
680.0 2.0
681.0 124.0
682.0 113.0
683.0 105.0
684.0 107.0
685.0 109.0
686.0 124.0
687.0 97.0
688.0 125.0
689.0 121.0
690.0 118.0
691.0 102.0
692.0 120.0
693.0 125.0
694.0 121.0
695.0 100.0
696.0 118.0
697.0 101.0
698.0 85.0
699.0 112.0
700.0 361.0
701.0 414.0
702.0 494.0
703.0 558.0
704.0 658.0
705.0 23.0
706.0 832.0
707.0 1140.0
708.0 1170.0
709.0 1670.0
710.0 1790.0
711.0 1780.0
712.0 1830.0
713.0 1720.0
714.0 1800.0
715.0 1800.0
716.0 1790.0
717.0 1440.0
718.0 1440.0
719.0 1450.0
720.0 1800.0
721.0 1810.0
722.0 1510.0
723.0 1270.0
724.0 1210.0
725.0 1710.0
726.0 1800.0
727.0 1680.0
728.0 1490.0
729.0 1050.0
730.0 1030.0
731.0 1310.0
732.0 1330.0
733.0 861.0
734.0 683.0
735.0 714.0
736.0 366.0
737.0 568.0
738.0 551.0
739.0 451.0
740.0 336.0
741.0 2.0
742.0 86.0
743.0 93.0
744.0 123.0
745.0 125.0
746.0 102.0
747.0 117.0
748.0 113.0
749.0 107.0
750.0 110.0
751.0 92.0
752.0 106.0
753.0 108.0
754.0 962.0
755.0 1010.0
756.0 1100.0
757.0 1070.0
758.0 1100.0
759.0 1060.0
760.0 0.0
761.0 785.0
762.0 1690.0
763.0 1800.0
764.0 1040.0
765.0 883.0
766.0 1620.0
767.0 1720.0
768.0 975.0
769.0 1470.0
770.0 1750.0
771.0 1590.0
772.0 1370.0
773.0 1500.0
774.0 1030.0
775.0 834.0
776.0 2.0
777.0 0.0
778.0 20.0
779.0 75.0
780.0 420.0
781.0 123.0
782.0 1600.0
783.0 1660.0
784.0 919.0
785.0 1710.0
786.0 1740.0
787.0 1490.0
788.0 1800.0
789.0 1780.0
790.0 1820.0
791.0 1790.0
792.0 1810.0
793.0 1510.0
794.0 1800.0
795.0 1820.0
796.0 1810.0
797.0 1810.0
798.0 1800.0
