0.0 112.0
1.0 167.0
2.0 220.0
3.0 290.0
4.0 550.0
5.0 706.0
6.0 673.0
7.0 744.0
8.0 893.0
9.0 337.0
10.0 124.0
11.0 118.0
12.0 121.0
13.0 605.0
14.0 323.0
15.0 120.0
16.0 105.0
17.0 99.0
18.0 119.0
19.0 563.0
20.0 590.0
21.0 643.0
22.0 123.0
23.0 97.0
24.0 110.0
25.0 99.0
26.0 457.0
27.0 539.0
28.0 561.0
29.0 593.0
30.0 621.0
31.0 620.0
32.0 626.0
33.0 624.0
34.0 569.0
35.0 644.0
36.0 610.0
37.0 632.0
38.0 494.0
39.0 759.0
40.0 875.0
41.0 1020.0
42.0 125.0
43.0 0.0
44.0 0.0
45.0 0.0
46.0 0.0
47.0 0.0
48.0 0.0
49.0 87.0
50.0 124.0
51.0 100.0
52.0 116.0
53.0 124.0
54.0 76.0
55.0 119.0
56.0 111.0
57.0 118.0
58.0 107.0
59.0 95.0
60.0 87.0
61.0 108.0
62.0 107.0
63.0 125.0
64.0 91.0
65.0 117.0
66.0 121.0
67.0 107.0
68.0 120.0
69.0 116.0
70.0 114.0
71.0 123.0
72.0 90.0
73.0 101.0
74.0 109.0
75.0 94.0
76.0 115.0
77.0 107.0
78.0 119.0
79.0 85.0
80.0 125.0
81.0 86.0
82.0 114.0
83.0 97.0
84.0 125.0
85.0 104.0
86.0 87.0
87.0 114.0
88.0 105.0
89.0 313.0
90.0 620.0
91.0 745.0
92.0 802.0
93.0 118.0
94.0 79.0
95.0 0.0
96.0 0.0
97.0 88.0
98.0 98.0
99.0 121.0
100.0 111.0
101.0 90.0
102.0 89.0
103.0 120.0
104.0 122.0
105.0 87.0
106.0 45.0
107.0 10.0
108.0 0.0
109.0 123.0
110.0 124.0
111.0 87.0
112.0 124.0
113.0 122.0
114.0 123.0
115.0 112.0
116.0 92.0
117.0 350.0
118.0 808.0
119.0 982.0
120.0 995.0
121.0 950.0
122.0 976.0
123.0 1160.0
124.0 1040.0
125.0 1260.0
126.0 1120.0
127.0 799.0
128.0 60.0
129.0 0.0
130.0 0.0
131.0 86.0
132.0 123.0
133.0 263.0
134.0 317.0
135.0 333.0
136.0 356.0
137.0 160.0
138.0 21.0
139.0 17.0
140.0 42.0
141.0 5.0
142.0 1.0
143.0 91.0
144.0 111.0
145.0 6.0
146.0 236.0
147.0 693.0
148.0 1110.0
149.0 867.0
150.0 188.0
151.0 11.0
152.0 0.0
153.0 78.0
154.0 117.0
155.0 582.0
156.0 532.0
157.0 686.0
158.0 549.0
159.0 616.0
160.0 117.0
161.0 0.0
162.0 102.0
163.0 124.0
164.0 699.0
165.0 493.0
166.0 100.0
167.0 313.0
168.0 732.0
169.0 701.0
170.0 773.0
171.0 782.0
172.0 686.0
173.0 673.0
174.0 306.0
175.0 133.0
176.0 426.0
177.0 658.0
178.0 569.0
179.0 556.0
180.0 720.0
181.0 785.0
182.0 706.0
183.0 746.0
184.0 835.0
185.0 794.0
186.0 746.0
187.0 707.0
188.0 723.0
189.0 755.0
190.0 731.0
191.0 786.0
192.0 644.0
193.0 734.0
194.0 711.0
195.0 605.0
196.0 701.0
197.0 720.0
198.0 33.0
199.0 249.0
200.0 616.0
201.0 579.0
202.0 712.0
203.0 509.0
204.0 522.0
205.0 1030.0
206.0 1140.0
207.0 20.0
208.0 0.0
209.0 0.0
210.0 0.0
211.0 111.0
212.0 107.0
