0.0 241.0
1.0 436.0
2.0 523.0
3.0 621.0
4.0 699.0
5.0 795.0
6.0 930.0
7.0 1120.0
8.0 1190.0
9.0 1170.0
10.0 1170.0
11.0 1490.0
12.0 1330.0
13.0 1320.0
14.0 1280.0
15.0 1340.0
16.0 1430.0
17.0 1230.0
18.0 1350.0
19.0 1220.0
20.0 1290.0
21.0 1300.0
22.0 1280.0
23.0 1470.0
24.0 1160.0
25.0 1100.0
26.0 1020.0
27.0 1060.0
28.0 951.0
29.0 658.0
30.0 564.0
31.0 565.0
32.0 580.0
33.0 462.0
34.0 471.0
35.0 173.0
36.0 108.0
37.0 116.0
38.0 19.0
39.0 124.0
40.0 103.0
41.0 843.0
42.0 901.0
43.0 883.0
44.0 933.0
45.0 1060.0
46.0 1050.0
47.0 1040.0
48.0 988.0
49.0 1010.0
50.0 943.0
51.0 975.0
52.0 970.0
53.0 967.0
54.0 1200.0
55.0 1270.0
56.0 1000.0
57.0 870.0
58.0 1200.0
59.0 1060.0
60.0 121.0
61.0 120.0
62.0 123.0
63.0 749.0
64.0 984.0
65.0 753.0
66.0 1150.0
67.0 1030.0
68.0 1060.0
69.0 956.0
70.0 960.0
71.0 993.0
72.0 941.0
73.0 676.0
74.0 951.0
75.0 1200.0
76.0 1120.0
77.0 1240.0
78.0 1560.0
79.0 1250.0
80.0 1170.0
81.0 1280.0
82.0 1290.0
83.0 1310.0
84.0 1470.0
85.0 1440.0
86.0 834.0
87.0 1180.0
88.0 878.0
89.0 1360.0
90.0 1030.0
91.0 123.0
92.0 93.0
93.0 102.0
94.0 448.0
95.0 605.0
96.0 786.0
97.0 856.0
98.0 873.0
99.0 1110.0
100.0 780.0
101.0 43.0
102.0 2.0
103.0 413.0
104.0 575.0
105.0 623.0
106.0 903.0
107.0 832.0
108.0 681.0
109.0 702.0
110.0 743.0
111.0 926.0
112.0 1230.0
113.0 948.0
114.0 1000.0
115.0 1210.0
116.0 1140.0
117.0 1460.0
118.0 1490.0
119.0 1240.0
120.0 900.0
121.0 1130.0
122.0 1140.0
123.0 1060.0
124.0 1230.0
125.0 1150.0
126.0 692.0
127.0 704.0
128.0 720.0
129.0 991.0
130.0 898.0
131.0 808.0
132.0 797.0
133.0 938.0
134.0 727.0
135.0 609.0
136.0 107.0
137.0 13.0
138.0 0.0
139.0 77.0
140.0 511.0
141.0 92.0
142.0 117.0
143.0 99.0
144.0 470.0
145.0 647.0
146.0 552.0
147.0 637.0
148.0 611.0
149.0 748.0
150.0 608.0
151.0 791.0
152.0 759.0
153.0 883.0
154.0 1060.0
155.0 1140.0
156.0 662.0
157.0 828.0
158.0 788.0
159.0 829.0
160.0 900.0
161.0 1000.0
162.0 1100.0
163.0 1030.0
164.0 1040.0
165.0 962.0
166.0 1040.0
167.0 1010.0
168.0 873.0
169.0 968.0
170.0 892.0
171.0 985.0
172.0 1140.0
173.0 1050.0
174.0 1050.0
175.0 1080.0
176.0 1120.0
177.0 1170.0
178.0 1210.0
179.0 1180.0
180.0 1190.0
181.0 1160.0
182.0 1400.0
183.0 1230.0
184.0 1240.0
185.0 1290.0
186.0 1230.0
187.0 1250.0
188.0 1240.0
189.0 1090.0
190.0 1070.0
191.0 1120.0
192.0 1270.0
193.0 1400.0
194.0 1290.0
195.0 1280.0
196.0 1280.0
197.0 1260.0
198.0 1310.0
199.0 1020.0
200.0 1190.0
201.0 1010.0
202.0 867.0
203.0 741.0
204.0 657.0
205.0 478.0
206.0 351.0
207.0 481.0
208.0 107.0
209.0 8.0
210.0 0.0
211.0 49.0
212.0 213.0
213.0 29.0
214.0 120.0
215.0 115.0
216.0 122.0
217.0 631.0
218.0 856.0
219.0 756.0
220.0 879.0
221.0 870.0
222.0 893.0
223.0 838.0
224.0 765.0
225.0 784.0
226.0 880.0
227.0 911.0
228.0 462.0
229.0 104.0
230.0 333.0
231.0 961.0
232.0 1010.0
233.0 1090.0
234.0 1260.0
235.0 1260.0
236.0 999.0
237.0 1310.0
238.0 1300.0
239.0 1370.0
240.0 1260.0
241.0 1310.0
242.0 1210.0
243.0 1290.0
244.0 1110.0
245.0 1130.0
246.0 1240.0
247.0 1150.0
248.0 1010.0
249.0 952.0
250.0 822.0
251.0 709.0
252.0 693.0
253.0 494.0
254.0 92.0
255.0 58.0
256.0 18.0
257.0 152.0
258.0 109.0
259.0 550.0
260.0 827.0
261.0 934.0
262.0 1030.0
263.0 978.0
264.0 1030.0
265.0 1210.0
266.0 1080.0
267.0 1030.0
268.0 1110.0
269.0 1220.0
270.0 944.0
271.0 1190.0
272.0 1120.0
273.0 1090.0
274.0 1040.0
275.0 1110.0
276.0 957.0
277.0 1070.0
278.0 1070.0
279.0 1240.0
280.0 1290.0
281.0 1100.0
282.0 1070.0
283.0 1240.0
284.0 1200.0
285.0 1180.0
286.0 1100.0
287.0 1150.0
288.0 1190.0
289.0 1300.0
290.0 1120.0
291.0 986.0
292.0 987.0
293.0 1050.0
294.0 1210.0
295.0 1110.0
296.0 1020.0
297.0 914.0
298.0 1010.0
299.0 1110.0
300.0 1190.0
301.0 1100.0
302.0 1020.0
303.0 905.0
304.0 996.0
305.0 1080.0
306.0 1010.0
307.0 913.0
308.0 664.0
309.0 955.0
310.0 218.0
311.0 405.0
312.0 18.0
313.0 17.0
314.0 1.0
315.0 116.0
316.0 116.0
317.0 101.0
318.0 455.0
319.0 545.0
320.0 568.0
321.0 412.0
322.0 109.0
323.0 121.0
324.0 98.0
325.0 121.0
326.0 119.0
327.0 552.0
328.0 511.0
329.0 535.0
330.0 645.0
331.0 482.0
332.0 622.0
333.0 630.0
334.0 229.0
335.0 112.0
336.0 78.0
337.0 362.0
338.0 562.0
339.0 445.0
340.0 436.0
341.0 426.0
342.0 491.0
343.0 453.0
344.0 176.0
345.0 394.0
346.0 652.0
347.0 547.0
348.0 671.0
349.0 706.0
350.0 632.0
351.0 797.0
352.0 816.0
353.0 729.0
354.0 730.0
355.0 717.0
356.0 745.0
357.0 747.0
358.0 657.0
359.0 778.0
360.0 982.0
361.0 744.0
362.0 682.0
363.0 820.0
364.0 810.0
365.0 446.0
366.0 697.0
367.0 863.0
368.0 745.0
369.0 781.0
370.0 831.0
371.0 859.0
372.0 1100.0
373.0 759.0
374.0 757.0
375.0 975.0
376.0 961.0
377.0 870.0
378.0 952.0
379.0 936.0
380.0 819.0
381.0 864.0
382.0 910.0
383.0 1010.0
384.0 905.0
385.0 835.0
386.0 969.0
387.0 398.0
388.0 103.0
389.0 350.0
390.0 854.0
391.0 954.0
392.0 945.0
393.0 901.0
394.0 889.0
395.0 711.0
396.0 833.0
397.0 876.0
398.0 770.0
399.0 508.0
400.0 36.0
401.0 3.0
402.0 0.0
403.0 54.0
404.0 25.0
405.0 121.0
406.0 102.0
407.0 395.0
408.0 564.0
409.0 593.0
410.0 644.0
411.0 407.0
412.0 553.0
413.0 581.0
414.0 150.0
415.0 476.0
416.0 542.0
417.0 272.0
418.0 274.0
419.0 209.0
420.0 165.0
421.0 95.0
422.0 66.0
423.0 56.0
424.0 58.0
425.0 55.0
426.0 54.0
427.0 59.0
428.0 40.0
429.0 0.0
430.0 0.0
431.0 113.0
432.0 123.0
433.0 121.0
434.0 206.0
435.0 300.0
436.0 400.0
437.0 428.0
438.0 472.0
439.0 445.0
440.0 481.0
441.0 525.0
442.0 566.0
443.0 623.0
444.0 622.0
445.0 611.0
446.0 574.0
447.0 748.0
448.0 619.0
449.0 776.0
450.0 738.0
451.0 162.0
452.0 120.0
453.0 311.0
454.0 667.0
455.0 672.0
456.0 617.0
457.0 539.0
458.0 648.0
459.0 616.0
460.0 640.0
461.0 589.0
462.0 734.0
463.0 566.0
464.0 640.0
465.0 549.0
466.0 601.0
467.0 791.0
468.0 816.0
469.0 630.0
470.0 768.0
471.0 350.0
472.0 97.0
473.0 125.0
474.0 714.0
475.0 122.0
476.0 120.0
477.0 478.0
478.0 727.0
479.0 704.0
480.0 655.0
481.0 701.0
482.0 793.0
483.0 708.0
484.0 681.0
485.0 404.0
486.0 105.0
487.0 115.0
488.0 221.0
489.0 554.0
490.0 590.0
491.0 554.0
492.0 611.0
493.0 565.0
494.0 445.0
495.0 613.0
496.0 542.0
497.0 116.0
498.0 118.0
499.0 464.0
500.0 443.0
501.0 579.0
502.0 675.0
503.0 632.0
504.0 665.0
505.0 669.0
506.0 694.0
507.0 753.0
508.0 734.0
509.0 732.0
510.0 774.0
511.0 752.0
512.0 743.0
513.0 641.0
514.0 696.0
515.0 754.0
516.0 834.0
517.0 765.0
518.0 744.0
519.0 791.0
520.0 828.0
521.0 913.0
522.0 1020.0
523.0 948.0
524.0 1030.0
525.0 948.0
526.0 870.0
527.0 977.0
528.0 1010.0
529.0 949.0
530.0 873.0
531.0 781.0
532.0 740.0
533.0 760.0
534.0 709.0
535.0 856.0
536.0 759.0
537.0 785.0
538.0 698.0
539.0 690.0
540.0 296.0
541.0 724.0
542.0 659.0
543.0 534.0
544.0 48.0
545.0 101.0
546.0 32.0
547.0 34.0
548.0 59.0
549.0 206.0
550.0 94.0
551.0 577.0
552.0 658.0
553.0 600.0
554.0 486.0
555.0 560.0
556.0 625.0
557.0 739.0
558.0 666.0
559.0 602.0
560.0 485.0
561.0 418.0
562.0 59.0
563.0 127.0
564.0 139.0
565.0 360.0
566.0 876.0
567.0 874.0
568.0 645.0
569.0 114.0
570.0 174.0
571.0 630.0
572.0 815.0
573.0 825.0
574.0 854.0
575.0 863.0
576.0 254.0
577.0 73.0
578.0 83.0
579.0 95.0
580.0 122.0
581.0 564.0
582.0 607.0
583.0 650.0
584.0 654.0
585.0 676.0
586.0 547.0
587.0 571.0
588.0 554.0
589.0 541.0
590.0 518.0
591.0 334.0
592.0 597.0
593.0 621.0
594.0 578.0
595.0 19.0
596.0 104.0
597.0 121.0
598.0 123.0
599.0 95.0
600.0 96.0
601.0 80.0
602.0 102.0
603.0 113.0
604.0 116.0
605.0 102.0
606.0 98.0
607.0 102.0
608.0 104.0
609.0 90.0
610.0 99.0
611.0 104.0
612.0 113.0
613.0 107.0
614.0 107.0
615.0 98.0
616.0 108.0
617.0 122.0
618.0 122.0
619.0 83.0
620.0 110.0
621.0 112.0
622.0 98.0
623.0 107.0
624.0 88.0
625.0 123.0
626.0 94.0
627.0 111.0
628.0 109.0
629.0 113.0
630.0 673.0
631.0 742.0
632.0 774.0
633.0 798.0
634.0 809.0
635.0 849.0
636.0 844.0
637.0 796.0
638.0 811.0
639.0 350.0
640.0 118.0
641.0 312.0
642.0 704.0
643.0 864.0
644.0 910.0
645.0 946.0
646.0 935.0
647.0 860.0
648.0 861.0
649.0 1040.0
650.0 1030.0
651.0 643.0
652.0 974.0
653.0 919.0
654.0 759.0
655.0 755.0
656.0 863.0
657.0 873.0
658.0 872.0
659.0 899.0
660.0 854.0
661.0 897.0
662.0 860.0
663.0 787.0
664.0 893.0
665.0 798.0
666.0 727.0
667.0 743.0
668.0 642.0
669.0 520.0
670.0 482.0
671.0 12.0
672.0 34.0
673.0 0.0
674.0 0.0
675.0 0.0
676.0 1.0
677.0 81.0
678.0 125.0
679.0 111.0
680.0 112.0
681.0 79.0
682.0 202.0
683.0 289.0
684.0 329.0
685.0 391.0
686.0 550.0
687.0 542.0
688.0 621.0
689.0 670.0
690.0 681.0
691.0 691.0
692.0 752.0
693.0 755.0
694.0 780.0
695.0 795.0
696.0 735.0
697.0 774.0
698.0 747.0
699.0 783.0
700.0 748.0
701.0 603.0
702.0 721.0
703.0 682.0
704.0 849.0
705.0 623.0
706.0 537.0
707.0 577.0
708.0 674.0
709.0 562.0
710.0 525.0
711.0 536.0
712.0 605.0
713.0 466.0
714.0 4.0
715.0 5.0
716.0 0.0
717.0 0.0
718.0 14.0
719.0 107.0
720.0 112.0
721.0 124.0
722.0 94.0
723.0 87.0
724.0 95.0
725.0 105.0
726.0 84.0
727.0 89.0
728.0 115.0
729.0 121.0
730.0 117.0
731.0 84.0
732.0 113.0
733.0 108.0
734.0 123.0
735.0 95.0
736.0 114.0
737.0 122.0
738.0 123.0
739.0 121.0
740.0 106.0
741.0 123.0
742.0 83.0
743.0 100.0
744.0 120.0
745.0 119.0
746.0 87.0
747.0 110.0
748.0 120.0
749.0 118.0
750.0 115.0
751.0 118.0
752.0 105.0
753.0 33.0
754.0 56.0
755.0 73.0
756.0 122.0
757.0 130.0
758.0 179.0
759.0 122.0
760.0 111.0
761.0 112.0
762.0 157.0
763.0 218.0
764.0 217.0
765.0 248.0
766.0 251.0
767.0 204.0
768.0 133.0
769.0 257.0
770.0 302.0
771.0 349.0
772.0 360.0
773.0 258.0
774.0 337.0
775.0 343.0
776.0 513.0
777.0 503.0
778.0 486.0
779.0 547.0
780.0 548.0
781.0 556.0
782.0 661.0
783.0 681.0
784.0 692.0
785.0 620.0
786.0 637.0
787.0 558.0
788.0 624.0
789.0 750.0
790.0 595.0
791.0 542.0
792.0 617.0
793.0 568.0
794.0 817.0
795.0 529.0
796.0 578.0
797.0 745.0
798.0 772.0
799.0 713.0
