0.0 308.0
1.0 100.0
2.0 109.0
3.0 121.0
4.0 107.0
5.0 107.0
6.0 71.0
7.0 330.0
8.0 511.0
9.0 59.0
10.0 139.0
11.0 372.0
12.0 432.0
13.0 558.0
14.0 587.0
15.0 617.0
16.0 644.0
17.0 650.0
18.0 659.0
19.0 507.0
20.0 668.0
21.0 622.0
22.0 648.0
23.0 707.0
24.0 710.0
25.0 807.0
26.0 932.0
27.0 1200.0
28.0 1340.0
29.0 1460.0
30.0 1440.0
31.0 1110.0
32.0 1160.0
33.0 1260.0
34.0 1550.0
35.0 1600.0
36.0 1410.0
37.0 1290.0
38.0 1350.0
39.0 1430.0
40.0 628.0
41.0 109.0
42.0 56.0
43.0 608.0
44.0 910.0
45.0 988.0
46.0 1220.0
47.0 84.0
48.0 85.0
49.0 909.0
50.0 1180.0
51.0 1640.0
52.0 916.0
53.0 91.0
54.0 241.0
55.0 1150.0
56.0 1280.0
57.0 1340.0
58.0 1330.0
59.0 1320.0
60.0 1260.0
61.0 1430.0
62.0 1070.0
63.0 1390.0
64.0 118.0
65.0 107.0
66.0 87.0
67.0 357.0
68.0 301.0
69.0 458.0
70.0 210.0
71.0 177.0
72.0 393.0
73.0 245.0
74.0 177.0
75.0 248.0
76.0 153.0
77.0 177.0
78.0 177.0
79.0 208.0
80.0 110.0
81.0 43.0
82.0 118.0
83.0 170.0
84.0 123.0
85.0 95.0
86.0 88.0
87.0 124.0
88.0 167.0
89.0 172.0
90.0 179.0
91.0 141.0
92.0 150.0
93.0 183.0
94.0 214.0
95.0 183.0
96.0 108.0
97.0 183.0
98.0 110.0
99.0 115.0
100.0 120.0
101.0 416.0
102.0 369.0
103.0 428.0
104.0 469.0
105.0 505.0
106.0 476.0
107.0 530.0
108.0 572.0
109.0 653.0
110.0 553.0
111.0 762.0
112.0 860.0
113.0 949.0
114.0 1170.0
115.0 1200.0
116.0 1470.0
117.0 989.0
118.0 1240.0
119.0 1500.0
120.0 1260.0
121.0 244.0
122.0 0.0
123.0 0.0
124.0 0.0
125.0 0.0
126.0 0.0
127.0 100.0
128.0 87.0
129.0 118.0
130.0 89.0
131.0 120.0
132.0 113.0
133.0 105.0
134.0 0.0
135.0 0.0
136.0 0.0
137.0 0.0
138.0 1.0
139.0 10.0
140.0 364.0
141.0 781.0
142.0 707.0
143.0 485.0
144.0 837.0
145.0 1030.0
146.0 996.0
147.0 1370.0
148.0 914.0
149.0 997.0
150.0 944.0
151.0 1550.0
152.0 926.0
153.0 124.0
154.0 85.0
155.0 112.0
156.0 99.0
157.0 112.0
158.0 110.0
159.0 107.0
160.0 120.0
161.0 121.0
162.0 116.0
163.0 85.0
164.0 115.0
165.0 100.0
166.0 89.0
167.0 109.0
168.0 93.0
169.0 122.0
170.0 86.0
171.0 102.0
172.0 89.0
173.0 358.0
174.0 96.0
175.0 156.0
176.0 27.0
177.0 0.0
178.0 122.0
179.0 107.0
180.0 124.0
181.0 353.0
182.0 55.0
183.0 547.0
184.0 558.0
185.0 467.0
186.0 227.0
187.0 236.0
188.0 207.0
189.0 554.0
190.0 938.0
191.0 784.0
192.0 498.0
193.0 185.0
194.0 632.0
195.0 857.0
196.0 854.0
197.0 831.0
198.0 891.0
199.0 850.0
200.0 716.0
201.0 992.0
202.0 999.0
203.0 205.0
204.0 398.0
205.0 768.0
206.0 664.0
207.0 828.0
208.0 701.0
209.0 698.0
210.0 826.0
211.0 277.0
212.0 266.0
213.0 638.0
214.0 668.0
215.0 630.0
216.0 784.0
217.0 736.0
218.0 690.0
219.0 490.0
220.0 410.0
221.0 543.0
222.0 601.0
223.0 470.0
224.0 368.0
225.0 583.0
226.0 85.0
227.0 115.0
228.0 655.0
229.0 1330.0
230.0 1490.0
231.0 1250.0
232.0 1430.0
233.0 1770.0
234.0 1740.0
235.0 1590.0
236.0 1340.0
237.0 1220.0
238.0 943.0
239.0 1020.0
240.0 1680.0
241.0 1690.0
242.0 1670.0
243.0 1630.0
244.0 1740.0
245.0 1740.0
246.0 1780.0
247.0 1660.0
248.0 1590.0
249.0 1750.0
250.0 1790.0
251.0 1770.0
252.0 1750.0
253.0 1240.0
254.0 1790.0
255.0 1520.0
256.0 1720.0
257.0 1520.0
258.0 1730.0
259.0 1610.0
260.0 1780.0
261.0 1770.0
262.0 1550.0
263.0 1670.0
264.0 1730.0
265.0 1770.0
266.0 1720.0
267.0 1790.0
268.0 1540.0
269.0 1490.0
270.0 1800.0
271.0 1820.0
272.0 1750.0
273.0 1810.0
274.0 1800.0
275.0 1730.0
276.0 1810.0
277.0 966.0
278.0 90.0
279.0 112.0
280.0 113.0
281.0 3.0
282.0 9.0
283.0 280.0
284.0 1410.0
285.0 1660.0
286.0 1690.0
287.0 1590.0
288.0 1740.0
289.0 1170.0
290.0 1070.0
291.0 1710.0
292.0 1620.0
293.0 1820.0
294.0 1810.0
295.0 1820.0
296.0 1820.0
297.0 1820.0
298.0 1560.0
299.0 1370.0
300.0 1380.0
301.0 1420.0
302.0 1540.0
303.0 1280.0
304.0 1760.0
305.0 1520.0
306.0 1790.0
307.0 1760.0
308.0 1820.0
309.0 1760.0
310.0 1850.0
311.0 1830.0
312.0 1660.0
313.0 1570.0
314.0 1260.0
315.0 1780.0
316.0 1770.0
317.0 1760.0
318.0 1640.0
319.0 1690.0
320.0 1230.0
321.0 1610.0
322.0 1630.0
323.0 1680.0
324.0 1730.0
325.0 1670.0
326.0 1690.0
327.0 1550.0
328.0 1590.0
329.0 1450.0
330.0 1250.0
331.0 1750.0
332.0 1680.0
333.0 1670.0
334.0 1390.0
335.0 1440.0
336.0 770.0
337.0 1230.0
338.0 1300.0
339.0 1410.0
340.0 1390.0
341.0 1500.0
342.0 1360.0
343.0 1250.0
344.0 1200.0
345.0 1150.0
346.0 1220.0
347.0 1340.0
348.0 940.0
349.0 867.0
350.0 644.0
351.0 851.0
352.0 1020.0
353.0 657.0
354.0 665.0
355.0 472.0
356.0 2.0
357.0 0.0
358.0 0.0
359.0 0.0
360.0 0.0
361.0 120.0
362.0 120.0
363.0 102.0
364.0 100.0
365.0 122.0
366.0 117.0
367.0 103.0
368.0 117.0
369.0 43.0
370.0 243.0
371.0 444.0
372.0 340.0
373.0 440.0
374.0 463.0
375.0 470.0
376.0 532.0
377.0 618.0
378.0 666.0
379.0 621.0
380.0 232.0
381.0 217.0
382.0 573.0
383.0 522.0
384.0 511.0
385.0 217.0
386.0 10.0
387.0 11.0
388.0 91.0
389.0 82.0
390.0 279.0
391.0 318.0
392.0 445.0
393.0 576.0
394.0 438.0
395.0 473.0
396.0 451.0
397.0 502.0
398.0 498.0
399.0 570.0
400.0 467.0
401.0 585.0
402.0 599.0
403.0 637.0
404.0 643.0
405.0 697.0
406.0 713.0
407.0 672.0
408.0 902.0
409.0 969.0
410.0 1140.0
411.0 1080.0
412.0 1260.0
413.0 1450.0
414.0 1330.0
415.0 1460.0
416.0 1470.0
417.0 1070.0
418.0 1030.0
419.0 1180.0
420.0 1100.0
421.0 1130.0
422.0 1280.0
423.0 1440.0
424.0 892.0
425.0 1270.0
426.0 1070.0
427.0 737.0
428.0 50.0
429.0 0.0
430.0 100.0
431.0 89.0
432.0 5.0
433.0 88.0
434.0 231.0
435.0 311.0
436.0 504.0
437.0 570.0
438.0 436.0
439.0 34.0
440.0 3.0
441.0 2.0
442.0 140.0
443.0 380.0
444.0 375.0
445.0 120.0
446.0 2.0
447.0 0.0
448.0 3.0
449.0 347.0
450.0 185.0
451.0 115.0
452.0 114.0
453.0 103.0
454.0 123.0
455.0 96.0
456.0 122.0
457.0 123.0
458.0 84.0
459.0 89.0
460.0 123.0
461.0 123.0
462.0 91.0
463.0 89.0
464.0 91.0
465.0 123.0
466.0 103.0
467.0 108.0
468.0 86.0
469.0 120.0
470.0 95.0
471.0 120.0
472.0 116.0
473.0 85.0
474.0 119.0
475.0 113.0
476.0 91.0
477.0 134.0
478.0 285.0
479.0 3.0
480.0 32.0
481.0 46.0
482.0 12.0
483.0 4.0
484.0 0.0
485.0 0.0
486.0 0.0
487.0 0.0
488.0 122.0
489.0 124.0
490.0 120.0
491.0 204.0
492.0 290.0
493.0 17.0
494.0 0.0
495.0 0.0
496.0 0.0
497.0 0.0
498.0 98.0
499.0 119.0
500.0 211.0
501.0 196.0
502.0 246.0
503.0 246.0
504.0 263.0
505.0 270.0
506.0 279.0
507.0 281.0
508.0 269.0
509.0 330.0
510.0 392.0
511.0 437.0
512.0 538.0
513.0 572.0
514.0 588.0
515.0 756.0
516.0 834.0
517.0 931.0
518.0 861.0
519.0 872.0
520.0 1040.0
521.0 1030.0
522.0 1060.0
523.0 1150.0
524.0 1140.0
525.0 1180.0
526.0 1240.0
527.0 1150.0
528.0 1100.0
529.0 1110.0
530.0 1090.0
531.0 1190.0
532.0 1180.0
533.0 1200.0
534.0 1430.0
535.0 1180.0
536.0 1370.0
537.0 1310.0
538.0 1110.0
539.0 1100.0
540.0 869.0
541.0 711.0
542.0 557.0
543.0 337.0
544.0 433.0
545.0 410.0
546.0 441.0
547.0 70.0
548.0 109.0
549.0 110.0
550.0 488.0
551.0 693.0
552.0 733.0
553.0 749.0
554.0 788.0
555.0 770.0
556.0 724.0
557.0 817.0
558.0 750.0
559.0 780.0
560.0 795.0
561.0 806.0
562.0 644.0
563.0 646.0
564.0 752.0
565.0 743.0
566.0 790.0
567.0 768.0
568.0 598.0
569.0 570.0
570.0 262.0
571.0 43.0
572.0 0.0
573.0 4.0
574.0 109.0
575.0 99.0
576.0 552.0
577.0 661.0
578.0 825.0
579.0 940.0
580.0 839.0
581.0 750.0
582.0 906.0
583.0 1290.0
584.0 674.0
585.0 1160.0
586.0 931.0
587.0 885.0
588.0 1070.0
589.0 1010.0
590.0 738.0
591.0 754.0
592.0 402.0
593.0 27.0
594.0 7.0
595.0 3.0
596.0 114.0
597.0 101.0
598.0 381.0
599.0 574.0
600.0 709.0
601.0 656.0
602.0 635.0
603.0 646.0
604.0 509.0
605.0 119.0
606.0 54.0
607.0 1.0
608.0 1.0
609.0 46.0
610.0 23.0
611.0 189.0
612.0 142.0
613.0 180.0
614.0 123.0
615.0 261.0
616.0 103.0
617.0 99.0
618.0 304.0
619.0 80.0
620.0 22.0
621.0 130.0
622.0 183.0
623.0 232.0
624.0 305.0
625.0 378.0
626.0 106.0
627.0 0.0
628.0 0.0
629.0 0.0
630.0 0.0
631.0 0.0
632.0 105.0
633.0 125.0
634.0 128.0
635.0 89.0
636.0 198.0
637.0 271.0
638.0 322.0
639.0 363.0
640.0 446.0
641.0 470.0
642.0 461.0
643.0 450.0
644.0 85.0
645.0 98.0
646.0 95.0
647.0 355.0
648.0 501.0
649.0 393.0
650.0 246.0
651.0 493.0
652.0 479.0
653.0 321.0
654.0 336.0
655.0 387.0
656.0 121.0
657.0 296.0
658.0 419.0
659.0 459.0
660.0 444.0
661.0 488.0
662.0 570.0
663.0 423.0
664.0 517.0
665.0 472.0
666.0 507.0
667.0 440.0
668.0 486.0
669.0 512.0
670.0 530.0
671.0 554.0
672.0 494.0
673.0 624.0
674.0 536.0
675.0 663.0
676.0 677.0
677.0 713.0
678.0 745.0
679.0 834.0
680.0 815.0
681.0 802.0
682.0 914.0
683.0 926.0
684.0 1010.0
685.0 947.0
686.0 1110.0
687.0 1000.0
688.0 1070.0
689.0 1150.0
690.0 1050.0
691.0 1060.0
692.0 1250.0
693.0 1140.0
694.0 1010.0
695.0 707.0
696.0 1050.0
697.0 1110.0
698.0 1200.0
699.0 1300.0
700.0 989.0
701.0 1130.0
702.0 857.0
703.0 887.0
704.0 1040.0
705.0 1330.0
706.0 1130.0
707.0 982.0
708.0 545.0
709.0 559.0
710.0 1170.0
711.0 1070.0
712.0 885.0
713.0 864.0
714.0 878.0
715.0 959.0
716.0 731.0
717.0 1070.0
718.0 1100.0
719.0 1020.0
720.0 801.0
721.0 1060.0
722.0 1030.0
723.0 949.0
724.0 1020.0
725.0 980.0
726.0 749.0
727.0 973.0
728.0 1040.0
729.0 1180.0
730.0 1220.0
731.0 1210.0
732.0 1090.0
733.0 1140.0
734.0 1090.0
735.0 953.0
736.0 1070.0
737.0 1010.0
738.0 973.0
739.0 844.0
740.0 489.0
741.0 18.0
742.0 0.0
743.0 116.0
744.0 87.0
745.0 262.0
746.0 358.0
747.0 937.0
748.0 918.0
749.0 882.0
750.0 1030.0
751.0 893.0
752.0 1160.0
753.0 1170.0
754.0 956.0
755.0 975.0
756.0 993.0
757.0 1100.0
758.0 814.0
759.0 655.0
760.0 745.0
761.0 785.0
762.0 372.0
763.0 272.0
764.0 10.0
765.0 39.0
766.0 8.0
767.0 4.0
768.0 116.0
769.0 112.0
770.0 112.0
771.0 120.0
772.0 99.0
773.0 125.0
774.0 109.0
775.0 122.0
776.0 83.0
777.0 102.0
778.0 115.0
779.0 125.0
780.0 109.0
781.0 119.0
782.0 101.0
783.0 113.0
784.0 121.0
785.0 108.0
786.0 78.0
787.0 91.0
788.0 124.0
789.0 113.0
790.0 115.0
791.0 99.0
792.0 121.0
793.0 96.0
794.0 105.0
795.0 90.0
796.0 115.0
797.0 91.0
798.0 123.0
799.0 120.0
