0.0 63.0
1.0 202.0
2.0 361.0
3.0 530.0
4.0 627.0
5.0 740.0
6.0 878.0
7.0 729.0
8.0 704.0
9.0 1030.0
10.0 900.0
11.0 1090.0
12.0 1180.0
13.0 1300.0
14.0 1370.0
15.0 1200.0
16.0 1190.0
17.0 1200.0
18.0 1490.0
19.0 956.0
20.0 1390.0
21.0 1200.0
22.0 1050.0
23.0 892.0
24.0 800.0
25.0 1050.0
26.0 641.0
27.0 292.0
28.0 249.0
29.0 157.0
30.0 82.0
31.0 95.0
32.0 41.0
33.0 69.0
34.0 86.0
35.0 38.0
36.0 124.0
37.0 95.0
38.0 109.0
39.0 199.0
40.0 512.0
41.0 624.0
42.0 678.0
43.0 739.0
44.0 782.0
45.0 878.0
46.0 890.0
47.0 831.0
48.0 850.0
49.0 766.0
50.0 391.0
51.0 93.0
52.0 492.0
53.0 1040.0
54.0 1050.0
55.0 793.0
56.0 768.0
57.0 921.0
58.0 757.0
59.0 896.0
60.0 1180.0
61.0 1220.0
62.0 1190.0
63.0 863.0
64.0 1010.0
65.0 659.0
66.0 43.0
67.0 139.0
68.0 20.0
69.0 0.0
70.0 0.0
71.0 0.0
72.0 0.0
73.0 105.0
74.0 111.0
75.0 34.0
76.0 82.0
77.0 46.0
78.0 69.0
79.0 33.0
80.0 114.0
81.0 34.0
82.0 38.0
83.0 35.0
84.0 91.0
85.0 111.0
86.0 97.0
87.0 58.0
88.0 53.0
89.0 93.0
90.0 50.0
91.0 21.0
92.0 30.0
93.0 23.0
94.0 56.0
95.0 50.0
96.0 38.0
97.0 4.0
98.0 16.0
99.0 11.0
100.0 15.0
101.0 17.0
102.0 23.0
103.0 20.0
104.0 15.0
105.0 44.0
106.0 29.0
107.0 29.0
108.0 16.0
109.0 21.0
110.0 7.0
111.0 12.0
112.0 43.0
113.0 26.0
114.0 33.0
115.0 35.0
116.0 45.0
117.0 14.0
118.0 5.0
119.0 31.0
120.0 23.0
121.0 11.0
122.0 8.0
123.0 26.0
124.0 12.0
125.0 23.0
126.0 28.0
127.0 37.0
128.0 23.0
129.0 16.0
130.0 7.0
131.0 2.0
132.0 8.0
133.0 10.0
134.0 23.0
135.0 15.0
136.0 22.0
137.0 10.0
138.0 8.0
139.0 11.0
140.0 21.0
141.0 19.0
142.0 2.0
143.0 0.0
144.0 0.0
145.0 82.0
146.0 99.0
147.0 86.0
148.0 161.0
149.0 241.0
150.0 337.0
151.0 483.0
152.0 644.0
153.0 372.0
154.0 515.0
155.0 474.0
156.0 622.0
157.0 638.0
158.0 626.0
159.0 79.0
160.0 4.0
161.0 6.0
162.0 48.0
163.0 489.0
164.0 607.0
165.0 580.0
166.0 476.0
167.0 609.0
168.0 591.0
169.0 661.0
170.0 447.0
171.0 175.0
172.0 58.0
173.0 293.0
174.0 549.0
175.0 559.0
176.0 578.0
177.0 127.0
178.0 270.0
179.0 437.0
180.0 525.0
181.0 546.0
182.0 580.0
183.0 564.0
184.0 382.0
185.0 172.0
186.0 86.0
187.0 102.0
188.0 33.0
189.0 83.0
190.0 30.0
191.0 39.0
192.0 88.0
193.0 70.0
194.0 18.0
195.0 13.0
196.0 19.0
197.0 16.0
198.0 12.0
199.0 17.0
200.0 8.0
201.0 12.0
202.0 5.0
203.0 101.0
204.0 109.0
205.0 15.0
206.0 26.0
207.0 30.0
208.0 26.0
209.0 24.0
210.0 18.0
211.0 9.0
212.0 17.0
213.0 16.0
214.0 13.0
215.0 21.0
216.0 15.0
217.0 22.0
218.0 17.0
219.0 16.0
220.0 9.0
221.0 14.0
222.0 5.0
223.0 1.0
224.0 123.0
225.0 92.0
226.0 19.0
227.0 22.0
228.0 33.0
229.0 26.0
230.0 39.0
231.0 48.0
232.0 15.0
233.0 49.0
234.0 14.0
235.0 51.0
236.0 41.0
237.0 39.0
238.0 14.0
239.0 121.0
240.0 89.0
241.0 24.0
242.0 34.0
243.0 48.0
244.0 7.0
245.0 2.0
246.0 118.0
247.0 103.0
248.0 52.0
249.0 240.0
250.0 358.0
251.0 525.0
252.0 631.0
253.0 752.0
254.0 721.0
255.0 181.0
256.0 204.0
257.0 627.0
258.0 732.0
259.0 698.0
260.0 725.0
261.0 766.0
262.0 810.0
263.0 723.0
264.0 866.0
265.0 834.0
266.0 878.0
267.0 926.0
268.0 989.0
269.0 880.0
270.0 849.0
271.0 872.0
272.0 842.0
273.0 786.0
274.0 776.0
275.0 936.0
276.0 908.0
277.0 909.0
278.0 847.0
279.0 1110.0
280.0 847.0
281.0 789.0
282.0 946.0
283.0 797.0
284.0 853.0
285.0 992.0
286.0 918.0
287.0 1150.0
288.0 62.0
289.0 9.0
290.0 0.0
291.0 1.0
292.0 125.0
293.0 82.0
294.0 5.0
295.0 27.0
296.0 23.0
297.0 6.0
298.0 40.0
299.0 5.0
300.0 7.0
301.0 9.0
302.0 5.0
303.0 97.0
304.0 99.0
305.0 89.0
306.0 213.0
307.0 149.0
308.0 420.0
309.0 657.0
310.0 716.0
311.0 784.0
312.0 799.0
313.0 808.0
314.0 862.0
315.0 910.0
316.0 875.0
317.0 919.0
318.0 891.0
319.0 1030.0
320.0 767.0
321.0 708.0
322.0 498.0
323.0 1360.0
324.0 919.0
325.0 848.0
326.0 1040.0
327.0 1040.0
328.0 1450.0
329.0 1130.0
330.0 1060.0
331.0 975.0
332.0 1500.0
333.0 1270.0
334.0 1160.0
335.0 802.0
336.0 734.0
337.0 679.0
338.0 1010.0
339.0 1010.0
340.0 766.0
341.0 820.0
342.0 932.0
343.0 958.0
344.0 753.0
345.0 867.0
346.0 1030.0
347.0 1120.0
348.0 824.0
349.0 991.0
350.0 1380.0
351.0 976.0
352.0 1260.0
353.0 1510.0
354.0 1090.0
355.0 1100.0
356.0 917.0
357.0 889.0
358.0 1070.0
359.0 207.0
360.0 540.0
361.0 154.0
362.0 927.0
363.0 1070.0
364.0 901.0
365.0 958.0
366.0 1030.0
367.0 1020.0
368.0 934.0
369.0 978.0
370.0 771.0
371.0 1060.0
372.0 779.0
373.0 1010.0
374.0 860.0
375.0 790.0
376.0 718.0
377.0 892.0
378.0 770.0
379.0 805.0
380.0 754.0
381.0 770.0
382.0 749.0
383.0 482.0
384.0 3.0
385.0 165.0
386.0 74.0
387.0 57.0
388.0 55.0
389.0 113.0
390.0 50.0
391.0 61.0
392.0 3.0
393.0 4.0
394.0 114.0
395.0 109.0
396.0 123.0
397.0 2.0
398.0 1.0
399.0 50.0
400.0 17.0
401.0 16.0
402.0 24.0
403.0 6.0
404.0 26.0
405.0 93.0
406.0 124.0
407.0 10.0
408.0 109.0
409.0 113.0
410.0 119.0
411.0 110.0
412.0 124.0
413.0 113.0
414.0 105.0
415.0 117.0
416.0 114.0
417.0 122.0
418.0 122.0
419.0 88.0
420.0 124.0
421.0 36.0
422.0 82.0
423.0 173.0
424.0 181.0
425.0 112.0
426.0 445.0
427.0 549.0
428.0 645.0
429.0 733.0
430.0 846.0
431.0 891.0
432.0 1080.0
433.0 1030.0
434.0 1060.0
435.0 1350.0
436.0 1510.0
437.0 1610.0
438.0 1700.0
439.0 1560.0
440.0 1590.0
441.0 1620.0
442.0 1690.0
443.0 1570.0
444.0 1640.0
445.0 1830.0
446.0 1720.0
447.0 1710.0
448.0 1800.0
449.0 1610.0
450.0 1800.0
451.0 1880.0
452.0 1780.0
453.0 1770.0
454.0 1560.0
455.0 1820.0
456.0 1220.0
457.0 1290.0
458.0 496.0
459.0 405.0
460.0 59.0
461.0 86.0
462.0 53.0
463.0 12.0
464.0 156.0
465.0 71.0
466.0 152.0
467.0 208.0
468.0 80.0
469.0 53.0
470.0 69.0
471.0 147.0
472.0 207.0
473.0 213.0
474.0 81.0
475.0 356.0
476.0 354.0
477.0 410.0
478.0 412.0
479.0 479.0
480.0 480.0
481.0 500.0
482.0 472.0
483.0 506.0
484.0 446.0
485.0 479.0
486.0 609.0
487.0 653.0
488.0 771.0
489.0 770.0
490.0 714.0
491.0 717.0
492.0 681.0
493.0 638.0
494.0 602.0
495.0 49.0
496.0 547.0
497.0 786.0
498.0 673.0
499.0 750.0
500.0 725.0
501.0 661.0
502.0 533.0
503.0 666.0
504.0 780.0
505.0 773.0
506.0 700.0
507.0 657.0
508.0 629.0
509.0 768.0
510.0 816.0
511.0 699.0
512.0 558.0
513.0 5.0
514.0 4.0
515.0 19.0
516.0 305.0
517.0 229.0
518.0 110.0
519.0 116.0
520.0 107.0
521.0 120.0
522.0 119.0
523.0 94.0
524.0 107.0
525.0 102.0
526.0 101.0
527.0 98.0
528.0 96.0
529.0 114.0
530.0 341.0
531.0 434.0
532.0 550.0
533.0 63.0
534.0 103.0
535.0 76.0
536.0 59.0
537.0 179.0
538.0 231.0
539.0 61.0
540.0 113.0
541.0 189.0
542.0 113.0
543.0 76.0
544.0 101.0
545.0 127.0
546.0 53.0
547.0 39.0
548.0 1.0
549.0 0.0
550.0 0.0
551.0 0.0
552.0 23.0
553.0 65.0
554.0 48.0
555.0 68.0
556.0 45.0
557.0 90.0
558.0 101.0
559.0 119.0
560.0 117.0
561.0 271.0
562.0 281.0
563.0 394.0
564.0 178.0
565.0 64.0
566.0 353.0
567.0 218.0
568.0 102.0
569.0 115.0
570.0 108.0
571.0 104.0
572.0 112.0
573.0 100.0
574.0 121.0
575.0 98.0
576.0 111.0
577.0 120.0
578.0 120.0
579.0 108.0
580.0 119.0
581.0 125.0
582.0 114.0
583.0 98.0
584.0 109.0
585.0 106.0
586.0 116.0
587.0 82.0
588.0 113.0
589.0 87.0
590.0 93.0
591.0 119.0
592.0 105.0
593.0 96.0
594.0 125.0
595.0 86.0
596.0 116.0
597.0 96.0
598.0 91.0
599.0 88.0
600.0 118.0
601.0 121.0
602.0 116.0
603.0 106.0
604.0 89.0
605.0 94.0
606.0 101.0
607.0 88.0
608.0 97.0
609.0 113.0
610.0 99.0
611.0 115.0
612.0 123.0
613.0 125.0
614.0 102.0
615.0 124.0
616.0 122.0
617.0 124.0
618.0 125.0
619.0 111.0
620.0 107.0
621.0 123.0
622.0 114.0
623.0 116.0
624.0 125.0
625.0 120.0
626.0 123.0
627.0 124.0
628.0 119.0
629.0 125.0
630.0 104.0
631.0 113.0
632.0 121.0
633.0 92.0
634.0 79.0
635.0 170.0
636.0 104.0
637.0 61.0
638.0 97.0
639.0 65.0
640.0 55.0
641.0 33.0
642.0 111.0
643.0 106.0
644.0 228.0
645.0 230.0
646.0 241.0
647.0 264.0
648.0 272.0
649.0 288.0
650.0 317.0
651.0 352.0
652.0 413.0
653.0 499.0
654.0 577.0
655.0 654.0
656.0 570.0
657.0 651.0
658.0 831.0
659.0 834.0
660.0 877.0
661.0 900.0
662.0 834.0
663.0 965.0
664.0 1010.0
665.0 954.0
666.0 882.0
667.0 60.0
668.0 37.0
669.0 44.0
670.0 21.0
671.0 123.0
672.0 92.0
673.0 182.0
674.0 499.0
675.0 697.0
676.0 638.0
677.0 774.0
678.0 605.0
679.0 794.0
680.0 775.0
681.0 835.0
682.0 858.0
683.0 1120.0
684.0 1060.0
685.0 1060.0
686.0 817.0
687.0 882.0
688.0 992.0
689.0 946.0
690.0 820.0
691.0 639.0
692.0 81.0
693.0 104.0
694.0 94.0
695.0 89.0
696.0 634.0
697.0 329.0
698.0 326.0
699.0 788.0
700.0 808.0
701.0 929.0
702.0 687.0
703.0 762.0
704.0 658.0
705.0 977.0
706.0 484.0
707.0 577.0
708.0 527.0
709.0 578.0
710.0 696.0
711.0 630.0
712.0 699.0
713.0 527.0
714.0 176.0
715.0 72.0
716.0 182.0
717.0 404.0
718.0 453.0
719.0 503.0
720.0 608.0
721.0 608.0
722.0 456.0
723.0 627.0
724.0 438.0
725.0 536.0
726.0 121.0
727.0 90.0
728.0 554.0
729.0 601.0
730.0 640.0
731.0 635.0
732.0 624.0
733.0 553.0
734.0 697.0
735.0 614.0
736.0 765.0
737.0 587.0
738.0 720.0
739.0 606.0
740.0 686.0
741.0 693.0
742.0 699.0
743.0 691.0
744.0 630.0
745.0 291.0
746.0 112.0
747.0 102.0
748.0 79.0
749.0 95.0
750.0 114.0
751.0 117.0
752.0 240.0
753.0 620.0
754.0 111.0
755.0 0.0
756.0 0.0
757.0 0.0
758.0 0.0
759.0 1.0
760.0 118.0
761.0 129.0
762.0 577.0
763.0 575.0
764.0 511.0
765.0 678.0
766.0 592.0
767.0 570.0
768.0 635.0
769.0 505.0
770.0 528.0
771.0 599.0
772.0 531.0
773.0 609.0
774.0 688.0
775.0 701.0
776.0 550.0
777.0 640.0
778.0 705.0
779.0 756.0
780.0 705.0
781.0 744.0
782.0 748.0
783.0 768.0
784.0 769.0
785.0 790.0
786.0 814.0
787.0 106.0
788.0 116.0
789.0 2.0
790.0 0.0
791.0 8.0
792.0 67.0
793.0 136.0
794.0 135.0
795.0 67.0
796.0 40.0
797.0 12.0
798.0 108.0
