0.0 111.0
1.0 123.0
2.0 115.0
3.0 125.0
4.0 100.0
5.0 116.0
6.0 111.0
7.0 121.0
8.0 125.0
9.0 107.0
10.0 110.0
11.0 120.0
12.0 117.0
13.0 120.0
14.0 121.0
15.0 94.0
16.0 100.0
17.0 107.0
18.0 108.0
19.0 125.0
20.0 101.0
21.0 123.0
22.0 124.0
23.0 107.0
24.0 101.0
25.0 112.0
26.0 93.0
27.0 91.0
28.0 108.0
29.0 111.0
30.0 125.0
31.0 107.0
32.0 121.0
33.0 121.0
34.0 86.0
35.0 77.0
36.0 109.0
37.0 125.0
38.0 116.0
39.0 118.0
40.0 123.0
41.0 120.0
42.0 115.0
43.0 93.0
44.0 27.0
45.0 60.0
46.0 63.0
47.0 53.0
48.0 110.0
49.0 43.0
50.0 59.0
51.0 101.0
52.0 178.0
53.0 132.0
54.0 102.0
55.0 120.0
56.0 112.0
57.0 115.0
58.0 110.0
59.0 96.0
60.0 105.0
61.0 101.0
62.0 90.0
63.0 97.0
64.0 102.0
65.0 119.0
66.0 121.0
67.0 95.0
68.0 87.0
69.0 112.0
70.0 115.0
71.0 104.0
72.0 105.0
73.0 104.0
74.0 111.0
75.0 118.0
76.0 110.0
77.0 110.0
78.0 124.0
79.0 121.0
80.0 110.0
81.0 119.0
82.0 113.0
83.0 114.0
84.0 119.0
85.0 114.0
86.0 123.0
87.0 87.0
88.0 117.0
89.0 81.0
90.0 103.0
91.0 118.0
92.0 124.0
93.0 115.0
94.0 123.0
95.0 96.0
96.0 113.0
97.0 113.0
98.0 100.0
99.0 101.0
100.0 121.0
101.0 107.0
102.0 104.0
103.0 119.0
104.0 119.0
105.0 118.0
106.0 120.0
107.0 117.0
108.0 119.0
109.0 124.0
110.0 109.0
111.0 123.0
112.0 116.0
113.0 91.0
114.0 122.0
115.0 100.0
116.0 109.0
117.0 91.0
118.0 98.0
119.0 123.0
120.0 106.0
121.0 88.0
122.0 90.0
123.0 110.0
124.0 119.0
125.0 99.0
126.0 118.0
127.0 88.0
128.0 107.0
129.0 121.0
130.0 119.0
131.0 97.0
132.0 115.0
133.0 116.0
134.0 92.0
135.0 98.0
136.0 116.0
137.0 55.0
138.0 80.0
139.0 116.0
140.0 162.0
141.0 230.0
142.0 303.0
143.0 375.0
144.0 520.0
145.0 646.0
146.0 886.0
147.0 1100.0
148.0 1090.0
149.0 776.0
150.0 1390.0
151.0 1160.0
152.0 1200.0
153.0 1430.0
154.0 1540.0
155.0 842.0
156.0 1420.0
157.0 860.0
158.0 145.0
159.0 494.0
160.0 812.0
161.0 805.0
162.0 927.0
163.0 1120.0
164.0 806.0
165.0 855.0
166.0 78.0
167.0 891.0
168.0 1100.0
169.0 1390.0
170.0 1080.0
171.0 1350.0
172.0 1430.0
173.0 1140.0
174.0 1220.0
175.0 1530.0
176.0 1410.0
177.0 1390.0
178.0 1420.0
179.0 1140.0
180.0 1270.0
181.0 1550.0
182.0 880.0
183.0 2.0
184.0 103.0
185.0 102.0
186.0 596.0
187.0 713.0
188.0 750.0
189.0 707.0
190.0 760.0
191.0 257.0
192.0 519.0
193.0 704.0
194.0 743.0
195.0 727.0
196.0 809.0
197.0 423.0
198.0 326.0
199.0 673.0
200.0 682.0
201.0 883.0
202.0 909.0
203.0 548.0
204.0 756.0
205.0 782.0
206.0 812.0
207.0 955.0
208.0 795.0
209.0 368.0
210.0 269.0
211.0 589.0
212.0 550.0
213.0 332.0
214.0 611.0
215.0 582.0
216.0 574.0
217.0 588.0
218.0 672.0
219.0 590.0
220.0 578.0
221.0 618.0
222.0 573.0
223.0 388.0
224.0 574.0
225.0 61.0
226.0 3.0
227.0 0.0
228.0 0.0
229.0 0.0
230.0 1.0
231.0 114.0
232.0 100.0
233.0 643.0
234.0 596.0
235.0 687.0
236.0 715.0
237.0 702.0
238.0 774.0
239.0 714.0
240.0 603.0
241.0 801.0
242.0 825.0
243.0 730.0
244.0 794.0
245.0 1080.0
246.0 1200.0
247.0 1100.0
248.0 1280.0
249.0 1380.0
250.0 1280.0
251.0 1080.0
252.0 1220.0
253.0 1150.0
254.0 1300.0
255.0 47.0
256.0 96.0
257.0 193.0
258.0 462.0
259.0 367.0
260.0 62.0
261.0 79.0
262.0 531.0
263.0 154.0
264.0 67.0
265.0 271.0
266.0 399.0
267.0 502.0
268.0 303.0
269.0 10.0
270.0 111.0
271.0 93.0
272.0 478.0
273.0 762.0
274.0 777.0
275.0 854.0
276.0 871.0
277.0 789.0
278.0 1020.0
279.0 843.0
280.0 795.0
281.0 740.0
282.0 872.0
283.0 880.0
284.0 958.0
285.0 892.0
286.0 882.0
287.0 1090.0
288.0 868.0
289.0 942.0
290.0 933.0
291.0 943.0
292.0 927.0
293.0 891.0
294.0 980.0
295.0 917.0
296.0 904.0
297.0 925.0
298.0 948.0
299.0 887.0
300.0 949.0
301.0 829.0
302.0 939.0
303.0 891.0
304.0 888.0
305.0 1020.0
306.0 1060.0
307.0 935.0
308.0 880.0
309.0 936.0
310.0 1050.0
311.0 870.0
312.0 872.0
313.0 964.0
314.0 814.0
315.0 876.0
316.0 801.0
317.0 821.0
318.0 873.0
319.0 1060.0
320.0 977.0
321.0 1030.0
322.0 1010.0
323.0 932.0
324.0 855.0
325.0 519.0
326.0 752.0
327.0 841.0
328.0 195.0
329.0 0.0
330.0 0.0
331.0 0.0
332.0 0.0
333.0 0.0
334.0 92.0
335.0 198.0
336.0 839.0
337.0 768.0
338.0 797.0
339.0 1020.0
340.0 964.0
341.0 960.0
342.0 837.0
343.0 942.0
344.0 995.0
345.0 1120.0
346.0 924.0
347.0 987.0
348.0 404.0
349.0 3.0
350.0 17.0
351.0 3.0
352.0 2.0
353.0 6.0
354.0 12.0
355.0 102.0
356.0 93.0
357.0 39.0
358.0 58.0
359.0 202.0
360.0 55.0
361.0 2.0
362.0 0.0
363.0 11.0
364.0 10.0
365.0 11.0
366.0 36.0
367.0 51.0
368.0 6.0
369.0 13.0
370.0 8.0
371.0 12.0
372.0 17.0
373.0 14.0
374.0 46.0
375.0 22.0
376.0 0.0
377.0 102.0
378.0 120.0
379.0 91.0
380.0 121.0
381.0 169.0
382.0 224.0
383.0 276.0
384.0 467.0
385.0 520.0
386.0 632.0
387.0 753.0
388.0 853.0
389.0 932.0
390.0 1110.0
391.0 1380.0
392.0 1260.0
393.0 1380.0
394.0 1370.0
395.0 1440.0
396.0 1160.0
397.0 854.0
398.0 941.0
399.0 986.0
400.0 457.0
401.0 3.0
402.0 0.0
403.0 93.0
404.0 114.0
405.0 361.0
406.0 3.0
407.0 0.0
408.0 122.0
409.0 99.0
410.0 674.0
411.0 1150.0
412.0 1350.0
413.0 1010.0
414.0 891.0
415.0 1300.0
416.0 1050.0
417.0 990.0
418.0 1010.0
419.0 1020.0
420.0 968.0
421.0 933.0
422.0 919.0
423.0 890.0
424.0 832.0
425.0 821.0
426.0 711.0
427.0 822.0
428.0 237.0
429.0 7.0
430.0 2.0
431.0 34.0
432.0 13.0
433.0 89.0
434.0 113.0
435.0 659.0
436.0 3.0
437.0 89.0
438.0 464.0
439.0 119.0
440.0 0.0
441.0 79.0
442.0 118.0
443.0 0.0
444.0 0.0
445.0 0.0
446.0 0.0
447.0 2.0
448.0 108.0
449.0 108.0
450.0 298.0
451.0 715.0
452.0 424.0
453.0 763.0
454.0 1180.0
455.0 1330.0
456.0 1240.0
457.0 1230.0
458.0 1200.0
459.0 1190.0
460.0 1200.0
461.0 1120.0
462.0 1120.0
463.0 926.0
464.0 1130.0
465.0 1230.0
466.0 1540.0
467.0 1440.0
468.0 1150.0
469.0 1270.0
470.0 1430.0
471.0 1560.0
472.0 1500.0
473.0 1550.0
474.0 1360.0
475.0 1240.0
476.0 1450.0
477.0 1640.0
478.0 1570.0
479.0 1670.0
480.0 1640.0
481.0 1610.0
482.0 1700.0
483.0 1680.0
484.0 1650.0
485.0 1670.0
486.0 1470.0
487.0 1720.0
488.0 1640.0
489.0 1550.0
490.0 1730.0
491.0 1780.0
492.0 1760.0
493.0 1710.0
494.0 1740.0
495.0 1390.0
496.0 1540.0
497.0 1630.0
498.0 911.0
499.0 1220.0
500.0 1460.0
501.0 822.0
502.0 877.0
503.0 894.0
504.0 928.0
505.0 835.0
506.0 1110.0
507.0 1120.0
508.0 1040.0
509.0 837.0
510.0 962.0
511.0 1080.0
512.0 1080.0
513.0 914.0
514.0 939.0
515.0 869.0
516.0 655.0
517.0 737.0
518.0 885.0
519.0 782.0
520.0 825.0
521.0 876.0
522.0 790.0
523.0 809.0
524.0 766.0
525.0 122.0
526.0 103.0
527.0 199.0
528.0 615.0
529.0 155.0
530.0 22.0
531.0 7.0
532.0 0.0
533.0 111.0
534.0 115.0
535.0 93.0
536.0 88.0
537.0 96.0
538.0 107.0
539.0 125.0
540.0 115.0
541.0 94.0
542.0 116.0
543.0 90.0
544.0 116.0
545.0 114.0
546.0 115.0
547.0 118.0
548.0 100.0
549.0 121.0
550.0 114.0
551.0 125.0
552.0 103.0
553.0 115.0
554.0 117.0
555.0 120.0
556.0 109.0
557.0 119.0
558.0 30.0
559.0 9.0
560.0 12.0
561.0 8.0
562.0 9.0
563.0 6.0
564.0 10.0
565.0 16.0
566.0 7.0
567.0 11.0
568.0 4.0
569.0 6.0
570.0 12.0
571.0 11.0
572.0 16.0
573.0 16.0
574.0 11.0
575.0 27.0
576.0 13.0
577.0 16.0
578.0 11.0
579.0 92.0
580.0 94.0
581.0 118.0
582.0 116.0
583.0 109.0
584.0 125.0
585.0 119.0
586.0 112.0
587.0 123.0
588.0 117.0
589.0 125.0
590.0 118.0
591.0 106.0
592.0 109.0
593.0 119.0
594.0 101.0
595.0 114.0
596.0 113.0
597.0 89.0
598.0 109.0
599.0 120.0
600.0 94.0
601.0 115.0
602.0 116.0
603.0 109.0
604.0 116.0
605.0 93.0
606.0 122.0
607.0 114.0
608.0 97.0
609.0 118.0
610.0 112.0
611.0 111.0
612.0 125.0
613.0 100.0
614.0 111.0
615.0 99.0
616.0 119.0
617.0 95.0
618.0 97.0
619.0 121.0
620.0 109.0
621.0 119.0
622.0 95.0
623.0 122.0
624.0 98.0
625.0 114.0
626.0 125.0
627.0 122.0
628.0 91.0
629.0 119.0
630.0 107.0
631.0 94.0
632.0 118.0
633.0 119.0
634.0 109.0
635.0 120.0
636.0 120.0
637.0 88.0
638.0 103.0
639.0 117.0
640.0 120.0
641.0 111.0
642.0 113.0
643.0 116.0
644.0 124.0
645.0 115.0
646.0 117.0
647.0 205.0
648.0 295.0
649.0 310.0
650.0 342.0
651.0 393.0
652.0 447.0
653.0 525.0
654.0 629.0
655.0 770.0
656.0 958.0
657.0 1140.0
658.0 1130.0
659.0 1160.0
660.0 1330.0
661.0 1350.0
662.0 1160.0
663.0 1290.0
664.0 947.0
665.0 1220.0
666.0 1190.0
667.0 1050.0
668.0 916.0
669.0 978.0
670.0 983.0
671.0 1010.0
672.0 929.0
673.0 824.0
674.0 952.0
675.0 1000.0
676.0 1220.0
677.0 999.0
678.0 1020.0
679.0 1360.0
680.0 1100.0
681.0 1070.0
682.0 1060.0
683.0 734.0
684.0 603.0
685.0 700.0
686.0 395.0
687.0 10.0
688.0 1.0
689.0 10.0
690.0 11.0
691.0 5.0
692.0 5.0
693.0 14.0
694.0 34.0
695.0 13.0
696.0 14.0
697.0 37.0
698.0 90.0
699.0 100.0
700.0 118.0
701.0 121.0
702.0 117.0
703.0 112.0
704.0 305.0
705.0 134.0
706.0 158.0
707.0 271.0
708.0 348.0
709.0 408.0
710.0 456.0
711.0 474.0
712.0 494.0
713.0 433.0
714.0 502.0
715.0 412.0
716.0 230.0
717.0 0.0
718.0 0.0
719.0 80.0
720.0 125.0
721.0 117.0
722.0 97.0
723.0 121.0
724.0 112.0
725.0 92.0
726.0 91.0
727.0 120.0
728.0 114.0
729.0 113.0
730.0 114.0
731.0 113.0
732.0 121.0
733.0 99.0
734.0 115.0
735.0 102.0
736.0 124.0
737.0 109.0
738.0 111.0
739.0 98.0
740.0 97.0
741.0 115.0
742.0 108.0
743.0 121.0
744.0 112.0
745.0 90.0
746.0 106.0
747.0 117.0
748.0 105.0
749.0 97.0
750.0 86.0
751.0 119.0
752.0 81.0
753.0 117.0
754.0 123.0
755.0 106.0
756.0 110.0
757.0 110.0
758.0 91.0
759.0 77.0
760.0 96.0
761.0 95.0
762.0 103.0
763.0 83.0
764.0 110.0
765.0 114.0
766.0 119.0
767.0 87.0
768.0 110.0
769.0 115.0
770.0 90.0
771.0 110.0
772.0 92.0
773.0 120.0
774.0 99.0
775.0 93.0
776.0 121.0
777.0 110.0
778.0 124.0
779.0 121.0
780.0 125.0
781.0 115.0
782.0 98.0
783.0 107.0
784.0 108.0
785.0 105.0
786.0 107.0
787.0 123.0
788.0 110.0
789.0 101.0
790.0 108.0
791.0 113.0
792.0 109.0
793.0 87.0
794.0 108.0
795.0 89.0
796.0 98.0
797.0 110.0
798.0 93.0
