0.0 812.0
1.0 1560.0
2.0 1740.0
3.0 1810.0
4.0 1800.0
5.0 1780.0
6.0 1560.0
7.0 1650.0
8.0 1750.0
9.0 1740.0
10.0 1480.0
11.0 1440.0
12.0 1610.0
13.0 1620.0
14.0 1770.0
15.0 1550.0
16.0 1660.0
17.0 1690.0
18.0 1670.0
19.0 1310.0
20.0 1350.0
21.0 900.0
22.0 636.0
23.0 569.0
24.0 539.0
25.0 549.0
26.0 557.0
27.0 754.0
28.0 845.0
29.0 944.0
30.0 991.0
31.0 1110.0
32.0 1080.0
33.0 1140.0
34.0 956.0
35.0 591.0
36.0 324.0
37.0 90.0
38.0 34.0
39.0 96.0
40.0 112.0
41.0 124.0
42.0 137.0
43.0 520.0
44.0 762.0
45.0 834.0
46.0 875.0
47.0 776.0
48.0 1100.0
49.0 1210.0
50.0 1260.0
51.0 1440.0
52.0 1590.0
53.0 1720.0
54.0 1590.0
55.0 1690.0
56.0 1620.0
57.0 371.0
58.0 15.0
59.0 124.0
60.0 125.0
61.0 118.0
62.0 978.0
63.0 1320.0
64.0 1420.0
65.0 1650.0
66.0 1700.0
67.0 443.0
68.0 425.0
69.0 1790.0
70.0 1650.0
71.0 1620.0
72.0 1320.0
73.0 1150.0
74.0 886.0
75.0 998.0
76.0 940.0
77.0 1030.0
78.0 1060.0
79.0 757.0
80.0 831.0
81.0 737.0
82.0 848.0
83.0 645.0
84.0 955.0
85.0 136.0
86.0 170.0
87.0 481.0
88.0 761.0
89.0 989.0
90.0 748.0
91.0 624.0
92.0 390.0
93.0 520.0
94.0 1010.0
95.0 772.0
96.0 1080.0
97.0 1080.0
98.0 1300.0
99.0 937.0
100.0 470.0
101.0 275.0
102.0 221.0
103.0 791.0
104.0 738.0
105.0 676.0
106.0 1130.0
107.0 166.0
108.0 183.0
109.0 110.0
110.0 138.0
111.0 278.0
112.0 468.0
113.0 10.0
114.0 14.0
115.0 1.0
116.0 1.0
117.0 121.0
118.0 601.0
119.0 696.0
120.0 641.0
121.0 325.0
122.0 642.0
123.0 640.0
124.0 662.0
125.0 515.0
126.0 731.0
127.0 363.0
128.0 348.0
129.0 4.0
130.0 395.0
131.0 263.0
132.0 483.0
133.0 433.0
134.0 226.0
135.0 195.0
136.0 16.0
137.0 46.0
138.0 22.0
139.0 34.0
140.0 26.0
141.0 24.0
142.0 127.0
143.0 174.0
144.0 80.0
145.0 285.0
146.0 465.0
147.0 277.0
148.0 521.0
149.0 436.0
150.0 515.0
151.0 88.0
152.0 10.0
153.0 6.0
154.0 35.0
155.0 80.0
156.0 72.0
157.0 50.0
158.0 10.0
159.0 0.0
160.0 15.0
161.0 47.0
162.0 16.0
163.0 17.0
164.0 8.0
165.0 25.0
166.0 39.0
167.0 37.0
168.0 32.0
169.0 12.0
170.0 27.0
171.0 22.0
172.0 14.0
173.0 11.0
174.0 27.0
175.0 27.0
176.0 10.0
177.0 12.0
178.0 2.0
179.0 8.0
180.0 7.0
181.0 9.0
182.0 14.0
183.0 3.0
184.0 13.0
185.0 7.0
186.0 6.0
187.0 3.0
188.0 9.0
189.0 17.0
190.0 5.0
191.0 16.0
192.0 10.0
193.0 4.0
194.0 15.0
195.0 115.0
196.0 117.0
197.0 96.0
198.0 18.0
199.0 8.0
200.0 18.0
201.0 1.0
202.0 15.0
203.0 22.0
204.0 91.0
205.0 107.0
206.0 28.0
207.0 59.0
208.0 1.0
209.0 35.0
210.0 121.0
211.0 122.0
212.0 188.0
213.0 258.0
214.0 347.0
215.0 409.0
216.0 477.0
217.0 554.0
218.0 639.0
219.0 702.0
220.0 856.0
221.0 1030.0
222.0 1220.0
223.0 1490.0
224.0 1260.0
225.0 1450.0
226.0 1460.0
227.0 1250.0
228.0 1140.0
229.0 919.0
230.0 730.0
231.0 612.0
232.0 563.0
233.0 622.0
234.0 790.0
235.0 662.0
236.0 724.0
237.0 1.0
238.0 0.0
239.0 12.0
240.0 186.0
241.0 119.0
242.0 102.0
243.0 621.0
244.0 664.0
245.0 817.0
246.0 670.0
247.0 887.0
248.0 827.0
249.0 906.0
250.0 831.0
251.0 998.0
252.0 725.0
253.0 10.0
254.0 0.0
255.0 190.0
256.0 144.0
257.0 124.0
258.0 91.0
259.0 0.0
260.0 0.0
261.0 0.0
262.0 0.0
263.0 0.0
264.0 0.0
265.0 0.0
266.0 0.0
267.0 0.0
268.0 0.0
269.0 0.0
270.0 0.0
271.0 0.0
272.0 0.0
273.0 0.0
274.0 0.0
275.0 0.0
276.0 0.0
277.0 0.0
278.0 0.0
279.0 0.0
280.0 0.0
281.0 0.0
282.0 0.0
283.0 0.0
284.0 0.0
285.0 0.0
286.0 0.0
287.0 0.0
288.0 0.0
289.0 0.0
290.0 0.0
291.0 0.0
292.0 0.0
293.0 0.0
294.0 0.0
295.0 0.0
296.0 0.0
297.0 0.0
298.0 0.0
299.0 71.0
300.0 81.0
301.0 456.0
302.0 114.0
303.0 642.0
304.0 607.0
305.0 704.0
306.0 201.0
307.0 3.0
308.0 42.0
309.0 79.0
310.0 109.0
311.0 88.0
312.0 107.0
313.0 71.0
314.0 122.0
315.0 118.0
316.0 106.0
317.0 579.0
318.0 676.0
319.0 612.0
320.0 589.0
321.0 618.0
322.0 711.0
323.0 307.0
324.0 24.0
325.0 367.0
326.0 125.0
327.0 90.0
328.0 3.0
329.0 125.0
330.0 122.0
331.0 104.0
332.0 642.0
333.0 516.0
334.0 609.0
335.0 717.0
336.0 734.0
337.0 405.0
338.0 157.0
339.0 22.0
340.0 29.0
341.0 120.0
342.0 109.0
343.0 82.0
344.0 125.0
345.0 108.0
346.0 97.0
347.0 99.0
348.0 100.0
349.0 310.0
350.0 206.0
351.0 42.0
352.0 119.0
353.0 123.0
354.0 97.0
355.0 608.0
356.0 729.0
357.0 857.0
358.0 921.0
359.0 889.0
360.0 1160.0
361.0 1190.0
362.0 1320.0
363.0 1460.0
364.0 1720.0
365.0 1220.0
366.0 1430.0
367.0 1740.0
368.0 1630.0
369.0 1690.0
370.0 1740.0
371.0 1680.0
372.0 1490.0
373.0 1380.0
374.0 1630.0
375.0 1750.0
376.0 1760.0
377.0 1700.0
378.0 1580.0
379.0 1740.0
380.0 1540.0
381.0 1110.0
382.0 1400.0
383.0 27.0
384.0 17.0
385.0 110.0
386.0 99.0
387.0 1560.0
388.0 1550.0
389.0 1470.0
390.0 1090.0
391.0 951.0
392.0 1160.0
393.0 1160.0
394.0 1300.0
395.0 1160.0
396.0 1270.0
397.0 1130.0
398.0 1170.0
399.0 1110.0
400.0 1040.0
401.0 1260.0
402.0 855.0
403.0 936.0
404.0 895.0
405.0 1280.0
406.0 1550.0
407.0 1600.0
408.0 1410.0
409.0 1020.0
410.0 0.0
411.0 16.0
412.0 110.0
413.0 105.0
414.0 98.0
415.0 172.0
416.0 225.0
417.0 61.0
418.0 117.0
419.0 4.0
420.0 5.0
421.0 8.0
422.0 10.0
423.0 93.0
424.0 112.0
425.0 113.0
426.0 93.0
427.0 115.0
428.0 109.0
429.0 105.0
430.0 81.0
431.0 160.0
432.0 212.0
433.0 76.0
434.0 184.0
435.0 237.0
436.0 115.0
437.0 201.0
438.0 172.0
439.0 145.0
440.0 217.0
441.0 197.0
442.0 251.0
443.0 190.0
444.0 269.0
445.0 297.0
446.0 243.0
447.0 278.0
448.0 272.0
449.0 269.0
450.0 186.0
451.0 297.0
452.0 331.0
453.0 349.0
454.0 191.0
455.0 235.0
456.0 266.0
457.0 258.0
458.0 148.0
459.0 240.0
460.0 373.0
461.0 199.0
462.0 105.0
463.0 154.0
464.0 216.0
465.0 263.0
466.0 175.0
467.0 198.0
468.0 212.0
469.0 211.0
470.0 263.0
471.0 495.0
472.0 574.0
473.0 639.0
474.0 665.0
475.0 738.0
476.0 727.0
477.0 782.0
478.0 827.0
479.0 757.0
480.0 1050.0
481.0 885.0
482.0 1080.0
483.0 877.0
484.0 1270.0
485.0 1430.0
486.0 1010.0
487.0 1030.0
488.0 1160.0
489.0 1520.0
490.0 1100.0
491.0 936.0
492.0 750.0
493.0 753.0
494.0 903.0
495.0 889.0
496.0 1010.0
497.0 1030.0
498.0 1010.0
499.0 1120.0
500.0 1170.0
501.0 1200.0
502.0 1270.0
503.0 767.0
504.0 1250.0
505.0 1160.0
506.0 1380.0
507.0 1450.0
508.0 731.0
509.0 765.0
510.0 930.0
511.0 1120.0
512.0 891.0
513.0 823.0
514.0 829.0
515.0 737.0
516.0 735.0
517.0 167.0
518.0 1.0
519.0 104.0
520.0 107.0
521.0 106.0
522.0 96.0
523.0 124.0
524.0 100.0
525.0 109.0
526.0 90.0
527.0 122.0
528.0 90.0
529.0 102.0
530.0 124.0
531.0 89.0
532.0 117.0
533.0 115.0
534.0 104.0
535.0 116.0
536.0 118.0
537.0 121.0
538.0 119.0
539.0 103.0
540.0 116.0
541.0 117.0
542.0 124.0
543.0 96.0
544.0 114.0
545.0 106.0
546.0 113.0
547.0 109.0
548.0 99.0
549.0 96.0
550.0 96.0
551.0 89.0
552.0 124.0
553.0 95.0
554.0 113.0
555.0 123.0
556.0 112.0
557.0 106.0
558.0 111.0
559.0 111.0
560.0 112.0
561.0 100.0
562.0 122.0
563.0 114.0
564.0 123.0
565.0 877.0
566.0 923.0
567.0 930.0
568.0 918.0
569.0 781.0
570.0 941.0
571.0 931.0
572.0 903.0
573.0 841.0
574.0 863.0
575.0 787.0
576.0 150.0
577.0 0.0
578.0 0.0
579.0 0.0
580.0 0.0
581.0 0.0
582.0 0.0
583.0 0.0
584.0 109.0
585.0 125.0
586.0 103.0
587.0 119.0
588.0 97.0
589.0 102.0
590.0 123.0
591.0 106.0
592.0 117.0
593.0 116.0
594.0 90.0
595.0 113.0
596.0 93.0
597.0 120.0
598.0 89.0
599.0 103.0
600.0 123.0
601.0 97.0
602.0 124.0
603.0 101.0
604.0 108.0
605.0 98.0
606.0 90.0
607.0 107.0
608.0 125.0
609.0 94.0
610.0 108.0
611.0 95.0
612.0 102.0
613.0 120.0
614.0 104.0
615.0 123.0
616.0 117.0
617.0 119.0
618.0 112.0
619.0 89.0
620.0 103.0
621.0 119.0
622.0 110.0
623.0 102.0
624.0 110.0
625.0 116.0
626.0 98.0
627.0 123.0
628.0 123.0
629.0 114.0
630.0 125.0
631.0 120.0
632.0 107.0
633.0 110.0
634.0 113.0
635.0 118.0
636.0 451.0
637.0 518.0
638.0 477.0
639.0 507.0
640.0 421.0
641.0 245.0
642.0 75.0
643.0 327.0
644.0 115.0
645.0 655.0
646.0 629.0
647.0 657.0
648.0 688.0
649.0 717.0
650.0 690.0
651.0 742.0
652.0 768.0
653.0 819.0
654.0 691.0
655.0 759.0
656.0 863.0
657.0 916.0
658.0 918.0
659.0 988.0
660.0 919.0
661.0 1010.0
662.0 939.0
663.0 1070.0
664.0 1190.0
665.0 932.0
666.0 826.0
667.0 442.0
668.0 45.0
669.0 41.0
670.0 41.0
671.0 52.0
672.0 53.0
673.0 10.0
674.0 20.0
675.0 35.0
676.0 71.0
677.0 197.0
678.0 107.0
679.0 425.0
680.0 34.0
681.0 0.0
682.0 0.0
683.0 0.0
684.0 0.0
685.0 0.0
686.0 81.0
687.0 46.0
688.0 113.0
689.0 444.0
690.0 21.0
691.0 40.0
692.0 120.0
693.0 437.0
694.0 443.0
695.0 466.0
696.0 422.0
697.0 47.0
698.0 0.0
699.0 0.0
700.0 0.0
701.0 64.0
702.0 84.0
703.0 118.0
704.0 82.0
705.0 103.0
706.0 400.0
707.0 398.0
708.0 445.0
709.0 464.0
710.0 501.0
711.0 468.0
712.0 521.0
713.0 563.0
714.0 568.0
715.0 538.0
716.0 575.0
717.0 550.0
718.0 551.0
719.0 585.0
720.0 368.0
721.0 12.0
722.0 485.0
723.0 37.0
724.0 57.0
725.0 86.0
726.0 121.0
727.0 398.0
728.0 366.0
729.0 383.0
730.0 386.0
731.0 358.0
732.0 337.0
733.0 295.0
734.0 344.0
735.0 408.0
736.0 376.0
737.0 451.0
738.0 433.0
739.0 441.0
740.0 357.0
741.0 435.0
742.0 465.0
743.0 446.0
744.0 278.0
745.0 44.0
746.0 58.0
747.0 93.0
748.0 113.0
749.0 112.0
750.0 115.0
751.0 125.0
752.0 82.0
753.0 99.0
754.0 289.0
755.0 271.0
756.0 72.0
757.0 74.0
758.0 101.0
759.0 113.0
760.0 108.0
761.0 114.0
762.0 111.0
763.0 124.0
764.0 355.0
765.0 341.0
766.0 322.0
767.0 345.0
768.0 407.0
769.0 188.0
770.0 20.0
771.0 252.0
772.0 95.0
773.0 415.0
774.0 218.0
775.0 0.0
776.0 0.0
777.0 0.0
778.0 0.0
779.0 0.0
780.0 25.0
781.0 21.0
782.0 88.0
783.0 91.0
784.0 328.0
785.0 325.0
786.0 330.0
787.0 359.0
788.0 275.0
789.0 230.0
790.0 324.0
791.0 347.0
792.0 371.0
793.0 399.0
794.0 411.0
795.0 411.0
796.0 397.0
797.0 460.0
