0.0 108.0
1.0 118.0
2.0 100.0
3.0 114.0
4.0 99.0
5.0 120.0
6.0 108.0
7.0 114.0
8.0 105.0
9.0 119.0
10.0 110.0
11.0 118.0
12.0 125.0
13.0 96.0
14.0 120.0
15.0 123.0
16.0 121.0
17.0 118.0
18.0 111.0
19.0 97.0
20.0 123.0
21.0 89.0
22.0 99.0
23.0 114.0
24.0 87.0
25.0 103.0
26.0 120.0
27.0 125.0
28.0 117.0
29.0 107.0
30.0 35.0
31.0 51.0
32.0 69.0
33.0 86.0
34.0 44.0
35.0 105.0
36.0 115.0
37.0 124.0
38.0 112.0
39.0 101.0
40.0 119.0
41.0 92.0
42.0 120.0
43.0 106.0
44.0 111.0
45.0 99.0
46.0 97.0
47.0 87.0
48.0 117.0
49.0 123.0
50.0 102.0
51.0 116.0
52.0 100.0
53.0 101.0
54.0 84.0
55.0 101.0
56.0 118.0
57.0 98.0
58.0 81.0
59.0 110.0
60.0 124.0
61.0 90.0
62.0 90.0
63.0 110.0
64.0 109.0
65.0 122.0
66.0 105.0
67.0 96.0
68.0 124.0
69.0 120.0
70.0 97.0
71.0 107.0
72.0 113.0
73.0 118.0
74.0 115.0
75.0 124.0
76.0 102.0
77.0 95.0
78.0 103.0
79.0 99.0
80.0 104.0
81.0 111.0
82.0 121.0
83.0 101.0
84.0 103.0
85.0 102.0
86.0 99.0
87.0 111.0
88.0 102.0
89.0 120.0
90.0 124.0
91.0 125.0
92.0 117.0
93.0 119.0
94.0 81.0
95.0 125.0
96.0 94.0
97.0 114.0
98.0 104.0
99.0 116.0
100.0 98.0
101.0 116.0
102.0 82.0
103.0 120.0
104.0 102.0
105.0 122.0
106.0 87.0
107.0 114.0
108.0 50.0
109.0 21.0
110.0 73.0
111.0 87.0
112.0 102.0
113.0 108.0
114.0 145.0
115.0 189.0
116.0 256.0
117.0 348.0
118.0 458.0
119.0 519.0
120.0 307.0
121.0 178.0
122.0 496.0
123.0 595.0
124.0 626.0
125.0 485.0
126.0 388.0
127.0 163.0
128.0 466.0
129.0 592.0
130.0 397.0
131.0 388.0
132.0 10.0
133.0 311.0
134.0 127.0
135.0 195.0
136.0 277.0
137.0 451.0
138.0 416.0
139.0 214.0
140.0 317.0
141.0 68.0
142.0 141.0
143.0 34.0
144.0 11.0
145.0 1.0
146.0 16.0
147.0 111.0
148.0 117.0
149.0 123.0
150.0 235.0
151.0 268.0
152.0 369.0
153.0 418.0
154.0 446.0
155.0 169.0
156.0 39.0
157.0 30.0
158.0 16.0
159.0 9.0
160.0 8.0
161.0 6.0
162.0 21.0
163.0 13.0
164.0 7.0
165.0 28.0
166.0 16.0
167.0 17.0
168.0 11.0
169.0 9.0
170.0 6.0
171.0 8.0
172.0 2.0
173.0 6.0
174.0 7.0
175.0 0.0
176.0 1.0
177.0 1.0
178.0 1.0
179.0 5.0
180.0 2.0
181.0 2.0
182.0 1.0
183.0 4.0
184.0 4.0
185.0 8.0
186.0 7.0
187.0 12.0
188.0 10.0
189.0 4.0
190.0 1.0
191.0 16.0
192.0 29.0
193.0 27.0
194.0 21.0
195.0 6.0
196.0 118.0
197.0 114.0
198.0 89.0
199.0 0.0
200.0 0.0
201.0 0.0
202.0 0.0
203.0 0.0
204.0 0.0
205.0 0.0
206.0 0.0
207.0 0.0
208.0 0.0
209.0 0.0
210.0 0.0
211.0 0.0
212.0 0.0
213.0 0.0
214.0 0.0
215.0 0.0
216.0 0.0
217.0 1.0
218.0 112.0
219.0 106.0
220.0 188.0
221.0 344.0
222.0 516.0
223.0 619.0
224.0 764.0
225.0 929.0
226.0 1100.0
227.0 1240.0
228.0 1440.0
229.0 1650.0
230.0 1720.0
231.0 1440.0
232.0 1740.0
233.0 1460.0
234.0 1670.0
235.0 1640.0
236.0 1460.0
237.0 910.0
238.0 278.0
239.0 16.0
240.0 7.0
241.0 86.0
242.0 110.0
243.0 887.0
244.0 1270.0
245.0 1370.0
246.0 1220.0
247.0 1600.0
248.0 1660.0
249.0 1460.0
250.0 1690.0
251.0 1740.0
252.0 1680.0
253.0 1680.0
254.0 1700.0
255.0 1650.0
256.0 1770.0
257.0 1740.0
258.0 1340.0
259.0 1520.0
260.0 1500.0
261.0 1730.0
262.0 1730.0
263.0 1370.0
264.0 1140.0
265.0 1230.0
266.0 1320.0
267.0 1070.0
268.0 1050.0
269.0 1050.0
270.0 974.0
271.0 904.0
272.0 969.0
273.0 1030.0
274.0 1090.0
275.0 489.0
276.0 765.0
277.0 488.0
278.0 772.0
279.0 549.0
280.0 917.0
281.0 402.0
282.0 3.0
283.0 113.0
284.0 101.0
285.0 116.0
286.0 172.0
287.0 379.0
288.0 701.0
289.0 746.0
290.0 370.0
291.0 563.0
292.0 627.0
293.0 189.0
294.0 876.0
295.0 1060.0
296.0 889.0
297.0 889.0
298.0 914.0
299.0 1320.0
300.0 758.0
301.0 668.0
302.0 69.0
303.0 1.0
304.0 0.0
305.0 2.0
306.0 0.0
307.0 0.0
308.0 118.0
309.0 111.0
310.0 1090.0
311.0 1530.0
312.0 1470.0
313.0 1340.0
314.0 1130.0
315.0 978.0
316.0 1300.0
317.0 1400.0
318.0 1610.0
319.0 1650.0
320.0 1400.0
321.0 1670.0
322.0 1570.0
323.0 1570.0
324.0 1730.0
325.0 1800.0
326.0 1500.0
327.0 1480.0
328.0 1170.0
329.0 1560.0
330.0 1630.0
331.0 1480.0
332.0 1430.0
333.0 1530.0
334.0 1610.0
335.0 1400.0
336.0 1680.0
337.0 1800.0
338.0 1130.0
339.0 1530.0
340.0 1760.0
341.0 1370.0
342.0 1550.0
343.0 1810.0
344.0 1820.0
345.0 1350.0
346.0 1840.0
347.0 1850.0
348.0 1470.0
349.0 1570.0
350.0 1750.0
351.0 1840.0
352.0 1840.0
353.0 1850.0
354.0 1620.0
355.0 1680.0
356.0 1850.0
357.0 1810.0
358.0 1820.0
359.0 1850.0
360.0 1850.0
361.0 1860.0
362.0 1820.0
363.0 1750.0
364.0 1590.0
365.0 1640.0
366.0 1610.0
367.0 1600.0
368.0 1780.0
369.0 1760.0
370.0 1620.0
371.0 1440.0
372.0 1510.0
373.0 1620.0
374.0 1430.0
375.0 1490.0
376.0 1600.0
377.0 1620.0
378.0 1530.0
379.0 1550.0
380.0 1280.0
381.0 1360.0
382.0 1240.0
383.0 1320.0
384.0 921.0
385.0 1430.0
386.0 1400.0
387.0 1370.0
388.0 1160.0
389.0 670.0
390.0 513.0
391.0 1200.0
392.0 1100.0
393.0 917.0
394.0 768.0
395.0 240.0
396.0 9.0
397.0 8.0
398.0 2.0
399.0 61.0
400.0 0.0
401.0 15.0
402.0 10.0
403.0 0.0
404.0 117.0
405.0 120.0
406.0 123.0
407.0 100.0
408.0 111.0
409.0 114.0
410.0 103.0
411.0 116.0
412.0 127.0
413.0 225.0
414.0 371.0
415.0 471.0
416.0 526.0
417.0 583.0
418.0 632.0
419.0 708.0
420.0 710.0
421.0 797.0
422.0 916.0
423.0 1030.0
424.0 899.0
425.0 853.0
426.0 1050.0
427.0 955.0
428.0 1200.0
429.0 1180.0
430.0 1260.0
431.0 1270.0
432.0 1120.0
433.0 1180.0
434.0 1150.0
435.0 1010.0
436.0 552.0
437.0 720.0
438.0 865.0
439.0 835.0
440.0 844.0
441.0 674.0
442.0 876.0
443.0 791.0
444.0 722.0
445.0 830.0
446.0 831.0
447.0 863.0
448.0 785.0
449.0 719.0
450.0 850.0
451.0 1470.0
452.0 1370.0
453.0 1390.0
454.0 1330.0
455.0 1190.0
456.0 1100.0
457.0 1120.0
458.0 1250.0
459.0 1260.0
460.0 1200.0
461.0 910.0
462.0 304.0
463.0 532.0
464.0 839.0
465.0 1320.0
466.0 1020.0
467.0 1400.0
468.0 833.0
469.0 1420.0
470.0 873.0
471.0 890.0
472.0 725.0
473.0 139.0
474.0 20.0
475.0 110.0
476.0 125.0
477.0 100.0
478.0 121.0
479.0 124.0
480.0 123.0
481.0 122.0
482.0 118.0
483.0 95.0
484.0 90.0
485.0 123.0
486.0 125.0
487.0 91.0
488.0 122.0
489.0 91.0
490.0 98.0
491.0 99.0
492.0 101.0
493.0 99.0
494.0 115.0
495.0 117.0
496.0 90.0
497.0 120.0
498.0 120.0
499.0 116.0
500.0 97.0
501.0 95.0
502.0 113.0
503.0 97.0
504.0 121.0
505.0 111.0
506.0 114.0
507.0 120.0
508.0 112.0
509.0 108.0
510.0 121.0
511.0 115.0
512.0 125.0
513.0 113.0
514.0 101.0
515.0 107.0
516.0 92.0
517.0 106.0
518.0 123.0
519.0 103.0
520.0 117.0
521.0 124.0
522.0 113.0
523.0 122.0
524.0 124.0
525.0 117.0
526.0 120.0
527.0 117.0
528.0 111.0
529.0 99.0
530.0 111.0
531.0 110.0
532.0 98.0
533.0 119.0
534.0 96.0
535.0 99.0
536.0 123.0
537.0 120.0
538.0 118.0
539.0 111.0
540.0 114.0
541.0 120.0
542.0 108.0
543.0 96.0
544.0 84.0
545.0 112.0
546.0 122.0
547.0 98.0
548.0 121.0
549.0 115.0
550.0 82.0
551.0 111.0
552.0 105.0
553.0 117.0
554.0 123.0
555.0 122.0
556.0 111.0
557.0 110.0
558.0 109.0
559.0 100.0
560.0 119.0
561.0 108.0
562.0 112.0
563.0 119.0
564.0 100.0
565.0 122.0
566.0 117.0
567.0 80.0
568.0 101.0
569.0 122.0
570.0 125.0
571.0 120.0
572.0 97.0
573.0 124.0
574.0 122.0
575.0 99.0
576.0 108.0
577.0 85.0
578.0 93.0
579.0 118.0
580.0 76.0
581.0 116.0
582.0 104.0
583.0 104.0
584.0 112.0
585.0 89.0
586.0 80.0
587.0 122.0
588.0 110.0
589.0 100.0
590.0 121.0
591.0 108.0
592.0 114.0
593.0 106.0
594.0 105.0
595.0 106.0
596.0 105.0
597.0 84.0
598.0 84.0
599.0 255.0
600.0 433.0
601.0 562.0
602.0 580.0
603.0 618.0
604.0 670.0
605.0 748.0
606.0 686.0
607.0 827.0
608.0 972.0
609.0 873.0
610.0 1030.0
611.0 1070.0
612.0 1250.0
613.0 1480.0
614.0 1130.0
615.0 1340.0
616.0 1320.0
617.0 1450.0
618.0 1440.0
619.0 1370.0
620.0 1260.0
621.0 1210.0
622.0 1270.0
623.0 1180.0
624.0 1360.0
625.0 1020.0
626.0 934.0
627.0 767.0
628.0 981.0
629.0 992.0
630.0 767.0
631.0 423.0
632.0 271.0
633.0 72.0
634.0 14.0
635.0 3.0
636.0 10.0
637.0 1.0
638.0 0.0
639.0 0.0
640.0 99.0
641.0 109.0
642.0 106.0
643.0 106.0
644.0 100.0
645.0 81.0
646.0 119.0
647.0 92.0
648.0 125.0
649.0 106.0
650.0 124.0
651.0 99.0
652.0 104.0
653.0 123.0
654.0 124.0
655.0 95.0
656.0 122.0
657.0 105.0
658.0 101.0
659.0 106.0
660.0 11.0
661.0 3.0
662.0 0.0
663.0 26.0
664.0 98.0
665.0 96.0
666.0 97.0
667.0 115.0
668.0 118.0
669.0 91.0
670.0 105.0
671.0 105.0
672.0 97.0
673.0 125.0
674.0 103.0
675.0 119.0
676.0 121.0
677.0 99.0
678.0 124.0
679.0 97.0
680.0 108.0
681.0 93.0
682.0 83.0
683.0 111.0
684.0 125.0
685.0 116.0
686.0 110.0
687.0 116.0
688.0 121.0
689.0 115.0
690.0 96.0
691.0 88.0
692.0 119.0
693.0 104.0
694.0 88.0
695.0 125.0
696.0 114.0
697.0 112.0
698.0 115.0
699.0 101.0
700.0 121.0
701.0 97.0
702.0 117.0
703.0 117.0
704.0 120.0
705.0 109.0
706.0 104.0
707.0 121.0
708.0 109.0
709.0 121.0
710.0 99.0
711.0 123.0
712.0 117.0
713.0 113.0
714.0 101.0
715.0 119.0
716.0 124.0
717.0 93.0
718.0 119.0
719.0 117.0
720.0 101.0
721.0 89.0
722.0 88.0
723.0 122.0
724.0 123.0
725.0 98.0
726.0 122.0
727.0 112.0
728.0 116.0
729.0 88.0
730.0 115.0
731.0 111.0
732.0 123.0
733.0 119.0
734.0 103.0
735.0 122.0
736.0 98.0
737.0 114.0
738.0 89.0
739.0 104.0
740.0 101.0
741.0 92.0
742.0 84.0
743.0 91.0
744.0 120.0
745.0 102.0
746.0 80.0
747.0 115.0
748.0 81.0
749.0 111.0
750.0 92.0
751.0 104.0
752.0 86.0
753.0 125.0
754.0 102.0
755.0 107.0
756.0 79.0
757.0 85.0
758.0 93.0
759.0 120.0
760.0 119.0
761.0 122.0
762.0 115.0
763.0 103.0
764.0 120.0
765.0 122.0
766.0 104.0
767.0 118.0
768.0 103.0
769.0 108.0
770.0 106.0
771.0 104.0
772.0 117.0
773.0 130.0
774.0 141.0
775.0 164.0
776.0 197.0
777.0 248.0
778.0 317.0
779.0 411.0
780.0 493.0
781.0 599.0
782.0 684.0
783.0 792.0
784.0 827.0
785.0 826.0
786.0 906.0
787.0 1000.0
788.0 1060.0
789.0 1180.0
790.0 1190.0
791.0 1350.0
792.0 1410.0
793.0 1590.0
794.0 1650.0
795.0 1420.0
796.0 1690.0
797.0 1820.0
798.0 1620.0
