0.0 119.0
1.0 101.0
2.0 121.0
3.0 119.0
4.0 109.0
5.0 110.0
6.0 351.0
7.0 144.0
8.0 113.0
9.0 100.0
10.0 153.0
11.0 355.0
12.0 479.0
13.0 508.0
14.0 513.0
15.0 518.0
16.0 538.0
17.0 151.0
18.0 439.0
19.0 643.0
20.0 779.0
21.0 1010.0
22.0 950.0
23.0 645.0
24.0 627.0
25.0 797.0
26.0 615.0
27.0 761.0
28.0 815.0
29.0 835.0
30.0 1100.0
31.0 1120.0
32.0 1080.0
33.0 849.0
34.0 748.0
35.0 600.0
36.0 610.0
37.0 635.0
38.0 844.0
39.0 864.0
40.0 785.0
41.0 883.0
42.0 493.0
43.0 124.0
44.0 101.0
45.0 361.0
46.0 751.0
47.0 914.0
48.0 248.0
49.0 121.0
50.0 215.0
51.0 715.0
52.0 767.0
53.0 740.0
54.0 820.0
55.0 794.0
56.0 889.0
57.0 445.0
58.0 104.0
59.0 151.0
60.0 390.0
61.0 340.0
62.0 366.0
63.0 301.0
64.0 190.0
65.0 401.0
66.0 521.0
67.0 376.0
68.0 505.0
69.0 444.0
70.0 442.0
71.0 319.0
72.0 451.0
73.0 559.0
74.0 285.0
75.0 410.0
76.0 579.0
77.0 450.0
78.0 322.0
79.0 334.0
80.0 523.0
81.0 491.0
82.0 397.0
83.0 379.0
84.0 292.0
85.0 490.0
86.0 482.0
87.0 667.0
88.0 572.0
89.0 428.0
90.0 467.0
91.0 470.0
92.0 227.0
93.0 92.0
94.0 422.0
95.0 1150.0
96.0 1110.0
97.0 1110.0
98.0 1330.0
99.0 1100.0
100.0 1430.0
101.0 949.0
102.0 1100.0
103.0 1400.0
104.0 1470.0
105.0 1600.0
106.0 1280.0
107.0 1560.0
108.0 1630.0
109.0 1200.0
110.0 1330.0
111.0 1370.0
112.0 981.0
113.0 1350.0
114.0 324.0
115.0 0.0
116.0 0.0
117.0 0.0
118.0 0.0
119.0 0.0
120.0 0.0
121.0 0.0
122.0 0.0
123.0 0.0
124.0 0.0
125.0 0.0
126.0 0.0
127.0 0.0
128.0 0.0
129.0 0.0
130.0 0.0
131.0 0.0
132.0 0.0
133.0 0.0
134.0 0.0
135.0 0.0
136.0 0.0
137.0 90.0
138.0 102.0
139.0 0.0
140.0 0.0
141.0 0.0
142.0 0.0
143.0 0.0
144.0 0.0
145.0 0.0
146.0 0.0
147.0 144.0
148.0 678.0
149.0 884.0
150.0 742.0
151.0 811.0
152.0 775.0
153.0 124.0
154.0 80.0
155.0 382.0
156.0 566.0
157.0 74.0
158.0 0.0
159.0 0.0
160.0 0.0
161.0 0.0
162.0 0.0
163.0 118.0
164.0 100.0
165.0 110.0
166.0 96.0
167.0 98.0
168.0 113.0
169.0 91.0
170.0 121.0
171.0 121.0
172.0 120.0
173.0 106.0
174.0 108.0
175.0 88.0
176.0 107.0
177.0 94.0
178.0 123.0
179.0 392.0
180.0 670.0
181.0 707.0
182.0 723.0
183.0 746.0
184.0 754.0
185.0 689.0
186.0 414.0
187.0 889.0
188.0 910.0
189.0 913.0
190.0 1070.0
191.0 1090.0
192.0 801.0
193.0 965.0
194.0 1260.0
195.0 1410.0
196.0 1180.0
197.0 1210.0
198.0 1160.0
199.0 1260.0
200.0 1100.0
201.0 941.0
202.0 1120.0
203.0 1040.0
204.0 1230.0
205.0 1200.0
206.0 1010.0
207.0 1090.0
208.0 1090.0
209.0 1070.0
210.0 1260.0
211.0 1370.0
212.0 1170.0
213.0 1180.0
214.0 1180.0
215.0 1040.0
216.0 1110.0
217.0 1000.0
218.0 1190.0
219.0 1270.0
220.0 1010.0
221.0 414.0
222.0 112.0
223.0 117.0
224.0 125.0
225.0 111.0
226.0 95.0
227.0 115.0
228.0 123.0
229.0 571.0
230.0 803.0
231.0 814.0
232.0 811.0
233.0 899.0
234.0 995.0
235.0 767.0
236.0 223.0
237.0 523.0
238.0 837.0
239.0 671.0
240.0 822.0
241.0 45.0
242.0 143.0
243.0 105.0
244.0 114.0
245.0 126.0
246.0 134.0
247.0 137.0
248.0 136.0
249.0 123.0
250.0 119.0
251.0 129.0
252.0 131.0
253.0 97.0
254.0 108.0
255.0 110.0
256.0 147.0
257.0 114.0
258.0 128.0
259.0 128.0
260.0 138.0
261.0 132.0
262.0 127.0
263.0 62.0
264.0 115.0
265.0 272.0
266.0 648.0
267.0 794.0
268.0 709.0
269.0 1020.0
270.0 971.0
271.0 790.0
272.0 1000.0
273.0 1060.0
274.0 1090.0
275.0 1170.0
276.0 1140.0
277.0 1310.0
278.0 422.0
279.0 121.0
280.0 336.0
281.0 1050.0
282.0 886.0
283.0 1120.0
284.0 1200.0
285.0 1360.0
286.0 1300.0
287.0 1410.0
288.0 1270.0
289.0 1300.0
290.0 1220.0
291.0 1300.0
292.0 1080.0
293.0 1330.0
294.0 1370.0
295.0 1170.0
296.0 1100.0
297.0 1140.0
298.0 1080.0
299.0 1080.0
300.0 1350.0
301.0 1780.0
302.0 1270.0
303.0 1350.0
304.0 1300.0
305.0 1280.0
306.0 1180.0
307.0 890.0
308.0 1390.0
309.0 1270.0
310.0 518.0
311.0 111.0
312.0 106.0
313.0 1410.0
314.0 1430.0
315.0 1300.0
316.0 1110.0
317.0 123.0
318.0 89.0
319.0 1500.0
320.0 1750.0
321.0 1770.0
322.0 1730.0
323.0 1780.0
324.0 1670.0
325.0 1790.0
326.0 1720.0
327.0 1610.0
328.0 1780.0
329.0 1670.0
330.0 1800.0
331.0 1540.0
332.0 1640.0
333.0 1620.0
334.0 1560.0
335.0 1580.0
336.0 1500.0
337.0 1660.0
338.0 1540.0
339.0 1340.0
340.0 101.0
341.0 124.0
342.0 823.0
343.0 1000.0
344.0 1350.0
345.0 1380.0
346.0 1400.0
347.0 1150.0
348.0 1160.0
349.0 1180.0
350.0 1500.0
351.0 1450.0
352.0 1270.0
353.0 1020.0
354.0 931.0
355.0 1010.0
356.0 1170.0
357.0 1130.0
358.0 1300.0
359.0 1000.0
360.0 937.0
361.0 1010.0
362.0 1230.0
363.0 890.0
364.0 74.0
365.0 259.0
366.0 62.0
367.0 113.0
368.0 97.0
369.0 114.0
370.0 109.0
371.0 125.0
372.0 121.0
373.0 121.0
374.0 118.0
375.0 123.0
376.0 114.0
377.0 97.0
378.0 1.0
379.0 99.0
380.0 103.0
381.0 53.0
382.0 33.0
383.0 22.0
384.0 60.0
385.0 12.0
386.0 7.0
387.0 14.0
388.0 10.0
389.0 83.0
390.0 26.0
391.0 20.0
392.0 23.0
393.0 112.0
394.0 124.0
395.0 123.0
396.0 195.0
397.0 221.0
398.0 270.0
399.0 368.0
400.0 516.0
401.0 624.0
402.0 703.0
403.0 714.0
404.0 413.0
405.0 711.0
406.0 385.0
407.0 121.0
408.0 419.0
409.0 964.0
410.0 1150.0
411.0 836.0
412.0 1120.0
413.0 969.0
414.0 1160.0
415.0 1030.0
416.0 789.0
417.0 910.0
418.0 1080.0
419.0 1150.0
420.0 1100.0
421.0 1120.0
422.0 1110.0
423.0 884.0
424.0 1300.0
425.0 1250.0
426.0 992.0
427.0 1110.0
428.0 1180.0
429.0 1100.0
430.0 1110.0
431.0 1180.0
432.0 1060.0
433.0 1040.0
434.0 1120.0
435.0 1130.0
436.0 1170.0
437.0 1030.0
438.0 892.0
439.0 886.0
440.0 768.0
441.0 270.0
442.0 0.0
443.0 0.0
444.0 76.0
445.0 120.0
446.0 120.0
447.0 146.0
448.0 341.0
449.0 374.0
450.0 393.0
451.0 86.0
452.0 68.0
453.0 0.0
454.0 0.0
455.0 7.0
456.0 120.0
457.0 98.0
458.0 92.0
459.0 119.0
460.0 115.0
461.0 115.0
462.0 117.0
463.0 113.0
464.0 125.0
465.0 79.0
466.0 81.0
467.0 145.0
468.0 16.0
469.0 19.0
470.0 5.0
471.0 1.0
472.0 85.0
473.0 99.0
474.0 93.0
475.0 125.0
476.0 105.0
477.0 89.0
478.0 120.0
479.0 121.0
480.0 105.0
481.0 98.0
482.0 105.0
483.0 88.0
484.0 122.0
485.0 114.0
486.0 11.0
487.0 12.0
488.0 12.0
489.0 118.0
490.0 101.0
491.0 123.0
492.0 96.0
493.0 222.0
494.0 337.0
495.0 376.0
496.0 482.0
497.0 474.0
498.0 498.0
499.0 503.0
500.0 582.0
501.0 669.0
502.0 539.0
503.0 409.0
504.0 0.0
505.0 0.0
506.0 124.0
507.0 124.0
508.0 118.0
509.0 198.0
510.0 431.0
511.0 392.0
512.0 346.0
513.0 352.0
514.0 463.0
515.0 477.0
516.0 276.0
517.0 564.0
518.0 522.0
519.0 531.0
520.0 579.0
521.0 622.0
522.0 645.0
523.0 644.0
524.0 612.0
525.0 546.0
526.0 557.0
527.0 676.0
528.0 653.0
529.0 776.0
530.0 800.0
531.0 705.0
532.0 671.0
533.0 710.0
534.0 885.0
535.0 940.0
536.0 914.0
537.0 855.0
538.0 965.0
539.0 910.0
540.0 1010.0
541.0 825.0
542.0 817.0
543.0 791.0
544.0 1040.0
545.0 980.0
546.0 889.0
547.0 804.0
548.0 147.0
549.0 316.0
550.0 516.0
551.0 422.0
552.0 16.0
553.0 23.0
554.0 0.0
555.0 107.0
556.0 109.0
557.0 457.0
558.0 603.0
559.0 622.0
560.0 611.0
561.0 677.0
562.0 772.0
563.0 758.0
564.0 822.0
565.0 854.0
566.0 835.0
567.0 494.0
568.0 802.0
569.0 961.0
570.0 1040.0
571.0 1020.0
572.0 931.0
573.0 930.0
574.0 987.0
575.0 869.0
576.0 122.0
577.0 108.0
578.0 388.0
579.0 905.0
580.0 1140.0
581.0 1030.0
582.0 989.0
583.0 931.0
584.0 936.0
585.0 998.0
586.0 1000.0
587.0 974.0
588.0 1060.0
589.0 1190.0
590.0 1080.0
591.0 1130.0
592.0 955.0
593.0 943.0
594.0 881.0
595.0 846.0
596.0 793.0
597.0 769.0
598.0 828.0
599.0 115.0
600.0 0.0
601.0 112.0
602.0 122.0
603.0 446.0
604.0 486.0
605.0 433.0
606.0 89.0
607.0 52.0
608.0 409.0
609.0 414.0
610.0 35.0
611.0 356.0
612.0 448.0
613.0 327.0
614.0 402.0
615.0 568.0
616.0 485.0
617.0 271.0
618.0 466.0
619.0 444.0
620.0 421.0
621.0 495.0
622.0 535.0
623.0 98.0
624.0 113.0
625.0 119.0
626.0 123.0
627.0 6.0
628.0 107.0
629.0 5.0
630.0 0.0
631.0 0.0
632.0 0.0
633.0 122.0
634.0 116.0
635.0 9.0
636.0 0.0
637.0 108.0
638.0 93.0
639.0 176.0
640.0 307.0
641.0 388.0
642.0 388.0
643.0 405.0
644.0 413.0
645.0 453.0
646.0 455.0
647.0 374.0
648.0 0.0
649.0 0.0
650.0 119.0
651.0 108.0
652.0 121.0
653.0 161.0
654.0 173.0
655.0 186.0
656.0 256.0
657.0 361.0
658.0 477.0
659.0 457.0
660.0 532.0
661.0 538.0
662.0 443.0
663.0 471.0
664.0 527.0
665.0 496.0
666.0 164.0
667.0 50.0
668.0 91.0
669.0 435.0
670.0 396.0
671.0 184.0
672.0 599.0
673.0 556.0
674.0 649.0
675.0 576.0
676.0 204.0
677.0 167.0
678.0 607.0
679.0 585.0
680.0 614.0
681.0 598.0
682.0 605.0
683.0 611.0
684.0 470.0
685.0 588.0
686.0 607.0
687.0 643.0
688.0 626.0
689.0 551.0
690.0 614.0
691.0 674.0
692.0 739.0
693.0 713.0
694.0 628.0
695.0 721.0
696.0 702.0
697.0 582.0
698.0 472.0
699.0 741.0
700.0 387.0
701.0 693.0
702.0 616.0
703.0 670.0
704.0 674.0
705.0 702.0
706.0 517.0
707.0 901.0
708.0 861.0
709.0 851.0
710.0 737.0
711.0 822.0
712.0 885.0
713.0 959.0
714.0 906.0
715.0 944.0
716.0 961.0
717.0 373.0
718.0 717.0
719.0 270.0
720.0 24.0
721.0 92.0
722.0 723.0
723.0 905.0
724.0 831.0
725.0 673.0
726.0 766.0
727.0 823.0
728.0 826.0
729.0 196.0
730.0 585.0
731.0 790.0
732.0 758.0
733.0 724.0
734.0 108.0
735.0 260.0
736.0 548.0
737.0 371.0
738.0 5.0
739.0 147.0
740.0 97.0
741.0 12.0
742.0 7.0
743.0 49.0
744.0 281.0
745.0 450.0
746.0 102.0
747.0 4.0
748.0 0.0
749.0 97.0
750.0 107.0
751.0 454.0
752.0 876.0
753.0 1070.0
754.0 1190.0
755.0 958.0
756.0 1110.0
757.0 1160.0
758.0 1070.0
759.0 1130.0
760.0 1080.0
761.0 1190.0
762.0 1170.0
763.0 1020.0
764.0 901.0
765.0 940.0
766.0 956.0
767.0 125.0
768.0 6.0
769.0 0.0
770.0 0.0
771.0 0.0
772.0 100.0
773.0 79.0
774.0 91.0
775.0 109.0
776.0 82.0
777.0 112.0
778.0 111.0
779.0 109.0
780.0 106.0
781.0 97.0
782.0 104.0
783.0 122.0
784.0 122.0
785.0 118.0
786.0 112.0
787.0 85.0
788.0 120.0
789.0 104.0
790.0 0.0
791.0 0.0
792.0 21.0
793.0 125.0
794.0 239.0
795.0 476.0
796.0 492.0
797.0 482.0
798.0 574.0
