0.0 70.0
1.0 91.0
2.0 148.0
3.0 65.0
4.0 119.0
5.0 110.0
6.0 113.0
7.0 230.0
8.0 227.0
9.0 250.0
10.0 231.0
11.0 358.0
12.0 398.0
13.0 452.0
14.0 7.0
15.0 453.0
16.0 704.0
17.0 681.0
18.0 544.0
19.0 649.0
20.0 819.0
21.0 941.0
22.0 744.0
23.0 1060.0
24.0 880.0
25.0 818.0
26.0 1060.0
27.0 1020.0
28.0 946.0
29.0 1060.0
30.0 1150.0
31.0 1020.0
32.0 929.0
33.0 945.0
34.0 746.0
35.0 798.0
36.0 1140.0
37.0 590.0
38.0 75.0
39.0 123.0
40.0 105.0
41.0 626.0
42.0 29.0
43.0 15.0
44.0 406.0
45.0 681.0
46.0 688.0
47.0 724.0
48.0 55.0
49.0 124.0
50.0 113.0
51.0 840.0
52.0 577.0
53.0 760.0
54.0 743.0
55.0 637.0
56.0 688.0
57.0 742.0
58.0 307.0
59.0 34.0
60.0 6.0
61.0 49.0
62.0 33.0
63.0 13.0
64.0 68.0
65.0 122.0
66.0 118.0
67.0 48.0
68.0 86.0
69.0 58.0
70.0 71.0
71.0 76.0
72.0 42.0
73.0 104.0
74.0 82.0
75.0 444.0
76.0 426.0
77.0 315.0
78.0 427.0
79.0 409.0
80.0 379.0
81.0 435.0
82.0 498.0
83.0 461.0
84.0 409.0
85.0 425.0
86.0 346.0
87.0 81.0
88.0 118.0
89.0 586.0
90.0 579.0
91.0 462.0
92.0 674.0
93.0 638.0
94.0 552.0
95.0 722.0
96.0 747.0
97.0 367.0
98.0 375.0
99.0 715.0
100.0 67.0
101.0 0.0
102.0 0.0
103.0 3.0
104.0 111.0
105.0 123.0
106.0 112.0
107.0 253.0
108.0 828.0
109.0 474.0
110.0 156.0
111.0 54.0
112.0 28.0
113.0 138.0
114.0 105.0
115.0 816.0
116.0 803.0
117.0 654.0
118.0 720.0
119.0 646.0
120.0 334.0
121.0 839.0
122.0 830.0
123.0 897.0
124.0 636.0
125.0 716.0
126.0 396.0
127.0 498.0
128.0 97.0
129.0 445.0
130.0 421.0
131.0 619.0
132.0 638.0
133.0 666.0
134.0 667.0
135.0 71.0
136.0 110.0
137.0 117.0
138.0 737.0
139.0 806.0
140.0 698.0
141.0 567.0
142.0 747.0
143.0 785.0
144.0 887.0
145.0 724.0
146.0 661.0
147.0 126.0
148.0 28.0
149.0 0.0
150.0 39.0
151.0 126.0
152.0 110.0
153.0 90.0
154.0 117.0
155.0 110.0
156.0 297.0
157.0 620.0
158.0 598.0
159.0 792.0
160.0 744.0
161.0 774.0
162.0 778.0
163.0 409.0
164.0 565.0
165.0 954.0
166.0 880.0
167.0 720.0
168.0 747.0
169.0 998.0
170.0 1000.0
171.0 655.0
172.0 899.0
173.0 503.0
174.0 433.0
175.0 886.0
176.0 989.0
177.0 924.0
178.0 1010.0
179.0 1000.0
180.0 949.0
181.0 930.0
182.0 903.0
183.0 860.0
184.0 992.0
185.0 832.0
186.0 946.0
187.0 883.0
188.0 945.0
189.0 1010.0
190.0 1030.0
191.0 929.0
192.0 829.0
193.0 860.0
194.0 945.0
195.0 906.0
196.0 1060.0
197.0 1030.0
198.0 1290.0
199.0 1100.0
200.0 1230.0
201.0 1210.0
202.0 1000.0
203.0 1050.0
204.0 1010.0
205.0 899.0
206.0 993.0
207.0 396.0
208.0 155.0
209.0 89.0
210.0 979.0
211.0 1140.0
212.0 739.0
213.0 907.0
214.0 928.0
215.0 827.0
216.0 1040.0
217.0 958.0
218.0 729.0
219.0 205.0
220.0 851.0
221.0 738.0
222.0 701.0
223.0 545.0
224.0 687.0
225.0 362.0
226.0 236.0
227.0 39.0
228.0 54.0
229.0 74.0
230.0 107.0
231.0 60.0
232.0 63.0
233.0 69.0
234.0 285.0
235.0 247.0
236.0 63.0
237.0 64.0
238.0 352.0
239.0 282.0
240.0 123.0
241.0 89.0
242.0 46.0
243.0 27.0
244.0 53.0
245.0 39.0
246.0 14.0
247.0 36.0
248.0 12.0
249.0 30.0
250.0 21.0
251.0 22.0
252.0 18.0
253.0 17.0
254.0 21.0
255.0 20.0
256.0 20.0
257.0 11.0
258.0 24.0
259.0 18.0
260.0 7.0
261.0 23.0
262.0 19.0
263.0 29.0
264.0 91.0
265.0 117.0
266.0 116.0
267.0 105.0
268.0 124.0
269.0 138.0
270.0 112.0
271.0 140.0
272.0 135.0
273.0 152.0
274.0 151.0
275.0 169.0
276.0 220.0
277.0 209.0
278.0 298.0
279.0 325.0
280.0 373.0
281.0 370.0
282.0 511.0
283.0 701.0
284.0 592.0
285.0 648.0
286.0 583.0
287.0 36.0
288.0 114.0
289.0 775.0
290.0 678.0
291.0 801.0
292.0 1090.0
293.0 1170.0
294.0 1270.0
295.0 1530.0
296.0 1680.0
297.0 1750.0
298.0 1700.0
299.0 1720.0
300.0 1590.0
301.0 1780.0
302.0 1640.0
303.0 1680.0
304.0 1450.0
305.0 1490.0
306.0 1640.0
307.0 1550.0
308.0 222.0
309.0 114.0
310.0 81.0
311.0 1360.0
312.0 1380.0
313.0 1450.0
314.0 1430.0
315.0 1500.0
316.0 1400.0
317.0 1290.0
318.0 1250.0
319.0 1180.0
320.0 1180.0
321.0 1030.0
322.0 1410.0
323.0 1000.0
324.0 1470.0
325.0 1230.0
326.0 883.0
327.0 1070.0
328.0 990.0
329.0 978.0
330.0 941.0
331.0 934.0
332.0 1040.0
333.0 1010.0
334.0 736.0
335.0 406.0
336.0 624.0
337.0 820.0
338.0 622.0
339.0 735.0
340.0 700.0
341.0 768.0
342.0 765.0
343.0 959.0
344.0 839.0
345.0 734.0
346.0 765.0
347.0 742.0
348.0 754.0
349.0 135.0
350.0 287.0
351.0 251.0
352.0 592.0
353.0 217.0
354.0 16.0
355.0 0.0
356.0 108.0
357.0 120.0
358.0 88.0
359.0 119.0
360.0 110.0
361.0 384.0
362.0 102.0
363.0 114.0
364.0 483.0
365.0 653.0
366.0 814.0
367.0 901.0
368.0 764.0
369.0 1090.0
370.0 1050.0
371.0 985.0
372.0 1230.0
373.0 1190.0
374.0 1260.0
375.0 1250.0
376.0 930.0
377.0 1400.0
378.0 1370.0
379.0 1410.0
380.0 1540.0
381.0 1680.0
382.0 1220.0
383.0 1520.0
384.0 1550.0
385.0 1660.0
386.0 1520.0
387.0 1310.0
388.0 1550.0
389.0 1510.0
390.0 1570.0
391.0 1600.0
392.0 1370.0
393.0 1460.0
394.0 1400.0
395.0 1420.0
396.0 1480.0
397.0 1440.0
398.0 1310.0
399.0 1360.0
400.0 1300.0
401.0 1240.0
402.0 979.0
403.0 1160.0
404.0 1270.0
405.0 1200.0
406.0 1340.0
407.0 1220.0
408.0 1050.0
409.0 1270.0
410.0 1440.0
411.0 1400.0
412.0 1310.0
413.0 1110.0
414.0 1260.0
415.0 1110.0
416.0 1380.0
417.0 1230.0
418.0 1310.0
419.0 1200.0
420.0 1290.0
421.0 506.0
422.0 109.0
423.0 113.0
424.0 90.0
425.0 84.0
426.0 111.0
427.0 122.0
428.0 88.0
429.0 142.0
430.0 237.0
431.0 249.0
432.0 300.0
433.0 373.0
434.0 391.0
435.0 399.0
436.0 297.0
437.0 402.0
438.0 243.0
439.0 234.0
440.0 399.0
441.0 210.0
442.0 214.0
443.0 215.0
444.0 171.0
445.0 281.0
446.0 263.0
447.0 325.0
448.0 285.0
449.0 373.0
450.0 345.0
451.0 372.0
452.0 354.0
453.0 184.0
454.0 383.0
455.0 148.0
456.0 11.0
457.0 14.0
458.0 54.0
459.0 47.0
460.0 99.0
461.0 112.0
462.0 293.0
463.0 446.0
464.0 487.0
465.0 494.0
466.0 311.0
467.0 568.0
468.0 629.0
469.0 685.0
470.0 740.0
471.0 775.0
472.0 846.0
473.0 906.0
474.0 940.0
475.0 990.0
476.0 1060.0
477.0 1050.0
478.0 1170.0
479.0 1060.0
480.0 1070.0
481.0 1200.0
482.0 1130.0
483.0 1460.0
484.0 1470.0
485.0 1300.0
486.0 1500.0
487.0 1630.0
488.0 1350.0
489.0 1420.0
490.0 1460.0
491.0 1670.0
492.0 1510.0
493.0 1860.0
494.0 1830.0
495.0 1810.0
496.0 1690.0
497.0 1410.0
498.0 1080.0
499.0 1060.0
500.0 992.0
501.0 1080.0
502.0 796.0
503.0 341.0
504.0 317.0
505.0 724.0
506.0 383.0
507.0 625.0
508.0 201.0
509.0 136.0
510.0 147.0
511.0 123.0
512.0 142.0
513.0 134.0
514.0 207.0
515.0 175.0
516.0 93.0
517.0 122.0
518.0 110.0
519.0 712.0
520.0 243.0
521.0 104.0
522.0 101.0
523.0 689.0
524.0 710.0
525.0 825.0
526.0 928.0
527.0 893.0
528.0 965.0
529.0 904.0
530.0 929.0
531.0 1050.0
532.0 1150.0
533.0 1220.0
534.0 1250.0
535.0 1310.0
536.0 1100.0
537.0 1420.0
538.0 1380.0
539.0 1670.0
540.0 1450.0
541.0 1700.0
542.0 1700.0
543.0 1500.0
544.0 1140.0
545.0 1120.0
546.0 126.0
547.0 187.0
548.0 187.0
549.0 107.0
550.0 915.0
551.0 1110.0
552.0 1020.0
553.0 1450.0
554.0 1210.0
555.0 1390.0
556.0 1490.0
557.0 1430.0
558.0 1500.0
559.0 1610.0
560.0 1590.0
561.0 1490.0
562.0 1490.0
563.0 1550.0
564.0 1300.0
565.0 1230.0
566.0 1340.0
567.0 1320.0
568.0 1180.0
569.0 1340.0
570.0 1380.0
571.0 1520.0
572.0 1320.0
573.0 1290.0
574.0 1290.0
575.0 1240.0
576.0 1110.0
577.0 1170.0
578.0 12.0
579.0 120.0
580.0 88.0
581.0 120.0
582.0 106.0
583.0 114.0
584.0 440.0
585.0 618.0
586.0 746.0
587.0 827.0
588.0 880.0
589.0 947.0
590.0 564.0
591.0 806.0
592.0 1310.0
593.0 1220.0
594.0 1280.0
595.0 1220.0
596.0 1530.0
597.0 1450.0
598.0 1430.0
599.0 1090.0
600.0 1090.0
601.0 1100.0
602.0 1080.0
603.0 1050.0
604.0 598.0
605.0 1070.0
606.0 900.0
607.0 886.0
608.0 1100.0
609.0 975.0
610.0 1020.0
611.0 1080.0
612.0 885.0
613.0 1170.0
614.0 1320.0
615.0 1290.0
616.0 1340.0
617.0 1120.0
618.0 1020.0
619.0 890.0
620.0 752.0
621.0 764.0
622.0 646.0
623.0 697.0
624.0 737.0
625.0 800.0
626.0 743.0
627.0 1040.0
628.0 945.0
629.0 832.0
630.0 955.0
631.0 914.0
632.0 821.0
633.0 881.0
634.0 707.0
635.0 642.0
636.0 765.0
637.0 873.0
638.0 740.0
639.0 767.0
640.0 878.0
641.0 876.0
642.0 880.0
643.0 887.0
644.0 839.0
645.0 902.0
646.0 650.0
647.0 605.0
648.0 672.0
649.0 914.0
650.0 750.0
651.0 695.0
652.0 920.0
653.0 768.0
654.0 818.0
655.0 638.0
656.0 594.0
657.0 575.0
658.0 638.0
659.0 743.0
660.0 699.0
661.0 718.0
662.0 773.0
663.0 470.0
664.0 609.0
665.0 707.0
666.0 721.0
667.0 659.0
668.0 651.0
669.0 769.0
670.0 799.0
671.0 632.0
672.0 348.0
673.0 163.0
674.0 698.0
675.0 574.0
676.0 512.0
677.0 119.0
678.0 197.0
679.0 99.0
680.0 117.0
681.0 115.0
682.0 125.0
683.0 95.0
684.0 124.0
685.0 102.0
686.0 101.0
687.0 104.0
688.0 111.0
689.0 110.0
690.0 115.0
691.0 91.0
692.0 96.0
693.0 108.0
694.0 100.0
695.0 182.0
696.0 261.0
697.0 354.0
698.0 425.0
699.0 448.0
700.0 465.0
701.0 498.0
702.0 497.0
703.0 578.0
704.0 570.0
705.0 572.0
706.0 662.0
707.0 664.0
708.0 616.0
709.0 589.0
710.0 776.0
711.0 809.0
712.0 795.0
713.0 795.0
714.0 759.0
715.0 811.0
716.0 899.0
717.0 724.0
718.0 709.0
719.0 825.0
720.0 830.0
721.0 596.0
722.0 694.0
723.0 717.0
724.0 593.0
725.0 622.0
726.0 431.0
727.0 572.0
728.0 583.0
729.0 589.0
730.0 592.0
731.0 600.0
732.0 592.0
733.0 689.0
734.0 689.0
735.0 690.0
736.0 629.0
737.0 734.0
738.0 738.0
739.0 693.0
740.0 699.0
741.0 694.0
742.0 773.0
743.0 660.0
744.0 735.0
745.0 795.0
746.0 813.0
747.0 203.0
748.0 105.0
749.0 120.0
750.0 97.0
751.0 121.0
752.0 116.0
753.0 99.0
754.0 629.0
755.0 644.0
756.0 599.0
757.0 641.0
758.0 612.0
759.0 662.0
760.0 645.0
761.0 687.0
762.0 675.0
763.0 702.0
764.0 736.0
765.0 749.0
766.0 821.0
767.0 938.0
768.0 991.0
769.0 964.0
770.0 1090.0
771.0 1200.0
772.0 1080.0
773.0 1290.0
