0.0 0.0
1.0 0.0
2.0 0.0
3.0 0.0
4.0 0.0
5.0 5.0
6.0 88.0
7.0 110.0
8.0 119.0
9.0 119.0
10.0 123.0
11.0 87.0
12.0 109.0
13.0 121.0
14.0 125.0
15.0 167.0
16.0 395.0
17.0 484.0
18.0 524.0
19.0 598.0
20.0 560.0
21.0 584.0
22.0 563.0
23.0 673.0
24.0 699.0
25.0 762.0
26.0 821.0
27.0 589.0
28.0 82.0
29.0 117.0
30.0 122.0
31.0 592.0
32.0 589.0
33.0 916.0
34.0 865.0
35.0 807.0
36.0 1010.0
37.0 783.0
38.0 796.0
39.0 396.0
40.0 23.0
41.0 3.0
42.0 74.0
43.0 134.0
44.0 408.0
45.0 676.0
46.0 675.0
47.0 883.0
48.0 600.0
49.0 663.0
50.0 716.0
51.0 257.0
52.0 216.0
53.0 101.0
54.0 79.0
55.0 103.0
56.0 124.0
57.0 427.0
58.0 553.0
59.0 440.0
60.0 606.0
61.0 93.0
62.0 124.0
63.0 315.0
64.0 623.0
65.0 588.0
66.0 898.0
67.0 978.0
68.0 898.0
69.0 1130.0
70.0 1280.0
71.0 1280.0
72.0 1220.0
73.0 1010.0
74.0 888.0
75.0 836.0
76.0 604.0
77.0 0.0
78.0 0.0
79.0 1.0
80.0 96.0
81.0 112.0
82.0 82.0
83.0 466.0
84.0 568.0
85.0 600.0
86.0 76.0
87.0 106.0
88.0 121.0
89.0 207.0
90.0 254.0
91.0 221.0
92.0 0.0
93.0 42.0
94.0 26.0
95.0 123.0
96.0 123.0
97.0 14.0
98.0 0.0
99.0 0.0
100.0 0.0
101.0 0.0
102.0 95.0
103.0 100.0
104.0 258.0
105.0 444.0
106.0 421.0
107.0 564.0
108.0 692.0
109.0 578.0
110.0 577.0
111.0 347.0
112.0 426.0
113.0 16.0
114.0 118.0
115.0 299.0
116.0 869.0
117.0 898.0
118.0 920.0
119.0 1000.0
120.0 957.0
121.0 1020.0
122.0 870.0
123.0 878.0
124.0 828.0
125.0 744.0
126.0 854.0
127.0 913.0
128.0 785.0
129.0 754.0
130.0 1030.0
131.0 1310.0
132.0 965.0
133.0 323.0
134.0 17.0
135.0 0.0
136.0 0.0
137.0 0.0
138.0 125.0
139.0 113.0
140.0 570.0
141.0 679.0
142.0 736.0
143.0 709.0
144.0 564.0
145.0 782.0
146.0 721.0
147.0 774.0
148.0 1020.0
149.0 1140.0
150.0 1350.0
151.0 1390.0
152.0 1390.0
153.0 1050.0
154.0 1240.0
155.0 1250.0
156.0 1200.0
157.0 1430.0
158.0 1260.0
159.0 1060.0
160.0 1030.0
161.0 169.0
162.0 92.0
163.0 123.0
164.0 669.0
165.0 931.0
166.0 963.0
167.0 931.0
168.0 958.0
169.0 938.0
170.0 339.0
171.0 3.0
172.0 0.0
173.0 124.0
174.0 125.0
175.0 99.0
176.0 114.0
177.0 76.0
178.0 122.0
179.0 109.0
180.0 99.0
181.0 81.0
182.0 117.0
183.0 121.0
184.0 120.0
185.0 123.0
186.0 125.0
187.0 96.0
188.0 113.0
189.0 123.0
190.0 94.0
191.0 115.0
192.0 90.0
193.0 82.0
194.0 109.0
195.0 118.0
196.0 107.0
197.0 101.0
198.0 99.0
199.0 124.0
200.0 102.0
201.0 118.0
202.0 105.0
203.0 109.0
204.0 90.0
205.0 103.0
206.0 113.0
207.0 114.0
208.0 105.0
209.0 106.0
210.0 109.0
211.0 114.0
212.0 124.0
213.0 96.0
214.0 122.0
215.0 107.0
216.0 107.0
217.0 98.0
218.0 119.0
219.0 117.0
220.0 108.0
221.0 117.0
222.0 104.0
223.0 94.0
224.0 89.0
225.0 119.0
226.0 120.0
227.0 104.0
228.0 117.0
229.0 115.0
230.0 123.0
231.0 111.0
232.0 107.0
233.0 123.0
234.0 101.0
235.0 109.0
236.0 81.0
237.0 114.0
238.0 109.0
239.0 100.0
240.0 108.0
241.0 123.0
242.0 125.0
243.0 99.0
244.0 84.0
245.0 114.0
246.0 114.0
247.0 121.0
248.0 105.0
249.0 113.0
250.0 121.0
251.0 120.0
252.0 113.0
253.0 108.0
254.0 119.0
255.0 117.0
256.0 115.0
257.0 116.0
258.0 116.0
259.0 117.0
260.0 114.0
261.0 112.0
262.0 95.0
263.0 114.0
264.0 111.0
265.0 98.0
266.0 92.0
267.0 111.0
268.0 97.0
269.0 121.0
270.0 105.0
271.0 117.0
272.0 120.0
273.0 121.0
274.0 112.0
275.0 108.0
276.0 106.0
277.0 124.0
278.0 124.0
279.0 105.0
280.0 102.0
281.0 99.0
282.0 82.0
283.0 108.0
284.0 88.0
285.0 115.0
286.0 117.0
287.0 109.0
288.0 107.0
289.0 110.0
290.0 104.0
291.0 103.0
292.0 98.0
293.0 121.0
294.0 124.0
295.0 94.0
296.0 108.0
297.0 112.0
298.0 95.0
299.0 94.0
300.0 82.0
301.0 124.0
302.0 89.0
303.0 105.0
304.0 124.0
305.0 115.0
306.0 113.0
307.0 111.0
308.0 97.0
309.0 81.0
310.0 108.0
311.0 82.0
312.0 101.0
313.0 91.0
314.0 113.0
315.0 113.0
316.0 115.0
317.0 105.0
318.0 96.0
319.0 79.0
320.0 137.0
321.0 180.0
322.0 267.0
323.0 297.0
324.0 559.0
325.0 712.0
326.0 865.0
327.0 1030.0
328.0 1110.0
329.0 997.0
330.0 1100.0
331.0 971.0
332.0 1270.0
333.0 1310.0
334.0 1040.0
335.0 1010.0
336.0 1010.0
337.0 1030.0
338.0 939.0
339.0 1150.0
340.0 1200.0
341.0 1300.0
342.0 1260.0
343.0 1280.0
344.0 1240.0
345.0 1210.0
346.0 1050.0
347.0 1090.0
348.0 975.0
349.0 1160.0
350.0 980.0
351.0 964.0
352.0 1020.0
353.0 1060.0
354.0 1190.0
355.0 1100.0
356.0 978.0
357.0 1310.0
358.0 1020.0
359.0 1130.0
360.0 904.0
361.0 1130.0
362.0 972.0
363.0 867.0
364.0 929.0
365.0 1150.0
366.0 831.0
367.0 1170.0
368.0 901.0
369.0 830.0
370.0 685.0
371.0 887.0
372.0 1000.0
373.0 947.0
374.0 978.0
375.0 942.0
376.0 497.0
377.0 691.0
378.0 1080.0
379.0 908.0
380.0 340.0
381.0 949.0
382.0 877.0
383.0 694.0
384.0 372.0
385.0 976.0
386.0 1010.0
387.0 636.0
388.0 116.0
389.0 249.0
390.0 274.0
391.0 282.0
392.0 9.0
393.0 27.0
394.0 32.0
395.0 261.0
396.0 2.0
397.0 105.0
398.0 118.0
399.0 314.0
400.0 364.0
401.0 387.0
402.0 409.0
403.0 363.0
404.0 427.0
405.0 422.0
406.0 504.0
407.0 500.0
408.0 600.0
409.0 635.0
410.0 751.0
411.0 993.0
412.0 1120.0
413.0 1210.0
414.0 1310.0
415.0 1500.0
416.0 1740.0
417.0 1780.0
418.0 1710.0
419.0 1730.0
420.0 1670.0
421.0 1650.0
422.0 1840.0
423.0 1850.0
424.0 1600.0
425.0 1820.0
426.0 1810.0
427.0 1890.0
428.0 1790.0
429.0 1770.0
430.0 1860.0
431.0 1860.0
432.0 1790.0
433.0 1630.0
434.0 1790.0
435.0 1770.0
436.0 1520.0
437.0 1640.0
438.0 1750.0
439.0 1530.0
440.0 1600.0
441.0 1750.0
442.0 1790.0
443.0 1310.0
444.0 1700.0
445.0 1530.0
446.0 1290.0
447.0 1500.0
448.0 1670.0
449.0 1640.0
450.0 1010.0
451.0 1470.0
452.0 1630.0
453.0 1730.0
454.0 1660.0
455.0 1210.0
456.0 1740.0
457.0 1400.0
458.0 1660.0
459.0 1550.0
460.0 1690.0
461.0 1590.0
462.0 1570.0
463.0 1540.0
464.0 898.0
465.0 877.0
466.0 859.0
467.0 425.0
468.0 1050.0
469.0 1490.0
470.0 900.0
471.0 1080.0
472.0 1380.0
473.0 1340.0
474.0 1340.0
475.0 1280.0
476.0 1130.0
477.0 1270.0
478.0 1090.0
479.0 1010.0
480.0 1100.0
481.0 950.0
482.0 776.0
483.0 740.0
484.0 763.0
485.0 838.0
486.0 406.0
487.0 462.0
488.0 6.0
489.0 1.0
490.0 115.0
491.0 109.0
492.0 230.0
493.0 784.0
494.0 897.0
495.0 1020.0
496.0 1580.0
497.0 1380.0
498.0 1630.0
499.0 1560.0
500.0 1430.0
501.0 845.0
502.0 766.0
503.0 614.0
504.0 688.0
505.0 582.0
506.0 573.0
507.0 5.0
508.0 124.0
509.0 111.0
510.0 337.0
511.0 475.0
512.0 531.0
513.0 982.0
514.0 1220.0
515.0 1170.0
516.0 1120.0
517.0 1120.0
518.0 1100.0
519.0 1050.0
520.0 1210.0
521.0 1360.0
522.0 1240.0
523.0 1370.0
524.0 1240.0
525.0 1230.0
526.0 937.0
527.0 1050.0
528.0 1160.0
529.0 934.0
530.0 920.0
531.0 1440.0
532.0 1770.0
533.0 1750.0
534.0 1730.0
535.0 1830.0
536.0 1670.0
537.0 1740.0
538.0 1790.0
539.0 1760.0
540.0 1710.0
541.0 1170.0
542.0 1390.0
543.0 1690.0
544.0 1410.0
545.0 927.0
546.0 780.0
547.0 846.0
548.0 623.0
549.0 678.0
550.0 347.0
551.0 701.0
552.0 362.0
553.0 2.0
554.0 26.0
555.0 1.0
556.0 80.0
557.0 86.0
558.0 531.0
559.0 657.0
560.0 1230.0
561.0 1480.0
562.0 1570.0
563.0 1590.0
564.0 1740.0
565.0 1710.0
566.0 1140.0
567.0 1090.0
568.0 1060.0
569.0 942.0
570.0 856.0
571.0 746.0
572.0 220.0
573.0 122.0
574.0 115.0
575.0 266.0
576.0 857.0
577.0 847.0
578.0 859.0
579.0 1600.0
580.0 1590.0
581.0 1730.0
582.0 1640.0
583.0 1610.0
584.0 1750.0
585.0 1690.0
586.0 1680.0
587.0 1720.0
588.0 1720.0
589.0 1610.0
590.0 1510.0
591.0 1670.0
592.0 1530.0
593.0 1460.0
594.0 727.0
595.0 3.0
596.0 0.0
597.0 12.0
598.0 7.0
599.0 113.0
600.0 108.0
601.0 140.0
602.0 82.0
603.0 238.0
604.0 41.0
605.0 44.0
606.0 15.0
607.0 120.0
608.0 179.0
609.0 119.0
610.0 676.0
611.0 799.0
612.0 573.0
613.0 22.0
614.0 11.0
615.0 6.0
616.0 56.0
617.0 232.0
618.0 52.0
619.0 55.0
620.0 36.0
621.0 81.0
622.0 60.0
623.0 135.0
624.0 289.0
625.0 250.0
626.0 99.0
627.0 136.0
628.0 76.0
629.0 25.0
630.0 203.0
631.0 119.0
632.0 46.0
633.0 39.0
634.0 62.0
635.0 35.0
636.0 0.0
637.0 93.0
638.0 122.0
639.0 120.0
640.0 166.0
641.0 182.0
642.0 201.0
643.0 219.0
644.0 193.0
645.0 247.0
646.0 198.0
647.0 206.0
648.0 355.0
649.0 477.0
650.0 616.0
651.0 585.0
652.0 629.0
653.0 584.0
654.0 580.0
655.0 594.0
656.0 487.0
657.0 54.0
658.0 215.0
659.0 256.0
660.0 6.0
661.0 146.0
662.0 236.0
663.0 302.0
664.0 135.0
665.0 177.0
666.0 0.0
667.0 0.0
668.0 108.0
669.0 113.0
670.0 0.0
671.0 0.0
672.0 0.0
673.0 32.0
674.0 473.0
675.0 689.0
676.0 664.0
677.0 637.0
678.0 699.0
679.0 791.0
680.0 763.0
681.0 755.0
682.0 798.0
683.0 757.0
684.0 863.0
685.0 743.0
686.0 708.0
687.0 718.0
688.0 796.0
689.0 818.0
690.0 737.0
691.0 767.0
692.0 709.0
693.0 759.0
694.0 742.0
695.0 790.0
696.0 775.0
697.0 739.0
698.0 765.0
699.0 777.0
700.0 726.0
701.0 811.0
702.0 727.0
703.0 604.0
704.0 712.0
705.0 789.0
706.0 771.0
707.0 833.0
708.0 752.0
709.0 830.0
710.0 896.0
711.0 752.0
712.0 897.0
713.0 836.0
714.0 753.0
715.0 748.0
716.0 708.0
717.0 953.0
718.0 755.0
719.0 765.0
720.0 879.0
721.0 808.0
722.0 858.0
723.0 789.0
724.0 809.0
725.0 1050.0
726.0 846.0
727.0 960.0
728.0 759.0
729.0 1620.0
730.0 1680.0
731.0 1620.0
732.0 796.0
733.0 840.0
734.0 954.0
735.0 876.0
736.0 889.0
737.0 873.0
738.0 1150.0
739.0 1310.0
740.0 1700.0
741.0 1750.0
742.0 1340.0
743.0 1110.0
744.0 1250.0
745.0 1160.0
746.0 1440.0
747.0 1520.0
748.0 1230.0
749.0 1340.0
750.0 1090.0
751.0 1080.0
752.0 1070.0
753.0 1530.0
754.0 1700.0
755.0 1430.0
756.0 1560.0
757.0 1400.0
758.0 1410.0
759.0 1370.0
760.0 1660.0
761.0 1590.0
762.0 1340.0
763.0 1240.0
764.0 115.0
765.0 96.0
766.0 82.0
767.0 122.0
768.0 106.0
769.0 90.0
770.0 124.0
771.0 125.0
772.0 118.0
773.0 121.0
774.0 120.0
775.0 105.0
776.0 102.0
777.0 116.0
778.0 95.0
779.0 123.0
780.0 109.0
781.0 123.0
782.0 122.0
783.0 124.0
784.0 93.0
785.0 117.0
786.0 121.0
787.0 110.0
788.0 94.0
789.0 99.0
790.0 123.0
791.0 107.0
792.0 119.0
793.0 124.0
794.0 116.0
795.0 118.0
796.0 121.0
797.0 111.0
798.0 115.0
