0.0 195.0
1.0 356.0
2.0 438.0
3.0 511.0
4.0 569.0
5.0 675.0
6.0 699.0
7.0 102.0
8.0 109.0
9.0 164.0
10.0 215.0
11.0 101.0
12.0 104.0
13.0 91.0
14.0 114.0
15.0 98.0
16.0 380.0
17.0 268.0
18.0 121.0
19.0 97.0
20.0 40.0
21.0 47.0
22.0 106.0
23.0 90.0
24.0 16.0
25.0 6.0
26.0 29.0
27.0 84.0
28.0 104.0
29.0 106.0
30.0 274.0
31.0 320.0
32.0 612.0
33.0 850.0
34.0 799.0
35.0 155.0
36.0 113.0
37.0 81.0
38.0 113.0
39.0 124.0
40.0 109.0
41.0 302.0
42.0 527.0
43.0 507.0
44.0 512.0
45.0 605.0
46.0 434.0
47.0 109.0
48.0 189.0
49.0 636.0
50.0 717.0
51.0 340.0
52.0 143.0
53.0 29.0
54.0 56.0
55.0 56.0
56.0 46.0
57.0 19.0
58.0 93.0
59.0 115.0
60.0 171.0
61.0 13.0
62.0 50.0
63.0 25.0
64.0 20.0
65.0 97.0
66.0 110.0
67.0 104.0
68.0 87.0
69.0 112.0
70.0 118.0
71.0 173.0
72.0 185.0
73.0 208.0
74.0 211.0
75.0 315.0
76.0 406.0
77.0 518.0
78.0 625.0
79.0 753.0
80.0 856.0
81.0 944.0
82.0 1090.0
83.0 1140.0
84.0 1090.0
85.0 735.0
86.0 89.0
87.0 90.0
88.0 88.0
89.0 106.0
90.0 99.0
91.0 704.0
92.0 102.0
93.0 103.0
94.0 84.0
95.0 93.0
96.0 121.0
97.0 111.0
98.0 109.0
99.0 124.0
100.0 117.0
101.0 87.0
102.0 102.0
103.0 97.0
104.0 106.0
105.0 111.0
106.0 122.0
107.0 104.0
108.0 109.0
109.0 119.0
110.0 108.0
111.0 94.0
112.0 101.0
113.0 103.0
114.0 114.0
115.0 109.0
116.0 89.0
117.0 97.0
118.0 90.0
119.0 124.0
120.0 117.0
121.0 91.0
122.0 98.0
123.0 102.0
124.0 118.0
125.0 96.0
126.0 115.0
127.0 121.0
128.0 109.0
129.0 114.0
130.0 115.0
131.0 78.0
132.0 120.0
133.0 124.0
134.0 104.0
135.0 113.0
136.0 111.0
137.0 105.0
138.0 104.0
139.0 122.0
140.0 96.0
141.0 94.0
142.0 81.0
143.0 124.0
144.0 125.0
145.0 118.0
146.0 86.0
147.0 121.0
148.0 105.0
149.0 114.0
150.0 108.0
151.0 78.0
152.0 1.0
153.0 2.0
154.0 6.0
155.0 5.0
156.0 11.0
157.0 12.0
158.0 7.0
159.0 2.0
160.0 81.0
161.0 109.0
162.0 98.0
163.0 262.0
164.0 492.0
165.0 654.0
166.0 230.0
167.0 81.0
168.0 264.0
169.0 932.0
170.0 781.0
171.0 846.0
172.0 452.0
173.0 350.0
174.0 271.0
175.0 127.0
176.0 13.0
177.0 5.0
178.0 29.0
179.0 21.0
180.0 36.0
181.0 8.0
182.0 103.0
183.0 101.0
184.0 329.0
185.0 118.0
186.0 94.0
187.0 890.0
188.0 794.0
189.0 1120.0
190.0 1420.0
191.0 1310.0
192.0 1090.0
193.0 936.0
194.0 1350.0
195.0 994.0
196.0 115.0
197.0 111.0
198.0 423.0
199.0 1020.0
200.0 1320.0
201.0 1270.0
202.0 1400.0
203.0 1310.0
204.0 1450.0
205.0 1430.0
206.0 1330.0
207.0 1290.0
208.0 1330.0
209.0 1350.0
210.0 1280.0
211.0 1280.0
212.0 1380.0
213.0 1410.0
214.0 1310.0
215.0 1410.0
216.0 1370.0
217.0 1450.0
218.0 1390.0
219.0 1400.0
220.0 1400.0
221.0 1320.0
222.0 1460.0
223.0 1390.0
224.0 1380.0
225.0 1430.0
226.0 1600.0
227.0 1730.0
228.0 1680.0
229.0 1860.0
230.0 1830.0
231.0 1870.0
232.0 1630.0
233.0 1860.0
234.0 619.0
235.0 118.0
236.0 161.0
237.0 117.0
238.0 26.0
239.0 120.0
240.0 125.0
241.0 560.0
242.0 856.0
243.0 1270.0
244.0 1060.0
245.0 1090.0
246.0 1220.0
247.0 1530.0
248.0 1470.0
249.0 1470.0
