0.0 361.0
1.0 703.0
2.0 924.0
3.0 1060.0
4.0 990.0
5.0 1030.0
6.0 680.0
7.0 1220.0
8.0 1080.0
9.0 789.0
10.0 424.0
11.0 33.0
12.0 124.0
13.0 112.0
14.0 793.0
15.0 1350.0
16.0 1380.0
17.0 439.0
18.0 108.0
19.0 120.0
20.0 96.0
21.0 125.0
22.0 103.0
23.0 90.0
24.0 116.0
25.0 100.0
26.0 117.0
27.0 113.0
28.0 284.0
29.0 249.0
30.0 388.0
31.0 420.0
32.0 429.0
33.0 0.0
34.0 103.0
35.0 79.0
36.0 113.0
37.0 97.0
38.0 174.0
39.0 226.0
40.0 176.0
41.0 231.0
42.0 144.0
43.0 202.0
44.0 229.0
45.0 306.0
46.0 235.0
47.0 317.0
48.0 235.0
49.0 22.0
50.0 9.0
51.0 93.0
52.0 122.0
53.0 88.0
54.0 94.0
55.0 120.0
56.0 91.0
57.0 112.0
58.0 105.0
59.0 121.0
60.0 111.0
61.0 116.0
62.0 113.0
63.0 124.0
64.0 95.0
65.0 111.0
66.0 113.0
67.0 101.0
68.0 115.0
69.0 95.0
70.0 107.0
71.0 118.0
72.0 104.0
73.0 123.0
74.0 119.0
75.0 110.0
76.0 100.0
77.0 105.0
78.0 114.0
79.0 106.0
80.0 110.0
81.0 99.0
82.0 98.0
83.0 109.0
84.0 125.0
85.0 93.0
86.0 77.0
87.0 98.0
88.0 123.0
89.0 112.0
90.0 101.0
91.0 84.0
92.0 97.0
93.0 105.0
94.0 98.0
95.0 115.0
96.0 99.0
97.0 114.0
98.0 136.0
99.0 154.0
100.0 161.0
101.0 203.0
102.0 230.0
103.0 86.0
104.0 132.0
105.0 186.0
106.0 40.0
107.0 25.0
108.0 29.0
109.0 8.0
110.0 14.0
111.0 106.0
112.0 221.0
113.0 253.0
114.0 262.0
115.0 271.0
116.0 295.0
117.0 323.0
118.0 336.0
119.0 388.0
120.0 411.0
121.0 428.0
122.0 470.0
123.0 488.0
124.0 430.0
125.0 545.0
126.0 557.0
127.0 494.0
128.0 304.0
129.0 8.0
130.0 2.0
131.0 0.0
132.0 0.0
133.0 8.0
134.0 19.0
135.0 51.0
136.0 31.0
137.0 152.0
138.0 101.0
139.0 27.0
140.0 81.0
141.0 124.0
142.0 111.0
143.0 103.0
144.0 491.0
145.0 508.0
146.0 502.0
147.0 491.0
148.0 577.0
149.0 558.0
150.0 337.0
151.0 7.0
152.0 0.0
153.0 0.0
154.0 0.0
155.0 14.0
156.0 123.0
157.0 125.0
158.0 360.0
159.0 563.0
160.0 599.0
161.0 611.0
162.0 616.0
163.0 477.0
164.0 542.0
165.0 476.0
166.0 595.0
167.0 602.0
168.0 438.0
169.0 226.0
170.0 0.0
171.0 92.0
172.0 97.0
173.0 212.0
174.0 431.0
175.0 520.0
176.0 562.0
177.0 578.0
178.0 616.0
179.0 632.0
180.0 659.0
181.0 684.0
182.0 581.0
183.0 631.0
184.0 625.0
185.0 49.0
186.0 275.0
187.0 0.0
188.0 34.0
189.0 0.0
190.0 0.0
191.0 78.0
192.0 124.0
193.0 331.0
194.0 353.0
195.0 351.0
196.0 337.0
197.0 609.0
198.0 871.0
199.0 980.0
200.0 1070.0
201.0 1070.0
202.0 904.0
203.0 1070.0
204.0 1140.0
205.0 1140.0
206.0 1200.0
207.0 1450.0
208.0 1120.0
209.0 1380.0
210.0 1340.0
211.0 315.0
212.0 80.0
213.0 119.0
214.0 106.0
215.0 111.0
216.0 107.0
217.0 110.0
218.0 105.0
219.0 117.0
220.0 116.0
221.0 125.0
222.0 109.0
223.0 106.0
224.0 124.0
225.0 120.0
226.0 115.0
227.0 123.0
228.0 105.0
229.0 82.0
230.0 123.0
231.0 119.0
232.0 124.0
233.0 123.0
234.0 90.0
235.0 100.0
