0.0 204.0
1.0 217.0
2.0 273.0
3.0 358.0
4.0 379.0
5.0 2.0
6.0 0.0
7.0 123.0
8.0 123.0
9.0 433.0
10.0 563.0
11.0 188.0
12.0 109.0
13.0 116.0
14.0 179.0
15.0 182.0
16.0 70.0
17.0 47.0
18.0 176.0
19.0 169.0
20.0 169.0
21.0 4.0
22.0 16.0
23.0 101.0
24.0 117.0
25.0 57.0
26.0 101.0
27.0 115.0
28.0 113.0
29.0 137.0
30.0 151.0
31.0 145.0
32.0 74.0
33.0 93.0
34.0 116.0
35.0 13.0
36.0 71.0
37.0 42.0
38.0 74.0
39.0 101.0
40.0 69.0
41.0 86.0
42.0 98.0
43.0 90.0
44.0 90.0
45.0 80.0
46.0 53.0
47.0 39.0
48.0 15.0
49.0 23.0
50.0 23.0
51.0 21.0
52.0 23.0
53.0 26.0
54.0 26.0
55.0 101.0
56.0 95.0
57.0 105.0
58.0 101.0
59.0 111.0
60.0 118.0
61.0 111.0
62.0 89.0
63.0 108.0
64.0 103.0
65.0 97.0
66.0 121.0
67.0 111.0
68.0 124.0
69.0 93.0
70.0 125.0
71.0 112.0
72.0 124.0
73.0 96.0
74.0 125.0
75.0 169.0
76.0 373.0
77.0 802.0
78.0 854.0
79.0 803.0
80.0 790.0
81.0 794.0
82.0 781.0
83.0 798.0
84.0 682.0
85.0 740.0
86.0 791.0
87.0 815.0
88.0 768.0
89.0 658.0
90.0 656.0
91.0 709.0
92.0 738.0
93.0 719.0
94.0 216.0
95.0 40.0
96.0 72.0
97.0 77.0
98.0 96.0
99.0 139.0
100.0 76.0
101.0 46.0
102.0 64.0
103.0 38.0
104.0 56.0
105.0 76.0
106.0 40.0
107.0 53.0
108.0 48.0
109.0 260.0
110.0 271.0
111.0 309.0
112.0 361.0
113.0 410.0
114.0 419.0
115.0 346.0
116.0 332.0
117.0 357.0
118.0 293.0
119.0 240.0
120.0 269.0
121.0 279.0
122.0 287.0
123.0 310.0
124.0 329.0
125.0 334.0
126.0 308.0
127.0 333.0
128.0 311.0
129.0 310.0
130.0 295.0
131.0 308.0
132.0 309.0
133.0 303.0
134.0 281.0
135.0 307.0
136.0 342.0
137.0 349.0
138.0 230.0
139.0 112.0
140.0 117.0
141.0 123.0
142.0 213.0
143.0 309.0
144.0 334.0
145.0 333.0
146.0 248.0
147.0 133.0
148.0 180.0
149.0 53.0
150.0 40.0
151.0 0.0
152.0 96.0
153.0 102.0
154.0 116.0
155.0 80.0
156.0 300.0
157.0 276.0
158.0 262.0
159.0 305.0
160.0 308.0
161.0 328.0
162.0 337.0
163.0 318.0
164.0 333.0
165.0 357.0
166.0 120.0
167.0 87.0
168.0 153.0
169.0 333.0
170.0 320.0
171.0 305.0
172.0 305.0
173.0 326.0
174.0 272.0
175.0 289.0
176.0 266.0
177.0 99.0
178.0 86.0
179.0 125.0
180.0 121.0
181.0 111.0
182.0 92.0
183.0 77.0
184.0 121.0
185.0 105.0
186.0 102.0
187.0 120.0
188.0 116.0
189.0 121.0
190.0 124.0
191.0 136.0
192.0 144.0
193.0 152.0
194.0 146.0
195.0 50.0
196.0 0.0
197.0 0.0
198.0 0.0
199.0 0.0
200.0 114.0
201.0 85.0
202.0 57.0
203.0 113.0
204.0 115.0
205.0 56.0
206.0 25.0
207.0 0.0
208.0 0.0
209.0 0.0
210.0 0.0
211.0 118.0
212.0 122.0
213.0 70.0
214.0 115.0
215.0 124.0
216.0 120.0
217.0 117.0
218.0 125.0
219.0 115.0
220.0 113.0
221.0 87.0
222.0 106.0
223.0 88.0
224.0 83.0
225.0 117.0
226.0 36.0
227.0 26.0
228.0 15.0
229.0 0.0
230.0 14.0
231.0 37.0
232.0 72.0
233.0 99.0
234.0 78.0
235.0 123.0
236.0 114.0
237.0 105.0
238.0 124.0
239.0 104.0
240.0 141.0
241.0 125.0
242.0 136.0
243.0 160.0
244.0 120.0
245.0 144.0
246.0 153.0
247.0 117.0
248.0 248.0
249.0 289.0
