0.0 157.0
1.0 339.0
2.0 638.0
3.0 546.0
4.0 1010.0
5.0 1280.0
6.0 1000.0
7.0 752.0
8.0 775.0
9.0 619.0
10.0 4.0
11.0 0.0
12.0 8.0
13.0 0.0
14.0 0.0
15.0 0.0
16.0 99.0
17.0 122.0
18.0 753.0
19.0 736.0
20.0 798.0
21.0 916.0
22.0 942.0
23.0 820.0
24.0 721.0
25.0 915.0
26.0 927.0
27.0 798.0
28.0 683.0
29.0 672.0
30.0 758.0
31.0 679.0
32.0 702.0
33.0 921.0
34.0 1070.0
35.0 1310.0
36.0 1400.0
37.0 990.0
38.0 775.0
39.0 734.0
40.0 714.0
41.0 664.0
42.0 781.0
43.0 840.0
44.0 740.0
45.0 414.0
46.0 365.0
47.0 724.0
48.0 551.0
49.0 456.0
50.0 459.0
51.0 88.0
52.0 116.0
53.0 468.0
54.0 526.0
55.0 165.0
56.0 712.0
57.0 749.0
58.0 733.0
59.0 793.0
60.0 76.0
61.0 112.0
62.0 117.0
63.0 294.0
64.0 179.0
65.0 640.0
66.0 795.0
67.0 669.0
68.0 625.0
69.0 748.0
70.0 870.0
71.0 750.0
72.0 690.0
73.0 702.0
74.0 0.0
75.0 0.0
76.0 0.0
77.0 24.0
78.0 108.0
79.0 134.0
80.0 117.0
81.0 146.0
82.0 13.0
83.0 138.0
84.0 110.0
85.0 24.0
86.0 214.0
87.0 221.0
88.0 60.0
89.0 107.0
90.0 79.0
91.0 170.0
92.0 115.0
93.0 72.0
94.0 28.0
95.0 34.0
96.0 94.0
97.0 31.0
98.0 97.0
99.0 42.0
100.0 50.0
101.0 5.0
102.0 98.0
103.0 117.0
104.0 72.0
105.0 113.0
106.0 95.0
107.0 132.0
108.0 105.0
109.0 125.0
110.0 123.0
111.0 389.0
112.0 554.0
113.0 647.0
114.0 762.0
115.0 849.0
116.0 995.0
117.0 1160.0
118.0 1240.0
119.0 1410.0
120.0 1620.0
121.0 1410.0
122.0 1580.0
123.0 1370.0
124.0 1590.0
125.0 1570.0
126.0 1250.0
127.0 1040.0
128.0 1160.0
129.0 930.0
130.0 808.0
131.0 1280.0
132.0 946.0
133.0 665.0
134.0 341.0
135.0 0.0
136.0 0.0
137.0 0.0
138.0 0.0
139.0 0.0
140.0 0.0
141.0 96.0
142.0 124.0
143.0 118.0
144.0 391.0
145.0 709.0
146.0 711.0
147.0 671.0
148.0 773.0
149.0 793.0
150.0 748.0
151.0 774.0
152.0 663.0
153.0 496.0
154.0 704.0
155.0 947.0
156.0 978.0
157.0 1080.0
158.0 1180.0
159.0 995.0
160.0 1310.0
161.0 1070.0
162.0 1020.0
163.0 1010.0
164.0 954.0
165.0 302.0
166.0 83.0
167.0 106.0
168.0 833.0
169.0 793.0
170.0 798.0
171.0 952.0
172.0 1030.0
173.0 1630.0
174.0 1800.0
175.0 1770.0
176.0 1650.0
177.0 1410.0
178.0 123.0
179.0 120.0
180.0 123.0
181.0 98.0
182.0 121.0
183.0 124.0
184.0 92.0
185.0 609.0
186.0 833.0
187.0 90.0
188.0 95.0
189.0 112.0
190.0 113.0
191.0 117.0
192.0 113.0
193.0 113.0
194.0 121.0
195.0 124.0
196.0 465.0
197.0 707.0
198.0 702.0
199.0 798.0
200.0 845.0
201.0 765.0
202.0 745.0
203.0 0.0
204.0 2.0
205.0 669.0
206.0 873.0
207.0 709.0
208.0 868.0
209.0 912.0
210.0 955.0
211.0 1040.0
212.0 1080.0
213.0 1080.0
214.0 1040.0
215.0 1030.0
216.0 986.0
217.0 945.0
218.0 981.0
219.0 991.0
220.0 1090.0
221.0 1150.0
222.0 1150.0
223.0 1050.0
224.0 1230.0
225.0 1020.0
226.0 1140.0
227.0 1100.0
228.0 1080.0
229.0 1120.0
230.0 1140.0
231.0 1180.0
232.0 952.0
233.0 1280.0
234.0 1280.0
235.0 1130.0
236.0 841.0
237.0 958.0
238.0 984.0
239.0 1200.0
240.0 1040.0
241.0 1070.0
242.0 1110.0
243.0 1140.0
244.0 855.0
245.0 1120.0
246.0 1090.0
247.0 957.0
248.0 959.0
249.0 906.0
250.0 1090.0
251.0 1230.0
252.0 668.0
253.0 116.0
254.0 112.0
255.0 491.0
256.0 44.0
257.0 896.0
258.0 978.0
259.0 942.0
260.0 655.0
261.0 59.0
262.0 535.0
263.0 488.0
264.0 283.0
265.0 46.0
266.0 72.0
267.0 85.0
268.0 78.0
269.0 93.0
270.0 192.0
271.0 98.0
272.0 112.0
273.0 94.0
274.0 86.0
275.0 73.0
276.0 107.0
277.0 140.0
278.0 128.0
279.0 125.0
280.0 122.0
281.0 141.0
282.0 140.0
283.0 131.0
284.0 155.0
285.0 134.0
286.0 110.0
287.0 485.0
288.0 526.0
289.0 727.0
290.0 732.0
291.0 937.0
292.0 919.0
293.0 866.0
294.0 1060.0
295.0 1080.0
296.0 1110.0
297.0 987.0
298.0 1060.0
299.0 1060.0
300.0 1060.0
301.0 1060.0
302.0 1040.0
303.0 929.0
304.0 379.0
305.0 104.0
306.0 85.0
307.0 859.0
308.0 1110.0
309.0 1180.0
310.0 1180.0
311.0 916.0
312.0 1150.0
313.0 1660.0
314.0 1230.0
315.0 1090.0
316.0 954.0
317.0 1080.0
318.0 1020.0
319.0 898.0
320.0 959.0
321.0 913.0
322.0 1260.0
323.0 1350.0
324.0 1240.0
325.0 931.0
326.0 1000.0
327.0 1330.0
328.0 1160.0
329.0 1230.0
330.0 1180.0
331.0 1150.0
332.0 1200.0
333.0 1100.0
334.0 1370.0
335.0 1240.0
336.0 1230.0
337.0 1290.0
338.0 1220.0
339.0 1170.0
340.0 940.0
341.0 1120.0
342.0 812.0
343.0 96.0
344.0 112.0
345.0 739.0
346.0 1320.0
347.0 726.0
348.0 873.0
349.0 703.0
350.0 647.0
351.0 818.0
352.0 1100.0
353.0 913.0
354.0 1070.0
355.0 927.0
356.0 1090.0
357.0 618.0
358.0 1030.0
359.0 911.0
360.0 1050.0
361.0 1140.0
362.0 1310.0
363.0 1200.0
364.0 1300.0
365.0 1460.0
366.0 1130.0
367.0 1000.0
368.0 897.0
369.0 1150.0
370.0 1130.0
371.0 1080.0
372.0 1000.0
373.0 1400.0
374.0 620.0
375.0 1000.0
376.0 1260.0
377.0 982.0
378.0 1240.0
379.0 947.0
380.0 845.0
381.0 1100.0
382.0 997.0
383.0 1130.0
384.0 1420.0
385.0 1510.0
386.0 1390.0
387.0 1400.0
388.0 1350.0
389.0 1080.0
390.0 1190.0
391.0 1050.0
392.0 883.0
393.0 1310.0
394.0 1200.0
395.0 357.0
396.0 95.0
397.0 460.0
398.0 677.0
399.0 970.0
400.0 822.0
401.0 722.0
402.0 816.0
403.0 815.0
404.0 750.0
405.0 824.0
406.0 787.0
407.0 1020.0
408.0 593.0
409.0 440.0
410.0 81.0
411.0 36.0
412.0 11.0
413.0 49.0
414.0 97.0
415.0 113.0
416.0 61.0
417.0 52.0
418.0 119.0
419.0 109.0
420.0 98.0
421.0 118.0
422.0 102.0
423.0 115.0
424.0 169.0
425.0 225.0
426.0 42.0
427.0 40.0
428.0 141.0
429.0 45.0
430.0 140.0
431.0 94.0
432.0 113.0
433.0 32.0
434.0 18.0
435.0 108.0
436.0 89.0
437.0 299.0
438.0 378.0
439.0 405.0
440.0 450.0
441.0 460.0
442.0 423.0
443.0 432.0
444.0 463.0
445.0 494.0
446.0 568.0
447.0 537.0
448.0 337.0
449.0 107.0
450.0 98.0
451.0 489.0
452.0 501.0
453.0 549.0
454.0 573.0
455.0 557.0
456.0 531.0
457.0 602.0
458.0 552.0
459.0 574.0
460.0 634.0
461.0 554.0
462.0 71.0
463.0 102.0
464.0 95.0
465.0 112.0
466.0 220.0
467.0 297.0
468.0 39.0
469.0 0.0
470.0 0.0
471.0 0.0
472.0 0.0
473.0 112.0
474.0 121.0
475.0 61.0
476.0 29.0
477.0 41.0
478.0 88.0
479.0 53.0
480.0 49.0
481.0 0.0
482.0 14.0
483.0 45.0
484.0 185.0
485.0 124.0
486.0 2.0
487.0 51.0
488.0 33.0
489.0 44.0
490.0 12.0
491.0 61.0
492.0 31.0
493.0 12.0
494.0 8.0
495.0 6.0
496.0 55.0
497.0 10.0
498.0 2.0
499.0 2.0
500.0 114.0
501.0 102.0
502.0 100.0
503.0 123.0
504.0 119.0
505.0 97.0
506.0 116.0
507.0 108.0
508.0 55.0
509.0 133.0
510.0 174.0
511.0 261.0
512.0 333.0
513.0 371.0
514.0 300.0
515.0 492.0
516.0 540.0
517.0 513.0
518.0 522.0
519.0 547.0
520.0 547.0
521.0 466.0
522.0 652.0
523.0 557.0
524.0 603.0
525.0 721.0
526.0 320.0
527.0 0.0
528.0 0.0
529.0 12.0
530.0 122.0
531.0 105.0
532.0 381.0
533.0 415.0
534.0 445.0
535.0 465.0
536.0 484.0
537.0 648.0
538.0 637.0
539.0 403.0
540.0 768.0
541.0 700.0
542.0 808.0
543.0 750.0
544.0 887.0
545.0 642.0
546.0 772.0
547.0 714.0
548.0 928.0
549.0 776.0
550.0 780.0
551.0 939.0
552.0 781.0
553.0 889.0
554.0 1010.0
555.0 969.0
556.0 891.0
557.0 999.0
558.0 1100.0
559.0 1190.0
560.0 1210.0
561.0 1080.0
562.0 799.0
563.0 780.0
564.0 839.0
565.0 738.0
566.0 800.0
567.0 745.0
568.0 558.0
569.0 533.0
570.0 1.0
571.0 0.0
572.0 97.0
573.0 118.0
574.0 433.0
575.0 413.0
576.0 457.0
577.0 547.0
578.0 824.0
579.0 855.0
580.0 778.0
581.0 856.0
582.0 859.0
583.0 848.0
584.0 996.0
585.0 935.0
586.0 929.0
587.0 816.0
588.0 807.0
589.0 1020.0
590.0 297.0
591.0 841.0
592.0 699.0
593.0 557.0
594.0 790.0
595.0 3.0
596.0 0.0
597.0 120.0
598.0 98.0
599.0 410.0
600.0 534.0
601.0 578.0
602.0 594.0
603.0 444.0
604.0 872.0
605.0 648.0
606.0 737.0
607.0 873.0
608.0 666.0
609.0 886.0
610.0 920.0
611.0 969.0
612.0 647.0
613.0 691.0
614.0 777.0
615.0 627.0
616.0 1.0
617.0 0.0
618.0 1.0
619.0 104.0
620.0 231.0
621.0 516.0
622.0 562.0
623.0 535.0
624.0 205.0
625.0 183.0
626.0 239.0
627.0 15.0
628.0 48.0
629.0 250.0
630.0 251.0
631.0 225.0
632.0 439.0
633.0 511.0
634.0 423.0
635.0 436.0
636.0 109.0
637.0 0.0
638.0 0.0
639.0 9.0
640.0 125.0
641.0 123.0
642.0 118.0
643.0 103.0
644.0 120.0
645.0 36.0
646.0 16.0
647.0 0.0
648.0 27.0
649.0 0.0
650.0 27.0
651.0 0.0
652.0 6.0
653.0 75.0
654.0 118.0
655.0 397.0
656.0 415.0
657.0 429.0
658.0 422.0
659.0 336.0
660.0 0.0
661.0 0.0
662.0 0.0
663.0 76.0
664.0 115.0
665.0 252.0
666.0 363.0
667.0 302.0
668.0 420.0
669.0 440.0
670.0 381.0
671.0 447.0
672.0 495.0
673.0 481.0
674.0 194.0
675.0 99.0
676.0 328.0
677.0 428.0
678.0 410.0
679.0 240.0
680.0 194.0
681.0 516.0
682.0 526.0
683.0 524.0
684.0 507.0
685.0 540.0
686.0 555.0
687.0 560.0
688.0 553.0
689.0 655.0
690.0 658.0
691.0 592.0
692.0 492.0
693.0 629.0
694.0 579.0
695.0 537.0
696.0 647.0
697.0 620.0
698.0 693.0
699.0 685.0
700.0 769.0
701.0 768.0
702.0 345.0
703.0 403.0
704.0 749.0
705.0 841.0
706.0 432.0
707.0 151.0
708.0 367.0
709.0 585.0
710.0 646.0
711.0 595.0
712.0 709.0
713.0 154.0
714.0 568.0
715.0 626.0
716.0 615.0
717.0 658.0
718.0 627.0
719.0 598.0
720.0 580.0
721.0 709.0
722.0 771.0
723.0 615.0
724.0 679.0
725.0 502.0
726.0 237.0
727.0 646.0
728.0 654.0
729.0 643.0
730.0 646.0
731.0 369.0
732.0 347.0
733.0 213.0
734.0 268.0
735.0 479.0
736.0 563.0
737.0 517.0
738.0 458.0
739.0 502.0
740.0 489.0
741.0 10.0
742.0 74.0
743.0 94.0
744.0 5.0
745.0 0.0
746.0 93.0
747.0 106.0
748.0 210.0
749.0 261.0
750.0 310.0
751.0 365.0
752.0 366.0
753.0 427.0
754.0 428.0
755.0 340.0
756.0 414.0
757.0 424.0
758.0 447.0
759.0 464.0
760.0 489.0
761.0 500.0
762.0 527.0
763.0 505.0
764.0 530.0
765.0 507.0
766.0 543.0
767.0 371.0
768.0 270.0
769.0 23.0
770.0 0.0
771.0 0.0
772.0 0.0
773.0 0.0
774.0 0.0
775.0 75.0
776.0 101.0
777.0 124.0
778.0 106.0
779.0 96.0
780.0 108.0
781.0 102.0
782.0 106.0
783.0 111.0
784.0 113.0
785.0 117.0
786.0 101.0
787.0 100.0
788.0 93.0
789.0 121.0
790.0 115.0
791.0 111.0
792.0 122.0
793.0 112.0
794.0 107.0
795.0 123.0
796.0 103.0
797.0 93.0
798.0 101.0
