0.0 41.0
1.0 101.0
2.0 131.0
3.0 208.0
4.0 291.0
5.0 321.0
6.0 342.0
7.0 281.0
8.0 95.0
9.0 103.0
10.0 79.0
11.0 124.0
12.0 113.0
13.0 117.0
14.0 91.0
15.0 479.0
16.0 572.0
17.0 613.0
18.0 667.0
19.0 686.0
20.0 700.0
21.0 697.0
22.0 393.0
23.0 747.0
24.0 1040.0
25.0 1140.0
26.0 1180.0
27.0 831.0
28.0 852.0
29.0 967.0
30.0 801.0
31.0 959.0
32.0 820.0
33.0 622.0
34.0 613.0
35.0 714.0
36.0 987.0
37.0 398.0
38.0 0.0
39.0 0.0
40.0 0.0
41.0 0.0
42.0 0.0
43.0 0.0
44.0 118.0
45.0 123.0
46.0 113.0
47.0 120.0
48.0 109.0
49.0 102.0
50.0 123.0
51.0 99.0
52.0 122.0
53.0 116.0
54.0 117.0
55.0 0.0
56.0 0.0
57.0 99.0
58.0 694.0
59.0 657.0
60.0 684.0
61.0 497.0
62.0 92.0
63.0 135.0
64.0 350.0
65.0 441.0
66.0 477.0
67.0 125.0
68.0 434.0
69.0 358.0
70.0 381.0
71.0 566.0
72.0 484.0
73.0 344.0
74.0 434.0
75.0 373.0
76.0 371.0
77.0 353.0
78.0 346.0
79.0 324.0
80.0 375.0
81.0 285.0
82.0 276.0
83.0 406.0
84.0 332.0
85.0 289.0
86.0 291.0
87.0 349.0
88.0 277.0
89.0 325.0
90.0 313.0
91.0 294.0
92.0 263.0
93.0 259.0
94.0 341.0
95.0 364.0
96.0 252.0
97.0 250.0
98.0 351.0
99.0 95.0
100.0 122.0
101.0 440.0
102.0 694.0
103.0 762.0
104.0 790.0
105.0 887.0
106.0 912.0
107.0 1020.0
108.0 1040.0
109.0 928.0
110.0 884.0
111.0 1150.0
112.0 1260.0
113.0 1380.0
114.0 1470.0
115.0 1510.0
116.0 1330.0
117.0 1160.0
118.0 1000.0
119.0 970.0
120.0 892.0
121.0 1080.0
122.0 1410.0
123.0 1090.0
124.0 644.0
125.0 640.0
126.0 179.0
127.0 8.0
128.0 0.0
129.0 0.0
130.0 94.0
131.0 108.0
132.0 193.0
133.0 104.0
134.0 313.0
135.0 725.0
136.0 694.0
137.0 725.0
138.0 796.0
139.0 779.0
140.0 694.0
141.0 619.0
142.0 971.0
143.0 942.0
144.0 917.0
145.0 1180.0
146.0 1040.0
147.0 1090.0
148.0 1210.0
149.0 1110.0
150.0 1300.0
151.0 1180.0
152.0 1160.0
153.0 1040.0
154.0 957.0
155.0 1060.0
156.0 953.0
157.0 904.0
158.0 121.0
159.0 104.0
160.0 1150.0
161.0 1200.0
162.0 1270.0
163.0 1310.0
164.0 1310.0
165.0 920.0
166.0 1100.0
167.0 871.0
168.0 25.0
169.0 170.0
170.0 24.0
171.0 102.0
172.0 113.0
173.0 117.0
174.0 117.0
175.0 123.0
176.0 122.0
177.0 92.0
178.0 118.0
179.0 302.0
180.0 472.0
181.0 446.0
182.0 496.0
183.0 527.0
184.0 518.0
185.0 557.0
186.0 235.0
187.0 0.0
188.0 136.0
189.0 485.0
190.0 621.0
191.0 607.0
192.0 632.0
193.0 707.0
194.0 833.0
195.0 795.0
196.0 671.0
197.0 960.0
198.0 850.0
199.0 926.0
200.0 879.0
201.0 1060.0
202.0 1040.0
203.0 1100.0
204.0 1040.0
205.0 1040.0
206.0 888.0
207.0 955.0
208.0 1200.0
209.0 1040.0
210.0 1300.0
211.0 1180.0
212.0 1170.0
213.0 1160.0
214.0 1290.0
215.0 1340.0
216.0 1130.0
217.0 1110.0
218.0 1100.0
219.0 935.0
220.0 1200.0
221.0 1250.0
222.0 1190.0
223.0 1140.0
224.0 775.0
225.0 480.0
226.0 519.0
227.0 984.0
228.0 939.0
229.0 1060.0
230.0 1050.0
231.0 1070.0
232.0 804.0
233.0 978.0
234.0 279.0
235.0 115.0
236.0 414.0
237.0 994.0
238.0 1020.0
239.0 862.0
240.0 969.0
241.0 1010.0
242.0 988.0
243.0 766.0
244.0 789.0
245.0 829.0
246.0 977.0
247.0 860.0
248.0 844.0
249.0 1040.0
250.0 1000.0
251.0 1040.0
252.0 1000.0
253.0 982.0
254.0 993.0
255.0 999.0
256.0 951.0
257.0 1070.0
258.0 1050.0
259.0 1170.0
260.0 1120.0
261.0 1180.0
262.0 1270.0
263.0 1260.0
264.0 1030.0
265.0 1010.0
266.0 1120.0
267.0 1180.0
268.0 1160.0
269.0 1170.0
270.0 1100.0
271.0 923.0
272.0 831.0
273.0 734.0
274.0 889.0
275.0 741.0
276.0 980.0
277.0 896.0
278.0 973.0
279.0 923.0
280.0 895.0
281.0 895.0
282.0 711.0
283.0 97.0
284.0 155.0
285.0 1050.0
286.0 906.0
287.0 980.0
288.0 978.0
289.0 991.0
290.0 986.0
291.0 1020.0
292.0 1010.0
293.0 944.0
294.0 1000.0
295.0 1030.0
296.0 1070.0
297.0 1080.0
298.0 1130.0
299.0 841.0
300.0 1130.0
301.0 1120.0
302.0 1160.0
303.0 1110.0
304.0 1290.0
305.0 1200.0
306.0 1250.0
307.0 1210.0
308.0 1190.0
309.0 1320.0
310.0 1250.0
311.0 1390.0
312.0 1350.0
313.0 1360.0
314.0 1380.0
315.0 1450.0
316.0 1300.0
317.0 628.0
318.0 123.0
319.0 244.0
320.0 732.0
321.0 1320.0
322.0 1440.0
323.0 1430.0
324.0 1440.0
325.0 1520.0
326.0 1690.0
327.0 1700.0
328.0 1130.0
329.0 1400.0
330.0 1440.0
331.0 1370.0
332.0 1450.0
333.0 1580.0
334.0 1420.0
335.0 1260.0
336.0 1460.0
337.0 1460.0
338.0 1260.0
339.0 1320.0
340.0 1570.0
341.0 1480.0
342.0 1440.0
343.0 1440.0
344.0 1530.0
345.0 1360.0
346.0 1440.0
347.0 1520.0
348.0 1330.0
349.0 92.0
350.0 110.0
351.0 1010.0
352.0 1260.0
353.0 932.0
354.0 962.0
355.0 717.0
356.0 1290.0
357.0 1120.0
358.0 978.0
359.0 968.0
360.0 975.0
361.0 769.0
362.0 1050.0
363.0 1030.0
364.0 788.0
365.0 104.0
366.0 174.0
367.0 90.0
368.0 404.0
369.0 751.0
370.0 420.0
371.0 533.0
372.0 292.0
373.0 533.0
374.0 414.0
375.0 273.0
376.0 363.0
377.0 452.0
378.0 596.0
379.0 654.0
380.0 675.0
381.0 681.0
382.0 300.0
383.0 424.0
384.0 204.0
385.0 545.0
386.0 518.0
387.0 148.0
388.0 106.0
389.0 60.0
390.0 56.0
391.0 48.0
392.0 34.0
393.0 104.0
394.0 88.0
395.0 220.0
396.0 327.0
397.0 329.0
398.0 341.0
399.0 326.0
400.0 355.0
401.0 418.0
402.0 439.0
403.0 399.0
404.0 481.0
405.0 566.0
406.0 486.0
407.0 120.0
408.0 121.0
409.0 386.0
410.0 484.0
411.0 602.0
412.0 648.0
413.0 594.0
414.0 692.0
415.0 533.0
416.0 575.0
417.0 821.0
418.0 715.0
419.0 659.0
420.0 819.0
421.0 960.0
422.0 1030.0
423.0 973.0
424.0 1180.0
425.0 699.0
426.0 275.0
427.0 83.0
428.0 107.0
429.0 119.0
430.0 514.0
431.0 827.0
432.0 656.0
433.0 838.0
434.0 619.0
435.0 450.0
436.0 518.0
437.0 526.0
438.0 623.0
439.0 688.0
440.0 575.0
441.0 509.0
442.0 457.0
443.0 179.0
444.0 9.0
445.0 246.0
446.0 422.0
447.0 527.0
448.0 538.0
449.0 457.0
450.0 317.0
451.0 2.0
452.0 2.0
453.0 219.0
454.0 393.0
455.0 431.0
456.0 426.0
457.0 452.0
458.0 97.0
459.0 8.0
460.0 3.0
461.0 6.0
462.0 121.0
463.0 2.0
464.0 0.0
465.0 0.0
466.0 27.0
467.0 0.0
468.0 11.0
469.0 21.0
470.0 108.0
471.0 122.0
472.0 26.0
473.0 69.0
474.0 62.0
475.0 6.0
476.0 90.0
477.0 114.0
478.0 100.0
479.0 105.0
480.0 122.0
481.0 112.0
482.0 110.0
483.0 3.0
484.0 23.0
485.0 15.0
486.0 38.0
487.0 43.0
488.0 47.0
489.0 55.0
490.0 64.0
491.0 70.0
492.0 74.0
493.0 58.0
494.0 24.0
495.0 30.0
496.0 28.0
497.0 33.0
498.0 27.0
499.0 29.0
500.0 119.0
501.0 113.0
502.0 120.0
503.0 89.0
504.0 148.0
505.0 185.0
506.0 210.0
507.0 238.0
508.0 267.0
509.0 265.0
510.0 290.0
511.0 330.0
512.0 349.0
513.0 366.0
514.0 365.0
515.0 378.0
516.0 404.0
517.0 367.0
518.0 377.0
519.0 469.0
520.0 500.0
521.0 471.0
522.0 487.0
523.0 532.0
524.0 538.0
525.0 584.0
526.0 634.0
527.0 615.0
528.0 676.0
529.0 578.0
530.0 578.0
531.0 651.0
532.0 662.0
533.0 707.0
534.0 680.0
535.0 667.0
536.0 1030.0
537.0 954.0
538.0 883.0
539.0 769.0
540.0 608.0
541.0 821.0
542.0 835.0
543.0 315.0
544.0 3.0
545.0 35.0
546.0 44.0
547.0 51.0
548.0 93.0
549.0 106.0
550.0 141.0
551.0 617.0
552.0 782.0
553.0 724.0
554.0 786.0
555.0 822.0
556.0 774.0
557.0 759.0
558.0 852.0
559.0 842.0
560.0 809.0
561.0 745.0
562.0 905.0
563.0 997.0
564.0 981.0
565.0 955.0
566.0 835.0
567.0 1060.0
568.0 626.0
569.0 531.0
570.0 633.0
571.0 210.0
572.0 17.0
573.0 1.0
574.0 57.0
575.0 19.0
576.0 148.0
577.0 39.0
578.0 321.0
579.0 353.0
580.0 412.0
581.0 421.0
582.0 436.0
583.0 473.0
584.0 500.0
585.0 460.0
586.0 434.0
587.0 50.0
588.0 31.0
589.0 103.0
590.0 104.0
591.0 246.0
592.0 397.0
593.0 450.0
594.0 478.0
595.0 378.0
596.0 14.0
597.0 21.0
598.0 0.0
599.0 31.0
600.0 3.0
601.0 2.0
602.0 3.0
603.0 81.0
604.0 125.0
605.0 12.0
606.0 10.0
607.0 52.0
608.0 8.0
609.0 28.0
610.0 13.0
611.0 29.0
612.0 19.0
613.0 18.0
614.0 17.0
615.0 23.0
616.0 23.0
617.0 22.0
618.0 19.0
619.0 19.0
620.0 18.0
621.0 22.0
622.0 23.0
623.0 21.0
624.0 20.0
625.0 19.0
626.0 19.0
627.0 12.0
628.0 20.0
629.0 19.0
630.0 16.0
631.0 20.0
632.0 21.0
633.0 10.0
634.0 31.0
635.0 18.0
636.0 21.0
637.0 14.0
638.0 29.0
639.0 18.0
640.0 18.0
641.0 14.0
642.0 8.0
643.0 14.0
644.0 11.0
645.0 12.0
646.0 5.0
647.0 5.0
648.0 9.0
649.0 10.0
650.0 12.0
651.0 12.0
652.0 11.0
653.0 10.0
654.0 11.0
655.0 7.0
656.0 8.0
657.0 3.0
658.0 19.0
659.0 14.0
660.0 98.0
661.0 94.0
662.0 65.0
663.0 95.0
664.0 109.0
665.0 159.0
666.0 204.0
667.0 259.0
668.0 311.0
669.0 345.0
670.0 380.0
671.0 398.0
672.0 345.0
673.0 446.0
674.0 451.0
675.0 572.0
676.0 551.0
677.0 534.0
678.0 646.0
679.0 580.0
680.0 623.0
681.0 677.0
682.0 711.0
683.0 675.0
684.0 788.0
685.0 753.0
686.0 683.0
687.0 793.0
688.0 743.0
689.0 683.0
690.0 750.0
691.0 677.0
692.0 726.0
693.0 727.0
694.0 786.0
695.0 835.0
696.0 714.0
697.0 723.0
698.0 744.0
699.0 766.0
700.0 808.0
701.0 692.0
702.0 881.0
703.0 777.0
704.0 848.0
705.0 569.0
706.0 555.0
707.0 710.0
708.0 740.0
709.0 819.0
710.0 828.0
711.0 905.0
712.0 829.0
713.0 740.0
714.0 885.0
715.0 781.0
716.0 966.0
717.0 1080.0
718.0 894.0
719.0 929.0
720.0 882.0
721.0 829.0
722.0 894.0
723.0 825.0
724.0 761.0
725.0 761.0
726.0 864.0
727.0 758.0
728.0 670.0
729.0 769.0
730.0 709.0
731.0 826.0
732.0 819.0
733.0 825.0
734.0 667.0
735.0 104.0
736.0 116.0
737.0 123.0
738.0 123.0
739.0 122.0
740.0 191.0
741.0 470.0
742.0 524.0
743.0 487.0
744.0 482.0
745.0 419.0
746.0 477.0
747.0 486.0
748.0 513.0
749.0 500.0
750.0 519.0
751.0 457.0
752.0 473.0
753.0 501.0
754.0 478.0
755.0 197.0
756.0 1.0
757.0 4.0
758.0 18.0
759.0 5.0
760.0 2.0
761.0 94.0
762.0 100.0
763.0 78.0
764.0 183.0
765.0 298.0
766.0 287.0
767.0 278.0
768.0 324.0
769.0 136.0
770.0 5.0
771.0 0.0
772.0 0.0
773.0 0.0
774.0 14.0
775.0 1.0
776.0 2.0
777.0 1.0
778.0 21.0
779.0 3.0
780.0 1.0
781.0 0.0
782.0 124.0
783.0 105.0
784.0 125.0
785.0 78.0
786.0 125.0
787.0 106.0
788.0 99.0
789.0 78.0
790.0 113.0
791.0 112.0
792.0 101.0
793.0 124.0
794.0 113.0
795.0 185.0
796.0 231.0
797.0 291.0
798.0 350.0
