0.0 518.0
1.0 1130.0
2.0 1320.0
3.0 1510.0
4.0 1670.0
5.0 1670.0
6.0 1550.0
7.0 1790.0
8.0 1770.0
9.0 1770.0
10.0 1630.0
11.0 1630.0
12.0 1430.0
13.0 1610.0
14.0 1760.0
15.0 1750.0
16.0 1630.0
17.0 1730.0
18.0 1560.0
19.0 1740.0
20.0 1630.0
21.0 1730.0
22.0 1720.0
23.0 1810.0
24.0 1750.0
25.0 1690.0
26.0 1380.0
27.0 1540.0
28.0 1510.0
29.0 1330.0
30.0 1060.0
31.0 475.0
32.0 953.0
33.0 807.0
34.0 780.0
35.0 723.0
36.0 73.0
37.0 111.0
38.0 97.0
39.0 829.0
40.0 863.0
41.0 1070.0
42.0 1420.0
43.0 1430.0
44.0 1410.0
45.0 1260.0
46.0 974.0
47.0 1260.0
48.0 1290.0
49.0 1510.0
50.0 1290.0
51.0 1270.0
52.0 1490.0
53.0 1500.0
54.0 1070.0
55.0 980.0
56.0 1030.0
57.0 1220.0
58.0 661.0
59.0 88.0
60.0 91.0
61.0 124.0
62.0 120.0
63.0 119.0
64.0 863.0
65.0 1030.0
66.0 1100.0
67.0 1030.0
68.0 885.0
69.0 716.0
70.0 0.0
71.0 338.0
72.0 823.0
73.0 819.0
74.0 735.0
75.0 669.0
76.0 656.0
77.0 660.0
78.0 720.0
79.0 749.0
80.0 710.0
81.0 333.0
82.0 395.0
83.0 649.0
84.0 615.0
85.0 697.0
86.0 615.0
87.0 89.0
88.0 110.0
89.0 106.0
90.0 101.0
91.0 105.0
92.0 123.0
93.0 119.0
94.0 113.0
95.0 93.0
96.0 119.0
97.0 120.0
98.0 118.0
99.0 93.0
100.0 95.0
101.0 417.0
102.0 613.0
103.0 557.0
104.0 473.0
105.0 432.0
106.0 542.0
107.0 549.0
108.0 227.0
109.0 494.0
110.0 634.0
111.0 744.0
112.0 759.0
113.0 787.0
114.0 135.0
115.0 31.0
116.0 246.0
117.0 815.0
118.0 680.0
119.0 811.0
120.0 662.0
121.0 111.0
122.0 772.0
123.0 737.0
124.0 744.0
125.0 616.0
126.0 715.0
127.0 27.0
128.0 19.0
129.0 247.0
130.0 663.0
131.0 706.0
132.0 439.0
133.0 92.0
134.0 21.0
135.0 23.0
136.0 46.0
137.0 21.0
138.0 3.0
139.0 7.0
140.0 0.0
141.0 0.0
142.0 84.0
143.0 93.0
144.0 108.0
145.0 124.0
146.0 105.0
147.0 103.0
148.0 109.0
149.0 105.0
150.0 99.0
151.0 121.0
152.0 79.0
153.0 77.0
154.0 50.0
155.0 13.0
156.0 11.0
157.0 12.0
158.0 39.0
159.0 37.0
160.0 6.0
161.0 1.0
162.0 32.0
163.0 28.0
164.0 16.0
165.0 14.0
166.0 7.0
167.0 8.0
168.0 20.0
169.0 13.0
170.0 8.0
171.0 13.0
172.0 10.0
173.0 4.0
174.0 6.0
175.0 0.0
176.0 6.0
177.0 2.0
178.0 0.0
179.0 0.0
180.0 0.0
181.0 2.0
182.0 5.0
183.0 2.0
184.0 1.0
185.0 3.0
186.0 3.0
187.0 5.0
188.0 5.0
189.0 0.0
190.0 2.0
191.0 6.0
192.0 4.0
193.0 7.0
194.0 8.0
195.0 9.0
196.0 13.0
197.0 16.0
198.0 31.0
199.0 25.0
200.0 55.0
201.0 70.0
202.0 52.0
203.0 0.0
204.0 105.0
205.0 92.0
206.0 85.0
207.0 118.0
208.0 136.0
209.0 153.0
210.0 174.0
211.0 200.0
212.0 254.0
213.0 317.0
214.0 387.0
215.0 437.0
216.0 500.0
217.0 521.0
218.0 602.0
219.0 653.0
220.0 680.0
221.0 686.0
222.0 588.0
223.0 646.0
224.0 719.0
225.0 595.0
226.0 95.0
227.0 83.0
228.0 120.0
229.0 287.0
230.0 552.0
231.0 632.0
232.0 675.0
233.0 818.0
234.0 829.0
235.0 782.0
236.0 770.0
237.0 787.0
238.0 894.0
239.0 690.0
240.0 930.0
241.0 764.0
242.0 838.0
243.0 785.0
244.0 673.0
245.0 9.0
246.0 0.0
247.0 124.0
248.0 114.0
249.0 294.0
250.0 409.0
251.0 431.0
252.0 446.0
253.0 511.0
254.0 809.0
255.0 726.0
256.0 844.0
257.0 921.0
258.0 1000.0
259.0 1020.0
260.0 1080.0
261.0 1060.0
262.0 1040.0
263.0 1030.0
264.0 993.0
265.0 1000.0
266.0 1400.0
267.0 1350.0
268.0 857.0
269.0 1040.0
270.0 1190.0
271.0 1190.0
272.0 746.0
273.0 1180.0
274.0 956.0
275.0 968.0
276.0 993.0
277.0 1110.0
278.0 1240.0
279.0 1040.0
280.0 1230.0
281.0 1240.0
282.0 1160.0
283.0 1080.0
284.0 916.0
285.0 1270.0
286.0 1600.0
287.0 874.0
288.0 1580.0
289.0 1590.0
290.0 1030.0
291.0 933.0
292.0 880.0
293.0 1020.0
294.0 31.0
295.0 0.0
296.0 116.0
297.0 94.0
298.0 99.0
299.0 388.0
300.0 500.0
301.0 437.0
302.0 553.0
303.0 585.0
304.0 947.0
305.0 1130.0
306.0 923.0
307.0 1170.0
308.0 1190.0
309.0 1230.0
310.0 1150.0
311.0 782.0
312.0 1070.0
313.0 1240.0
314.0 1120.0
315.0 1390.0
316.0 1080.0
317.0 1120.0
318.0 1010.0
319.0 1410.0
320.0 1150.0
321.0 1490.0
322.0 1430.0
323.0 829.0
324.0 1540.0
325.0 1310.0
326.0 1390.0
327.0 1280.0
328.0 1230.0
329.0 1470.0
330.0 1500.0
331.0 1300.0
332.0 1360.0
333.0 1180.0
334.0 1280.0
335.0 1360.0
336.0 782.0
337.0 1300.0
338.0 1480.0
339.0 1390.0
340.0 1420.0
341.0 1480.0
342.0 922.0
343.0 1310.0
344.0 1240.0
345.0 1420.0
346.0 1240.0
347.0 1140.0
348.0 1570.0
349.0 1410.0
350.0 1170.0
351.0 1520.0
352.0 1490.0
353.0 1490.0
354.0 1690.0
355.0 1180.0
356.0 1740.0
357.0 1590.0
358.0 1560.0
359.0 1520.0
360.0 1180.0
361.0 1370.0
362.0 1730.0
363.0 1610.0
364.0 1700.0
365.0 1690.0
366.0 1630.0
367.0 1270.0
368.0 1540.0
369.0 1380.0
370.0 1330.0
371.0 1080.0
372.0 1710.0
373.0 1580.0
374.0 1620.0
375.0 1270.0
376.0 1510.0
377.0 762.0
378.0 1170.0
379.0 1300.0
380.0 1240.0
381.0 1630.0
382.0 1200.0
383.0 1040.0
384.0 1410.0
385.0 1250.0
386.0 1300.0
387.0 1290.0
388.0 1330.0
389.0 1150.0
390.0 1140.0
391.0 992.0
392.0 1170.0
393.0 1090.0
394.0 1040.0
395.0 1040.0
396.0 712.0
397.0 697.0
398.0 924.0
399.0 933.0
400.0 31.0
401.0 9.0
402.0 0.0
403.0 136.0
404.0 290.0
405.0 348.0
406.0 17.0
407.0 117.0
408.0 80.0
409.0 108.0
410.0 118.0
411.0 118.0
412.0 229.0
413.0 564.0
414.0 606.0
415.0 696.0
416.0 495.0
417.0 620.0
418.0 852.0
419.0 891.0
420.0 725.0
421.0 714.0
422.0 876.0
423.0 774.0
424.0 847.0
425.0 772.0
426.0 796.0
427.0 1010.0
428.0 892.0
429.0 856.0
430.0 952.0
431.0 988.0
432.0 926.0
433.0 976.0
434.0 1030.0
435.0 1010.0
436.0 1020.0
437.0 1140.0
438.0 1130.0
439.0 1100.0
440.0 1120.0
441.0 1020.0
442.0 904.0
443.0 784.0
444.0 949.0
445.0 1130.0
446.0 995.0
447.0 1010.0
448.0 1120.0
449.0 1160.0
450.0 1030.0
451.0 1110.0
452.0 989.0
453.0 1160.0
454.0 1070.0
455.0 1050.0
456.0 897.0
457.0 860.0
458.0 875.0
459.0 821.0
460.0 727.0
461.0 614.0
462.0 659.0
463.0 790.0
464.0 795.0
465.0 960.0
466.0 885.0
467.0 751.0
468.0 858.0
469.0 743.0
470.0 966.0
471.0 777.0
472.0 1090.0
473.0 944.0
474.0 1020.0
475.0 968.0
476.0 1120.0
477.0 975.0
478.0 814.0
479.0 708.0
480.0 835.0
481.0 728.0
482.0 692.0
483.0 771.0
484.0 673.0
485.0 740.0
486.0 752.0
487.0 757.0
488.0 709.0
489.0 698.0
490.0 734.0
491.0 615.0
492.0 670.0
493.0 730.0
494.0 701.0
495.0 1050.0
496.0 900.0
497.0 966.0
498.0 897.0
499.0 766.0
500.0 883.0
501.0 763.0
502.0 658.0
503.0 659.0
504.0 384.0
505.0 293.0
506.0 700.0
507.0 834.0
508.0 637.0
509.0 473.0
510.0 7.0
511.0 11.0
512.0 79.0
513.0 63.0
514.0 125.0
515.0 222.0
516.0 120.0
517.0 236.0
518.0 263.0
519.0 53.0
520.0 115.0
521.0 121.0
522.0 114.0
523.0 89.0
524.0 109.0
525.0 103.0
526.0 94.0
527.0 119.0
528.0 123.0
529.0 93.0
530.0 106.0
531.0 113.0
532.0 93.0
533.0 122.0
534.0 95.0
535.0 81.0
536.0 84.0
537.0 92.0
538.0 112.0
539.0 87.0
540.0 100.0
541.0 111.0
542.0 107.0
543.0 84.0
544.0 106.0
545.0 111.0
546.0 118.0
547.0 88.0
548.0 101.0
549.0 106.0
550.0 109.0
551.0 105.0
552.0 92.0
553.0 97.0
554.0 119.0
555.0 122.0
556.0 120.0
557.0 125.0
558.0 97.0
559.0 112.0
560.0 107.0
561.0 119.0
562.0 91.0
563.0 112.0
564.0 102.0
565.0 114.0
566.0 86.0
567.0 112.0
568.0 119.0
569.0 115.0
570.0 100.0
571.0 117.0
572.0 124.0
573.0 116.0
574.0 117.0
575.0 120.0
576.0 91.0
577.0 102.0
578.0 124.0
579.0 125.0
580.0 104.0
581.0 111.0
582.0 96.0
583.0 116.0
584.0 84.0
585.0 120.0
586.0 93.0
587.0 116.0
588.0 115.0
589.0 94.0
590.0 118.0
591.0 120.0
592.0 121.0
593.0 117.0
594.0 89.0
595.0 98.0
596.0 116.0
597.0 85.0
598.0 122.0
599.0 99.0
600.0 104.0
601.0 107.0
602.0 122.0
603.0 125.0
604.0 91.0
605.0 113.0
606.0 123.0
607.0 90.0
608.0 123.0
609.0 106.0
610.0 114.0
611.0 108.0
612.0 114.0
613.0 115.0
614.0 125.0
615.0 103.0
616.0 107.0
617.0 125.0
618.0 119.0
619.0 98.0
620.0 113.0
621.0 106.0
622.0 94.0
623.0 114.0
624.0 90.0
625.0 125.0
626.0 110.0
627.0 114.0
628.0 104.0
629.0 94.0
630.0 113.0
631.0 104.0
632.0 123.0
633.0 111.0
634.0 123.0
635.0 121.0
636.0 95.0
637.0 122.0
638.0 111.0
639.0 112.0
640.0 107.0
641.0 191.0
642.0 371.0
643.0 368.0
644.0 415.0
645.0 409.0
646.0 403.0
647.0 445.0
648.0 466.0
649.0 491.0
650.0 535.0
651.0 561.0
652.0 533.0
653.0 636.0
654.0 661.0
655.0 708.0
656.0 736.0
657.0 732.0
658.0 795.0
659.0 879.0
660.0 852.0
661.0 900.0
662.0 874.0
663.0 1030.0
664.0 1000.0
665.0 983.0
666.0 920.0
667.0 837.0
668.0 810.0
669.0 841.0
670.0 769.0
671.0 523.0
672.0 661.0
673.0 765.0
674.0 858.0
675.0 500.0
676.0 194.0
677.0 14.0
678.0 104.0
679.0 125.0
680.0 195.0
681.0 434.0
682.0 523.0
683.0 509.0
684.0 441.0
685.0 439.0
686.0 429.0
687.0 478.0
688.0 566.0
689.0 409.0
690.0 63.0
691.0 11.0
692.0 115.0
693.0 121.0
694.0 36.0
695.0 64.0
696.0 23.0
697.0 0.0
698.0 48.0
699.0 0.0
700.0 0.0
701.0 0.0
702.0 110.0
703.0 118.0
704.0 102.0
705.0 107.0
706.0 119.0
707.0 109.0
708.0 121.0
709.0 114.0
710.0 86.0
711.0 87.0
712.0 89.0
713.0 209.0
714.0 327.0
715.0 467.0
716.0 256.0
717.0 352.0
718.0 127.0
719.0 0.0
720.0 0.0
721.0 2.0
722.0 3.0
723.0 86.0
724.0 99.0
725.0 95.0
726.0 78.0
727.0 146.0
728.0 326.0
729.0 398.0
730.0 543.0
731.0 231.0
732.0 419.0
733.0 526.0
734.0 580.0
735.0 524.0
736.0 423.0
737.0 349.0
738.0 603.0
739.0 439.0
740.0 321.0
741.0 25.0
742.0 0.0
743.0 0.0
744.0 0.0
745.0 96.0
746.0 116.0
747.0 88.0
748.0 93.0
749.0 96.0
750.0 122.0
751.0 91.0
752.0 116.0
753.0 115.0
754.0 81.0
755.0 116.0
756.0 113.0
757.0 98.0
758.0 124.0
759.0 120.0
760.0 105.0
761.0 111.0
762.0 124.0
763.0 122.0
764.0 118.0
765.0 96.0
766.0 114.0
767.0 125.0
768.0 100.0
769.0 80.0
770.0 116.0
771.0 93.0
772.0 107.0
773.0 77.0
774.0 116.0
775.0 108.0
776.0 103.0
777.0 95.0
778.0 123.0
779.0 123.0
780.0 78.0
781.0 118.0
782.0 100.0
783.0 108.0
784.0 90.0
785.0 106.0
786.0 109.0
787.0 113.0
788.0 124.0
789.0 118.0
790.0 112.0
791.0 122.0
792.0 90.0
793.0 119.0
794.0 114.0
795.0 101.0
796.0 92.0
797.0 120.0
798.0 100.0
