0.0 113.0
1.0 101.0
2.0 111.0
3.0 121.0
4.0 98.0
5.0 99.0
6.0 84.0
7.0 111.0
8.0 121.0
9.0 125.0
10.0 99.0
11.0 99.0
12.0 101.0
13.0 101.0
14.0 118.0
15.0 103.0
16.0 94.0
17.0 85.0
18.0 97.0
19.0 125.0
20.0 120.0
21.0 105.0
22.0 119.0
23.0 117.0
24.0 105.0
25.0 119.0
26.0 110.0
27.0 90.0
28.0 121.0
29.0 99.0
30.0 113.0
31.0 30.0
32.0 38.0
33.0 44.0
34.0 52.0
35.0 54.0
36.0 53.0
37.0 63.0
38.0 66.0
39.0 101.0
40.0 139.0
41.0 126.0
42.0 215.0
43.0 304.0
44.0 332.0
45.0 428.0
46.0 399.0
47.0 364.0
48.0 498.0
49.0 576.0
50.0 456.0
51.0 664.0
52.0 627.0
53.0 649.0
54.0 752.0
55.0 759.0
56.0 780.0
57.0 626.0
58.0 767.0
59.0 960.0
60.0 708.0
61.0 939.0
62.0 910.0
63.0 616.0
64.0 597.0
65.0 621.0
66.0 680.0
67.0 634.0
68.0 623.0
69.0 568.0
70.0 644.0
71.0 750.0
72.0 607.0
73.0 622.0
74.0 656.0
75.0 664.0
76.0 771.0
77.0 846.0
78.0 770.0
79.0 825.0
80.0 1050.0
81.0 802.0
82.0 662.0
83.0 826.0
84.0 941.0
85.0 999.0
86.0 785.0
87.0 797.0
88.0 1010.0
89.0 1000.0
90.0 895.0
91.0 891.0
92.0 983.0
93.0 1120.0
94.0 996.0
95.0 820.0
96.0 891.0
97.0 962.0
98.0 649.0
99.0 820.0
100.0 713.0
101.0 797.0
102.0 793.0
103.0 722.0
104.0 761.0
105.0 740.0
106.0 780.0
107.0 956.0
108.0 1010.0
109.0 1120.0
110.0 1070.0
111.0 1100.0
112.0 942.0
113.0 1020.0
114.0 793.0
115.0 964.0
116.0 1200.0
117.0 1170.0
118.0 1240.0
119.0 690.0
120.0 718.0
121.0 544.0
122.0 716.0
123.0 847.0
124.0 823.0
125.0 816.0
126.0 970.0
127.0 1130.0
128.0 906.0
129.0 935.0
130.0 1010.0
131.0 657.0
132.0 872.0
133.0 766.0
134.0 792.0
135.0 698.0
136.0 482.0
137.0 10.0
138.0 7.0
139.0 8.0
140.0 1.0
141.0 21.0
142.0 7.0
143.0 21.0
144.0 14.0
145.0 9.0
146.0 27.0
147.0 17.0
148.0 14.0
149.0 9.0
150.0 90.0
151.0 111.0
152.0 101.0
153.0 143.0
154.0 170.0
155.0 251.0
156.0 277.0
157.0 429.0
158.0 427.0
159.0 425.0
160.0 471.0
161.0 480.0
162.0 583.0
163.0 766.0
164.0 667.0
165.0 786.0
166.0 760.0
167.0 900.0
168.0 1000.0
169.0 1090.0
170.0 981.0
171.0 1060.0
172.0 1310.0
173.0 1460.0
174.0 1670.0
175.0 1620.0
176.0 1590.0
177.0 1440.0
178.0 1210.0
179.0 1310.0
180.0 1400.0
181.0 1370.0
182.0 1570.0
183.0 1400.0
184.0 1570.0
185.0 1530.0
186.0 1710.0
187.0 1560.0
188.0 1700.0
189.0 1590.0
190.0 1660.0
191.0 1660.0
192.0 1680.0
193.0 1800.0
194.0 1510.0
195.0 1710.0
196.0 1750.0
197.0 1750.0
198.0 1560.0
199.0 1770.0
200.0 1790.0
201.0 1710.0
202.0 1740.0
203.0 1740.0
204.0 1340.0
205.0 1530.0
206.0 1610.0
207.0 1540.0
208.0 1190.0
209.0 1650.0
210.0 1380.0
211.0 1650.0
212.0 949.0
213.0 258.0
214.0 27.0
215.0 2.0
216.0 14.0
217.0 109.0
218.0 102.0
219.0 775.0
220.0 861.0
221.0 1230.0
222.0 1180.0
223.0 1270.0
224.0 1510.0
225.0 1520.0
226.0 1560.0
227.0 1560.0
228.0 1590.0
229.0 1550.0
230.0 1580.0
231.0 1560.0
232.0 1670.0
233.0 1740.0
234.0 1750.0
235.0 1530.0
236.0 1390.0
237.0 1220.0
238.0 917.0
239.0 473.0
240.0 622.0
241.0 526.0
242.0 644.0
243.0 838.0
244.0 684.0
245.0 642.0
246.0 322.0
247.0 9.0
248.0 46.0
249.0 79.0
250.0 108.0
251.0 262.0
252.0 187.0
253.0 305.0
254.0 279.0
255.0 356.0
256.0 412.0
257.0 413.0
258.0 439.0
259.0 362.0
260.0 415.0
261.0 305.0
262.0 281.0
263.0 581.0
264.0 569.0
265.0 378.0
266.0 48.0
267.0 8.0
268.0 31.0
269.0 65.0
270.0 69.0
271.0 28.0
272.0 112.0
273.0 115.0
274.0 135.0
275.0 341.0
276.0 328.0
277.0 398.0
278.0 435.0
279.0 374.0
280.0 386.0
281.0 432.0
282.0 502.0
283.0 544.0
284.0 617.0
285.0 663.0
286.0 624.0
287.0 821.0
288.0 780.0
289.0 1210.0
290.0 1280.0
291.0 1260.0
292.0 1320.0
293.0 1670.0
294.0 1580.0
295.0 1710.0
296.0 1590.0
297.0 1570.0
298.0 1540.0
299.0 1500.0
300.0 1790.0
301.0 1470.0
302.0 1630.0
303.0 1450.0
304.0 1550.0
305.0 1430.0
306.0 1110.0
307.0 164.0
308.0 599.0
309.0 900.0
310.0 87.0
311.0 80.0
312.0 119.0
313.0 52.0
314.0 928.0
315.0 1030.0
316.0 908.0
317.0 875.0
318.0 461.0
319.0 0.0
320.0 78.0
321.0 117.0
322.0 124.0
323.0 177.0
324.0 355.0
325.0 374.0
326.0 388.0
327.0 404.0
328.0 550.0
329.0 389.0
330.0 459.0
331.0 14.0
332.0 93.0
333.0 121.0
334.0 116.0
335.0 268.0
336.0 336.0
337.0 43.0
338.0 2.0
339.0 119.0
340.0 111.0
341.0 157.0
342.0 620.0
343.0 860.0
344.0 577.0
345.0 427.0
346.0 488.0
347.0 580.0
348.0 500.0
349.0 601.0
350.0 631.0
351.0 589.0
352.0 651.0
353.0 655.0
354.0 758.0
355.0 642.0
356.0 637.0
357.0 781.0
358.0 539.0
359.0 954.0
360.0 891.0
361.0 798.0
362.0 1000.0
363.0 773.0
364.0 899.0
365.0 962.0
366.0 798.0
367.0 636.0
368.0 761.0
369.0 864.0
370.0 778.0
371.0 656.0
372.0 708.0
373.0 665.0
374.0 710.0
375.0 1010.0
376.0 799.0
377.0 739.0
378.0 806.0
379.0 845.0
380.0 916.0
381.0 670.0
382.0 774.0
383.0 694.0
384.0 879.0
385.0 1210.0
386.0 1010.0
387.0 651.0
388.0 748.0
389.0 672.0
390.0 622.0
391.0 737.0
392.0 759.0
393.0 968.0
394.0 885.0
395.0 874.0
396.0 797.0
397.0 851.0
398.0 867.0
399.0 850.0
400.0 749.0
401.0 944.0
402.0 948.0
403.0 714.0
404.0 664.0
405.0 930.0
406.0 739.0
407.0 744.0
408.0 800.0
409.0 797.0
410.0 847.0
411.0 675.0
412.0 711.0
413.0 712.0
414.0 707.0
415.0 678.0
416.0 627.0
417.0 663.0
418.0 908.0
419.0 1130.0
420.0 1090.0
421.0 1140.0
422.0 1410.0
423.0 1490.0
424.0 931.0
425.0 1490.0
426.0 1560.0
427.0 1210.0
428.0 1300.0
429.0 1200.0
430.0 1010.0
431.0 391.0
432.0 9.0
433.0 87.0
434.0 115.0
435.0 113.0
436.0 122.0
437.0 80.0
438.0 307.0
439.0 713.0
440.0 603.0
441.0 563.0
442.0 2.0
443.0 227.0
444.0 717.0
445.0 120.0
446.0 648.0
447.0 1050.0
448.0 754.0
449.0 800.0
450.0 967.0
451.0 923.0
452.0 1110.0
453.0 1110.0
454.0 959.0
455.0 964.0
456.0 949.0
457.0 1070.0
458.0 1170.0
459.0 1280.0
460.0 1330.0
461.0 1060.0
462.0 1250.0
463.0 1160.0
464.0 1110.0
465.0 1330.0
466.0 1300.0
467.0 1350.0
468.0 1440.0
469.0 1310.0
470.0 1220.0
471.0 1460.0
472.0 1200.0
473.0 996.0
474.0 1450.0
475.0 1390.0
476.0 1140.0
477.0 1460.0
478.0 1480.0
479.0 1690.0
480.0 1380.0
481.0 1550.0
482.0 1350.0
483.0 1210.0
484.0 866.0
485.0 882.0
486.0 1390.0
487.0 1280.0
488.0 1340.0
489.0 1710.0
490.0 1540.0
491.0 1790.0
492.0 1540.0
493.0 979.0
494.0 1360.0
495.0 1270.0
496.0 1700.0
497.0 1750.0
498.0 1680.0
499.0 1640.0
500.0 1610.0
501.0 1740.0
502.0 1460.0
503.0 1670.0
504.0 1430.0
505.0 1410.0
506.0 1630.0
507.0 1560.0
508.0 1630.0
509.0 1550.0
510.0 1430.0
511.0 1100.0
512.0 1290.0
513.0 1390.0
514.0 1180.0
515.0 1070.0
516.0 957.0
517.0 937.0
518.0 636.0
519.0 506.0
520.0 1130.0
521.0 970.0
522.0 1090.0
523.0 982.0
524.0 1260.0
525.0 1270.0
526.0 1200.0
527.0 1070.0
528.0 1070.0
529.0 1100.0
530.0 834.0
531.0 807.0
532.0 843.0
533.0 707.0
534.0 304.0
535.0 439.0
536.0 700.0
537.0 429.0
538.0 605.0
539.0 387.0
540.0 95.0
541.0 99.0
542.0 96.0
543.0 124.0
544.0 90.0
545.0 110.0
546.0 123.0
547.0 120.0
548.0 121.0
549.0 124.0
550.0 96.0
551.0 107.0
552.0 107.0
553.0 120.0
554.0 88.0
555.0 102.0
556.0 89.0
557.0 125.0
558.0 105.0
559.0 110.0
560.0 92.0
561.0 99.0
562.0 122.0
563.0 116.0
564.0 105.0
565.0 121.0
566.0 98.0
567.0 117.0
568.0 101.0
569.0 114.0
570.0 103.0
571.0 112.0
572.0 91.0
573.0 122.0
574.0 100.0
575.0 106.0
576.0 99.0
577.0 112.0
578.0 109.0
579.0 85.0
580.0 125.0
581.0 103.0
582.0 116.0
583.0 95.0
584.0 114.0
585.0 94.0
586.0 97.0
587.0 103.0
588.0 97.0
589.0 113.0
590.0 119.0
591.0 115.0
592.0 120.0
593.0 123.0
594.0 102.0
595.0 99.0
596.0 125.0
597.0 124.0
598.0 82.0
599.0 120.0
600.0 89.0
601.0 97.0
602.0 103.0
603.0 125.0
604.0 84.0
605.0 124.0
606.0 98.0
607.0 108.0
608.0 107.0
609.0 102.0
610.0 107.0
611.0 95.0
612.0 113.0
613.0 123.0
614.0 107.0
615.0 118.0
616.0 117.0
617.0 125.0
618.0 92.0
619.0 87.0
620.0 104.0
621.0 116.0
622.0 95.0
623.0 106.0
624.0 123.0
625.0 123.0
626.0 124.0
627.0 111.0
628.0 90.0
629.0 104.0
630.0 87.0
631.0 124.0
632.0 125.0
633.0 113.0
634.0 125.0
635.0 124.0
636.0 109.0
637.0 117.0
638.0 407.0
639.0 519.0
640.0 500.0
641.0 530.0
642.0 514.0
643.0 490.0
644.0 540.0
645.0 308.0
646.0 570.0
647.0 595.0
648.0 768.0
649.0 871.0
650.0 986.0
651.0 955.0
652.0 991.0
653.0 1160.0
654.0 1140.0
655.0 1240.0
656.0 1320.0
657.0 1250.0
658.0 1410.0
659.0 1310.0
660.0 1500.0
661.0 1530.0
662.0 1430.0
663.0 1000.0
664.0 1540.0
665.0 1550.0
666.0 1630.0
667.0 1180.0
668.0 1090.0
669.0 1210.0
670.0 1370.0
671.0 1390.0
672.0 1360.0
673.0 1330.0
674.0 1010.0
675.0 914.0
676.0 1000.0
677.0 809.0
678.0 1140.0
679.0 921.0
680.0 833.0
681.0 772.0
682.0 687.0
683.0 592.0
684.0 365.0
685.0 121.0
686.0 1.0
687.0 4.0
688.0 0.0
689.0 70.0
690.0 10.0
691.0 44.0
692.0 125.0
693.0 125.0
694.0 109.0
695.0 117.0
696.0 124.0
697.0 125.0
698.0 83.0
699.0 62.0
700.0 82.0
701.0 126.0
702.0 169.0
703.0 72.0
704.0 11.0
705.0 23.0
706.0 7.0
707.0 23.0
708.0 17.0
709.0 81.0
710.0 114.0
711.0 55.0
712.0 10.0
713.0 8.0
714.0 15.0
715.0 27.0
716.0 21.0
717.0 100.0
718.0 122.0
719.0 122.0
720.0 121.0
721.0 109.0
722.0 117.0
723.0 112.0
724.0 92.0
725.0 117.0
726.0 112.0
727.0 81.0
728.0 23.0
729.0 31.0
730.0 44.0
731.0 49.0
732.0 55.0
733.0 55.0
734.0 93.0
735.0 120.0
736.0 165.0
737.0 221.0
738.0 303.0
739.0 346.0
740.0 378.0
741.0 384.0
742.0 379.0
743.0 440.0
744.0 428.0
745.0 358.0
746.0 5.0
747.0 4.0
748.0 117.0
749.0 120.0
750.0 89.0
751.0 117.0
752.0 100.0
753.0 93.0
754.0 117.0
755.0 117.0
756.0 114.0
757.0 85.0
758.0 103.0
759.0 101.0
760.0 120.0
761.0 119.0
762.0 120.0
763.0 125.0
764.0 115.0
765.0 111.0
766.0 109.0
767.0 100.0
768.0 119.0
769.0 98.0
770.0 106.0
771.0 117.0
772.0 125.0
773.0 107.0
774.0 109.0
775.0 96.0
776.0 118.0
777.0 91.0
778.0 124.0
779.0 92.0
780.0 91.0
781.0 113.0
782.0 91.0
783.0 101.0
784.0 113.0
785.0 107.0
786.0 100.0
787.0 117.0
788.0 106.0
789.0 87.0
790.0 114.0
791.0 121.0
792.0 104.0
793.0 98.0
794.0 107.0
795.0 110.0
