0.0 64.0
1.0 162.0
2.0 297.0
3.0 359.0
4.0 435.0
5.0 507.0
6.0 556.0
7.0 587.0
8.0 650.0
9.0 744.0
10.0 949.0
11.0 1100.0
12.0 1160.0
13.0 1290.0
14.0 1530.0
15.0 1480.0
16.0 1530.0
17.0 1770.0
18.0 1770.0
19.0 1700.0
20.0 1680.0
21.0 1800.0
22.0 1790.0
23.0 1770.0
24.0 1840.0
25.0 1860.0
26.0 1840.0
27.0 1720.0
28.0 1440.0
29.0 1540.0
30.0 1510.0
31.0 1340.0
32.0 901.0
33.0 375.0
34.0 1240.0
35.0 979.0
36.0 563.0
37.0 79.0
38.0 180.0
39.0 119.0
40.0 167.0
41.0 93.0
42.0 228.0
43.0 419.0
44.0 272.0
45.0 117.0
46.0 256.0
47.0 420.0
48.0 374.0
49.0 260.0
50.0 385.0
51.0 396.0
52.0 397.0
53.0 549.0
54.0 402.0
55.0 195.0
56.0 109.0
57.0 290.0
58.0 469.0
59.0 410.0
60.0 468.0
61.0 362.0
62.0 515.0
63.0 438.0
64.0 397.0
65.0 532.0
66.0 587.0
67.0 578.0
68.0 622.0
69.0 682.0
70.0 334.0
71.0 627.0
72.0 593.0
73.0 594.0
74.0 709.0
75.0 757.0
76.0 791.0
77.0 689.0
78.0 758.0
79.0 698.0
80.0 142.0
81.0 659.0
82.0 167.0
83.0 12.0
84.0 1.0
85.0 26.0
86.0 48.0
87.0 0.0
88.0 118.0
89.0 123.0
90.0 81.0
91.0 93.0
92.0 125.0
93.0 106.0
94.0 123.0
95.0 95.0
96.0 114.0
97.0 108.0
98.0 114.0
99.0 116.0
100.0 714.0
101.0 715.0
102.0 950.0
103.0 991.0
104.0 1220.0
105.0 962.0
106.0 684.0
107.0 522.0
108.0 754.0
109.0 639.0
110.0 731.0
111.0 786.0
112.0 969.0
113.0 866.0
114.0 683.0
115.0 835.0
116.0 893.0
117.0 945.0
118.0 1100.0
119.0 928.0
120.0 820.0
121.0 844.0
122.0 856.0
123.0 748.0
124.0 852.0
125.0 776.0
126.0 740.0
127.0 181.0
128.0 694.0
129.0 852.0
130.0 715.0
131.0 788.0
132.0 403.0
133.0 648.0
134.0 651.0
135.0 798.0
136.0 769.0
137.0 555.0
138.0 358.0
139.0 3.0
140.0 114.0
141.0 84.0
142.0 453.0
143.0 1160.0
144.0 639.0
145.0 122.0
146.0 86.0
147.0 242.0
148.0 494.0
149.0 742.0
150.0 530.0
151.0 690.0
152.0 732.0
153.0 803.0
154.0 646.0
155.0 319.0
156.0 85.0
157.0 120.0
158.0 108.0
159.0 269.0
160.0 384.0
161.0 382.0
162.0 658.0
163.0 565.0
164.0 547.0
165.0 697.0
166.0 793.0
167.0 722.0
168.0 695.0
169.0 678.0
170.0 819.0
171.0 963.0
172.0 926.0
173.0 974.0
174.0 1200.0
175.0 1360.0
176.0 1470.0
177.0 1550.0
178.0 1340.0
179.0 1600.0
180.0 1460.0
181.0 1590.0
182.0 1700.0
183.0 1650.0
184.0 1710.0
185.0 1780.0
186.0 1700.0
187.0 1720.0
188.0 1570.0
189.0 1650.0
190.0 1340.0
191.0 1550.0
192.0 1610.0
193.0 1380.0
194.0 1690.0
195.0 1310.0
196.0 1600.0
197.0 1520.0
198.0 1700.0
199.0 1620.0
200.0 1680.0
201.0 1450.0
202.0 1230.0
203.0 574.0
204.0 135.0
205.0 157.0
206.0 108.0
207.0 77.0
208.0 91.0
209.0 509.0
210.0 1060.0
211.0 909.0
212.0 986.0
213.0 982.0
214.0 1040.0
215.0 1050.0
216.0 1000.0
217.0 1170.0
218.0 1200.0
219.0 988.0
220.0 1120.0
221.0 1160.0
222.0 1090.0
223.0 1150.0
224.0 223.0
225.0 93.0
226.0 110.0
227.0 924.0
228.0 1040.0
229.0 1340.0
230.0 1330.0
231.0 1310.0
232.0 1130.0
233.0 1270.0
234.0 1300.0
235.0 1400.0
236.0 1420.0
237.0 1410.0
238.0 1400.0
239.0 1250.0
240.0 1290.0
241.0 1360.0
242.0 1350.0
243.0 1370.0
244.0 1210.0
245.0 1410.0
246.0 949.0
247.0 259.0
248.0 83.0
249.0 101.0
250.0 111.0
251.0 114.0
252.0 125.0
253.0 383.0
254.0 433.0
255.0 443.0
256.0 474.0
257.0 532.0
258.0 579.0
259.0 711.0
260.0 636.0
261.0 716.0
262.0 720.0
263.0 970.0
264.0 893.0
265.0 1110.0
266.0 1250.0
267.0 1260.0
268.0 1490.0
269.0 1370.0
270.0 1080.0
271.0 1420.0
272.0 1280.0
273.0 1280.0
274.0 1160.0
275.0 1200.0
276.0 1160.0
277.0 1070.0
278.0 1320.0
279.0 1210.0
280.0 1160.0
281.0 1130.0
282.0 1260.0
283.0 1080.0
284.0 1160.0
285.0 1170.0
286.0 1120.0
287.0 1130.0
288.0 1170.0
289.0 1270.0
290.0 1240.0
291.0 1080.0
292.0 1330.0
293.0 1340.0
294.0 1370.0
295.0 1470.0
296.0 1530.0
297.0 1180.0
298.0 872.0
299.0 897.0
300.0 1000.0
301.0 923.0
302.0 681.0
303.0 618.0
304.0 813.0
305.0 617.0
306.0 832.0
307.0 640.0
308.0 711.0
309.0 953.0
310.0 1050.0
311.0 911.0
312.0 771.0
313.0 797.0
314.0 653.0
315.0 330.0
316.0 112.0
317.0 117.0
318.0 578.0
319.0 891.0
320.0 1070.0
321.0 1230.0
322.0 1240.0
323.0 1140.0
324.0 1330.0
325.0 1420.0
326.0 1330.0
327.0 1420.0
328.0 1240.0
329.0 1250.0
330.0 898.0
331.0 650.0
332.0 195.0
333.0 813.0
334.0 932.0
335.0 1090.0
336.0 1220.0
337.0 1280.0
338.0 1210.0
339.0 1090.0
340.0 908.0
341.0 1110.0
342.0 840.0
343.0 300.0
344.0 1000.0
345.0 1110.0
346.0 721.0
347.0 662.0
348.0 823.0
349.0 936.0
350.0 990.0
351.0 929.0
352.0 828.0
353.0 1080.0
354.0 1020.0
355.0 1120.0
356.0 923.0
357.0 1100.0
358.0 1200.0
359.0 992.0
360.0 915.0
361.0 1150.0
362.0 1250.0
363.0 1170.0
364.0 1640.0
365.0 1780.0
366.0 1480.0
367.0 1740.0
368.0 1560.0
369.0 1610.0
370.0 1630.0
371.0 1670.0
372.0 1740.0
373.0 1660.0
374.0 1640.0
375.0 1700.0
376.0 1730.0
377.0 1730.0
378.0 1690.0
379.0 1760.0
380.0 1650.0
381.0 1780.0
382.0 1820.0
383.0 1810.0
384.0 1800.0
385.0 1720.0
386.0 1790.0
387.0 1790.0
388.0 1700.0
389.0 1630.0
390.0 1310.0
391.0 1560.0
392.0 1800.0
393.0 1540.0
394.0 648.0
395.0 91.0
396.0 108.0
397.0 1040.0
398.0 1060.0
399.0 998.0
400.0 1290.0
401.0 1320.0
402.0 1440.0
403.0 1250.0
404.0 878.0
405.0 1090.0
406.0 1060.0
407.0 1030.0
408.0 1190.0
409.0 1090.0
410.0 1220.0
411.0 701.0
412.0 388.0
413.0 933.0
414.0 1030.0
415.0 476.0
416.0 373.0
417.0 34.0
418.0 18.0
419.0 80.0
420.0 114.0
421.0 119.0
422.0 100.0
423.0 360.0
424.0 320.0
425.0 248.0
426.0 516.0
427.0 326.0
428.0 281.0
429.0 330.0
430.0 199.0
431.0 279.0
432.0 406.0
433.0 445.0
434.0 452.0
435.0 456.0
436.0 465.0
437.0 466.0
438.0 426.0
439.0 464.0
440.0 487.0
441.0 505.0
442.0 518.0
443.0 619.0
444.0 630.0
445.0 606.0
446.0 638.0
447.0 733.0
448.0 732.0
449.0 755.0
450.0 657.0
451.0 755.0
452.0 358.0
453.0 88.0
454.0 105.0
455.0 603.0
456.0 637.0
457.0 677.0
458.0 677.0
459.0 680.0
460.0 681.0
461.0 621.0
462.0 701.0
463.0 745.0
464.0 738.0
465.0 707.0
466.0 674.0
467.0 773.0
468.0 661.0
469.0 774.0
470.0 762.0
471.0 699.0
472.0 841.0
473.0 908.0
474.0 928.0
475.0 825.0
476.0 750.0
477.0 1020.0
478.0 779.0
479.0 776.0
480.0 979.0
481.0 1150.0
482.0 834.0
483.0 1130.0
484.0 1130.0
485.0 1020.0
486.0 1110.0
487.0 937.0
488.0 1020.0
489.0 1100.0
490.0 1050.0
491.0 1050.0
492.0 898.0
493.0 931.0
494.0 1130.0
495.0 1100.0
496.0 1170.0
497.0 1130.0
498.0 1060.0
499.0 900.0
500.0 1080.0
501.0 947.0
502.0 1050.0
503.0 847.0
504.0 1080.0
505.0 927.0
506.0 824.0
507.0 855.0
508.0 909.0
509.0 973.0
510.0 742.0
511.0 832.0
512.0 578.0
513.0 123.0
514.0 121.0
515.0 847.0
516.0 926.0
517.0 896.0
518.0 889.0
519.0 850.0
520.0 774.0
521.0 925.0
522.0 1000.0
523.0 954.0
524.0 879.0
525.0 849.0
526.0 496.0
527.0 100.0
528.0 124.0
529.0 750.0
530.0 836.0
531.0 847.0
532.0 718.0
533.0 851.0
534.0 791.0
535.0 828.0
536.0 870.0
537.0 876.0
538.0 930.0
539.0 1000.0
540.0 947.0
541.0 969.0
542.0 842.0
543.0 796.0
544.0 850.0
545.0 833.0
546.0 815.0
547.0 862.0
548.0 728.0
549.0 549.0
550.0 701.0
551.0 561.0
552.0 473.0
553.0 668.0
554.0 658.0
555.0 705.0
556.0 678.0
557.0 665.0
558.0 680.0
559.0 705.0
560.0 724.0
561.0 711.0
562.0 714.0
563.0 681.0
564.0 715.0
565.0 658.0
566.0 716.0
567.0 761.0
568.0 749.0
569.0 786.0
570.0 669.0
571.0 683.0
572.0 669.0
573.0 278.0
574.0 92.0
575.0 42.0
576.0 266.0
577.0 576.0
578.0 569.0
579.0 563.0
580.0 62.0
581.0 16.0
582.0 132.0
583.0 60.0
584.0 84.0
585.0 143.0
586.0 79.0
587.0 331.0
588.0 381.0
589.0 178.0
590.0 376.0
591.0 504.0
592.0 566.0
593.0 535.0
594.0 511.0
595.0 560.0
596.0 639.0
597.0 652.0
598.0 690.0
599.0 451.0
600.0 83.0
601.0 91.0
602.0 119.0
603.0 108.0
604.0 120.0
605.0 124.0
606.0 76.0
607.0 107.0
608.0 97.0
609.0 124.0
610.0 120.0
611.0 120.0
612.0 116.0
613.0 115.0
614.0 115.0
615.0 106.0
616.0 110.0
617.0 91.0
618.0 89.0
619.0 123.0
620.0 113.0
621.0 107.0
622.0 118.0
623.0 106.0
624.0 106.0
625.0 124.0
626.0 93.0
627.0 110.0
628.0 96.0
629.0 106.0
630.0 106.0
631.0 89.0
632.0 103.0
633.0 110.0
634.0 125.0
635.0 108.0
636.0 125.0
637.0 98.0
638.0 124.0
639.0 114.0
640.0 103.0
641.0 107.0
642.0 418.0
643.0 445.0
644.0 452.0
645.0 447.0
646.0 486.0
647.0 507.0
648.0 495.0
649.0 535.0
650.0 581.0
651.0 582.0
652.0 658.0
653.0 589.0
654.0 706.0
655.0 699.0
656.0 762.0
657.0 577.0
658.0 534.0
659.0 392.0
660.0 545.0
661.0 475.0
662.0 539.0
663.0 610.0
664.0 500.0
665.0 644.0
666.0 612.0
667.0 626.0
668.0 558.0
669.0 525.0
670.0 502.0
671.0 548.0
672.0 500.0
673.0 603.0
674.0 230.0
675.0 11.0
676.0 109.0
677.0 6.0
678.0 15.0
679.0 6.0
680.0 0.0
681.0 5.0
682.0 0.0
683.0 8.0
684.0 116.0
685.0 91.0
686.0 249.0
687.0 387.0
688.0 419.0
689.0 365.0
690.0 434.0
691.0 410.0
692.0 492.0
693.0 86.0
694.0 2.0
695.0 0.0
696.0 4.0
697.0 10.0
698.0 6.0
699.0 97.0
700.0 120.0
701.0 279.0
702.0 226.0
703.0 227.0
704.0 307.0
705.0 335.0
706.0 155.0
707.0 211.0
708.0 0.0
709.0 125.0
710.0 100.0
711.0 124.0
712.0 104.0
713.0 115.0
714.0 113.0
715.0 97.0
716.0 104.0
717.0 124.0
718.0 119.0
719.0 124.0
720.0 103.0
721.0 115.0
722.0 123.0
723.0 43.0
724.0 55.0
725.0 61.0
726.0 89.0
727.0 58.0
728.0 73.0
729.0 60.0
730.0 61.0
731.0 33.0
732.0 51.0
733.0 23.0
734.0 121.0
735.0 102.0
736.0 110.0
737.0 97.0
738.0 117.0
739.0 113.0
740.0 120.0
741.0 118.0
742.0 108.0
743.0 123.0
744.0 105.0
745.0 121.0
746.0 97.0
747.0 104.0
748.0 124.0
749.0 107.0
750.0 123.0
751.0 102.0
752.0 117.0
753.0 122.0
754.0 7.0
755.0 118.0
756.0 97.0
757.0 48.0
758.0 57.0
759.0 44.0
760.0 22.0
761.0 17.0
762.0 20.0
763.0 18.0
764.0 20.0
765.0 21.0
766.0 85.0
767.0 109.0
768.0 98.0
769.0 104.0
770.0 124.0
771.0 122.0
772.0 112.0
773.0 100.0
774.0 80.0
775.0 4.0
776.0 100.0
777.0 124.0
778.0 126.0
779.0 190.0
780.0 115.0
781.0 51.0
782.0 129.0
783.0 129.0
784.0 119.0
785.0 120.0
786.0 110.0
787.0 128.0
788.0 91.0
789.0 130.0
790.0 117.0
791.0 33.0
792.0 139.0
793.0 105.0
794.0 165.0
795.0 207.0
796.0 304.0
797.0 378.0
798.0 416.0
799.0 453.0
