0.0 27.0
1.0 46.0
2.0 89.0
3.0 119.0
4.0 40.0
5.0 17.0
6.0 15.0
7.0 16.0
8.0 108.0
9.0 102.0
10.0 92.0
11.0 104.0
12.0 100.0
13.0 110.0
14.0 102.0
15.0 100.0
16.0 122.0
17.0 120.0
18.0 109.0
19.0 91.0
20.0 110.0
21.0 86.0
22.0 124.0
23.0 123.0
24.0 125.0
25.0 98.0
26.0 110.0
27.0 114.0
28.0 100.0
29.0 106.0
30.0 122.0
31.0 87.0
32.0 78.0
33.0 118.0
34.0 122.0
35.0 99.0
36.0 108.0
37.0 94.0
38.0 112.0
39.0 121.0
40.0 125.0
41.0 109.0
42.0 102.0
43.0 96.0
44.0 117.0
45.0 123.0
46.0 93.0
47.0 109.0
48.0 116.0
49.0 91.0
50.0 108.0
51.0 101.0
52.0 119.0
53.0 106.0
54.0 124.0
55.0 81.0
56.0 80.0
57.0 47.0
58.0 60.0
59.0 71.0
60.0 86.0
61.0 100.0
62.0 166.0
63.0 196.0
64.0 281.0
65.0 310.0
66.0 420.0
67.0 532.0
68.0 408.0
69.0 430.0
70.0 520.0
71.0 517.0
72.0 430.0
73.0 444.0
74.0 457.0
75.0 603.0
76.0 403.0
77.0 480.0
78.0 565.0
79.0 525.0
80.0 573.0
81.0 535.0
82.0 654.0
83.0 470.0
84.0 588.0
85.0 660.0
86.0 672.0
87.0 676.0
88.0 581.0
89.0 744.0
90.0 593.0
91.0 765.0
92.0 506.0
93.0 629.0
94.0 816.0
95.0 867.0
96.0 770.0
97.0 672.0
98.0 628.0
99.0 465.0
100.0 291.0
101.0 423.0
102.0 509.0
103.0 464.0
104.0 516.0
105.0 527.0
106.0 565.0
107.0 121.0
108.0 405.0
109.0 355.0
110.0 452.0
111.0 482.0
112.0 499.0
113.0 421.0
114.0 448.0
115.0 567.0
116.0 498.0
117.0 437.0
118.0 522.0
119.0 388.0
120.0 402.0
121.0 156.0
122.0 155.0
123.0 324.0
124.0 197.0
125.0 114.0
126.0 202.0
127.0 220.0
128.0 248.0
129.0 275.0
130.0 275.0
131.0 333.0
132.0 289.0
133.0 208.0
134.0 151.0
135.0 41.0
136.0 6.0
137.0 99.0
138.0 102.0
139.0 81.0
140.0 194.0
141.0 199.0
142.0 231.0
143.0 195.0
144.0 271.0
145.0 287.0
146.0 299.0
147.0 341.0
148.0 328.0
149.0 354.0
150.0 308.0
151.0 449.0
152.0 456.0
153.0 474.0
154.0 574.0
155.0 700.0
156.0 720.0
157.0 679.0
158.0 735.0
159.0 562.0
160.0 699.0
161.0 736.0
162.0 733.0
163.0 873.0
164.0 795.0
165.0 742.0
166.0 792.0
167.0 757.0
168.0 886.0
169.0 721.0
170.0 800.0
171.0 770.0
172.0 638.0
173.0 752.0
174.0 769.0
175.0 711.0
176.0 745.0
177.0 759.0
178.0 866.0
179.0 904.0
180.0 845.0
181.0 780.0
182.0 680.0
183.0 725.0
184.0 827.0
185.0 731.0
186.0 852.0
187.0 946.0
188.0 1020.0
189.0 1200.0
190.0 921.0
191.0 1000.0
192.0 935.0
193.0 891.0
194.0 751.0
195.0 984.0
196.0 991.0
197.0 935.0
198.0 697.0
199.0 822.0
200.0 976.0
201.0 972.0
202.0 902.0
203.0 991.0
204.0 1010.0
205.0 924.0
206.0 850.0
207.0 937.0
208.0 1010.0
209.0 905.0
210.0 819.0
211.0 1060.0
212.0 993.0
213.0 1010.0
214.0 1060.0
215.0 1120.0
216.0 1140.0
217.0 1110.0
218.0 1140.0
219.0 1190.0
220.0 908.0
221.0 1350.0
222.0 979.0
223.0 852.0
224.0 906.0
225.0 547.0
226.0 12.0
227.0 97.0
228.0 155.0
229.0 17.0
230.0 1.0
231.0 118.0
232.0 635.0
233.0 980.0
234.0 1060.0
235.0 1130.0
236.0 1260.0
237.0 1320.0
238.0 1450.0
239.0 1570.0
240.0 1490.0
241.0 1050.0
242.0 1470.0
243.0 1440.0
244.0 1500.0
245.0 1360.0
246.0 1180.0
247.0 407.0
248.0 646.0
249.0 572.0
250.0 649.0
251.0 691.0
252.0 573.0
253.0 585.0
254.0 476.0
255.0 650.0
256.0 233.0
257.0 16.0
258.0 449.0
259.0 439.0
260.0 529.0
261.0 393.0
262.0 365.0
263.0 606.0
264.0 576.0
265.0 490.0
266.0 484.0
267.0 152.0
268.0 238.0
269.0 348.0
270.0 133.0
271.0 179.0
272.0 17.0
273.0 3.0
274.0 44.0
275.0 42.0
276.0 15.0
277.0 114.0
278.0 122.0
279.0 241.0
280.0 272.0
281.0 309.0
282.0 415.0
283.0 431.0
284.0 402.0
285.0 500.0
286.0 517.0
287.0 601.0
288.0 591.0
289.0 594.0
290.0 560.0
291.0 675.0
292.0 840.0
293.0 832.0
294.0 900.0
295.0 1080.0
296.0 1050.0
297.0 1270.0
298.0 1360.0
299.0 1180.0
300.0 1280.0
301.0 1480.0
302.0 1410.0
303.0 1350.0
304.0 1350.0
305.0 1210.0
306.0 1150.0
307.0 1010.0
308.0 948.0
309.0 1150.0
310.0 1110.0
311.0 969.0
312.0 780.0
313.0 833.0
314.0 925.0
315.0 935.0
316.0 565.0
317.0 109.0
318.0 24.0
319.0 121.0
320.0 397.0
321.0 634.0
322.0 447.0
323.0 425.0
324.0 477.0
325.0 529.0
326.0 501.0
327.0 472.0
328.0 328.0
329.0 30.0
330.0 1.0
331.0 120.0
332.0 102.0
333.0 335.0
334.0 450.0
335.0 392.0
336.0 498.0
337.0 409.0
338.0 453.0
339.0 458.0
340.0 447.0
341.0 352.0
342.0 507.0
343.0 484.0
344.0 680.0
345.0 503.0
346.0 585.0
347.0 520.0
348.0 620.0
349.0 515.0
350.0 454.0
351.0 547.0
352.0 557.0
353.0 410.0
354.0 651.0
355.0 481.0
356.0 542.0
357.0 640.0
358.0 649.0
359.0 611.0
360.0 545.0
361.0 586.0
362.0 515.0
363.0 732.0
364.0 573.0
365.0 584.0
366.0 609.0
367.0 590.0
368.0 704.0
369.0 556.0
370.0 641.0
371.0 547.0
372.0 683.0
373.0 607.0
374.0 440.0
375.0 596.0
376.0 597.0
377.0 636.0
378.0 693.0
379.0 634.0
380.0 720.0
381.0 750.0
382.0 957.0
383.0 683.0
384.0 526.0
385.0 611.0
386.0 502.0
387.0 601.0
388.0 694.0
389.0 845.0
390.0 646.0
391.0 632.0
392.0 547.0
393.0 621.0
394.0 597.0
395.0 628.0
396.0 710.0
397.0 708.0
398.0 573.0
399.0 753.0
400.0 810.0
401.0 761.0
402.0 781.0
403.0 663.0
404.0 546.0
405.0 598.0
406.0 609.0
407.0 710.0
408.0 621.0
409.0 706.0
410.0 838.0
411.0 734.0
412.0 762.0
413.0 634.0
414.0 814.0
415.0 623.0
416.0 634.0
417.0 749.0
418.0 764.0
419.0 873.0
420.0 854.0
421.0 900.0
422.0 788.0
423.0 852.0
424.0 999.0
425.0 850.0
426.0 920.0
427.0 766.0
428.0 804.0
429.0 660.0
430.0 743.0
431.0 826.0
432.0 776.0
433.0 698.0
434.0 635.0
435.0 762.0
436.0 793.0
437.0 617.0
438.0 569.0
439.0 48.0
440.0 399.0
441.0 351.0
442.0 316.0
443.0 4.0
444.0 0.0
445.0 77.0
446.0 113.0
447.0 90.0
448.0 216.0
449.0 201.0
450.0 307.0
451.0 329.0
452.0 289.0
453.0 420.0
454.0 306.0
455.0 304.0
456.0 369.0
457.0 344.0
458.0 446.0
459.0 406.0
460.0 480.0
461.0 451.0
462.0 610.0
463.0 668.0
464.0 841.0
465.0 722.0
466.0 853.0
467.0 884.0
468.0 1090.0
469.0 1180.0
470.0 1080.0
471.0 989.0
472.0 1000.0
473.0 1100.0
474.0 1010.0
475.0 1110.0
476.0 1250.0
477.0 1320.0
478.0 1380.0
479.0 1110.0
480.0 1390.0
481.0 1370.0
482.0 1130.0
483.0 960.0
484.0 978.0
485.0 983.0
486.0 1030.0
487.0 985.0
488.0 1060.0
489.0 1370.0
490.0 1210.0
491.0 1140.0
492.0 1220.0
493.0 1110.0
494.0 1080.0
495.0 1080.0
496.0 1120.0
497.0 1070.0
498.0 1240.0
499.0 1400.0
500.0 1170.0
501.0 1230.0
502.0 1130.0
503.0 1270.0
504.0 1210.0
505.0 1130.0
506.0 1130.0
507.0 926.0
508.0 1040.0
509.0 1200.0
510.0 1310.0
511.0 1050.0
512.0 1080.0
513.0 1210.0
514.0 1060.0
515.0 1310.0
516.0 1180.0
517.0 1070.0
518.0 791.0
519.0 829.0
520.0 827.0
521.0 1260.0
522.0 1060.0
523.0 773.0
524.0 876.0
525.0 1020.0
526.0 844.0
527.0 874.0
528.0 1160.0
529.0 968.0
530.0 910.0
531.0 1050.0
532.0 1110.0
533.0 1150.0
534.0 946.0
535.0 995.0
536.0 856.0
537.0 993.0
538.0 740.0
539.0 335.0
540.0 503.0
541.0 587.0
542.0 527.0
543.0 620.0
544.0 738.0
545.0 331.0
546.0 6.0
547.0 105.0
548.0 114.0
549.0 111.0
550.0 123.0
551.0 125.0
552.0 111.0
553.0 101.0
554.0 107.0
555.0 102.0
556.0 121.0
557.0 119.0
558.0 110.0
559.0 118.0
560.0 122.0
561.0 111.0
562.0 113.0
563.0 82.0
564.0 89.0
565.0 124.0
566.0 95.0
567.0 124.0
568.0 124.0
569.0 108.0
570.0 125.0
571.0 109.0
572.0 104.0
573.0 123.0
574.0 120.0
575.0 121.0
576.0 110.0
577.0 86.0
578.0 93.0
579.0 98.0
580.0 81.0
581.0 103.0
582.0 119.0
583.0 104.0
584.0 114.0
585.0 106.0
586.0 125.0
587.0 84.0
588.0 105.0
589.0 114.0
590.0 107.0
591.0 97.0
592.0 123.0
593.0 112.0
594.0 119.0
595.0 109.0
596.0 114.0
597.0 100.0
598.0 93.0
599.0 107.0
600.0 112.0
601.0 121.0
602.0 86.0
603.0 113.0
604.0 112.0
605.0 112.0
606.0 118.0
607.0 112.0
608.0 92.0
609.0 108.0
610.0 108.0
611.0 100.0
612.0 91.0
613.0 117.0
614.0 91.0
615.0 122.0
616.0 103.0
617.0 95.0
618.0 106.0
619.0 117.0
620.0 87.0
621.0 110.0
622.0 123.0
623.0 82.0
624.0 93.0
625.0 124.0
626.0 122.0
627.0 96.0
628.0 115.0
629.0 101.0
630.0 125.0
631.0 95.0
632.0 109.0
633.0 110.0
634.0 94.0
635.0 106.0
636.0 92.0
637.0 94.0
638.0 87.0
639.0 97.0
640.0 102.0
641.0 120.0
642.0 106.0
643.0 123.0
644.0 112.0
645.0 116.0
646.0 120.0
647.0 119.0
648.0 109.0
649.0 119.0
650.0 110.0
651.0 119.0
652.0 123.0
653.0 118.0
654.0 83.0
655.0 120.0
656.0 125.0
657.0 125.0
658.0 98.0
659.0 112.0
660.0 98.0
661.0 103.0
662.0 225.0
663.0 259.0
664.0 364.0
665.0 375.0
666.0 399.0
667.0 419.0
668.0 239.0
669.0 660.0
670.0 915.0
671.0 1030.0
672.0 1080.0
673.0 1070.0
674.0 1330.0
675.0 1260.0
676.0 1320.0
677.0 1370.0
678.0 1350.0
679.0 1410.0
680.0 1640.0
681.0 1710.0
682.0 1660.0
683.0 1510.0
684.0 1270.0
685.0 1030.0
686.0 1600.0
687.0 1310.0
688.0 1240.0
689.0 1540.0
690.0 1640.0
691.0 1140.0
692.0 855.0
693.0 1150.0
694.0 893.0
695.0 1130.0
696.0 832.0
697.0 471.0
698.0 301.0
699.0 573.0
700.0 44.0
701.0 23.0
702.0 7.0
703.0 0.0
704.0 98.0
705.0 103.0
706.0 101.0
707.0 120.0
708.0 106.0
709.0 103.0
710.0 88.0
711.0 108.0
712.0 338.0
713.0 841.0
714.0 542.0
715.0 0.0
716.0 0.0
717.0 16.0
718.0 117.0
719.0 124.0
720.0 112.0
721.0 116.0
722.0 15.0
723.0 4.0
724.0 0.0
725.0 3.0
726.0 10.0
727.0 88.0
728.0 81.0
729.0 117.0
730.0 93.0
731.0 111.0
732.0 103.0
733.0 110.0
734.0 215.0
735.0 442.0
736.0 690.0
737.0 29.0
738.0 0.0
739.0 75.0
740.0 97.0
741.0 124.0
742.0 98.0
743.0 100.0
744.0 121.0
745.0 119.0
746.0 94.0
747.0 918.0
748.0 982.0
749.0 1070.0
750.0 1040.0
751.0 1020.0
752.0 929.0
753.0 622.0
754.0 858.0
755.0 294.0
756.0 381.0
757.0 454.0
758.0 149.0
759.0 1.0
760.0 1.0
761.0 0.0
762.0 0.0
763.0 0.0
764.0 0.0
765.0 1.0
766.0 82.0
767.0 120.0
768.0 94.0
769.0 97.0
770.0 121.0
771.0 119.0
772.0 119.0
773.0 115.0
774.0 96.0
775.0 111.0
776.0 113.0
777.0 123.0
778.0 124.0
779.0 114.0
780.0 106.0
781.0 101.0
782.0 125.0
783.0 123.0
784.0 114.0
785.0 113.0
786.0 113.0
787.0 125.0
788.0 120.0
789.0 102.0
790.0 114.0
791.0 89.0
792.0 107.0
793.0 116.0
794.0 90.0
795.0 96.0
796.0 114.0
797.0 102.0
798.0 109.0
