0.0 161.0
1.0 210.0
2.0 280.0
3.0 294.0
4.0 307.0
5.0 394.0
6.0 320.0
7.0 345.0
8.0 427.0
9.0 424.0
10.0 393.0
11.0 441.0
12.0 383.0
13.0 380.0
14.0 464.0
15.0 377.0
16.0 390.0
17.0 380.0
18.0 535.0
19.0 557.0
20.0 369.0
21.0 577.0
22.0 359.0
23.0 542.0
24.0 508.0
25.0 615.0
26.0 638.0
27.0 533.0
28.0 593.0
29.0 458.0
30.0 310.0
31.0 560.0
32.0 477.0
33.0 469.0
34.0 283.0
35.0 194.0
36.0 120.0
37.0 85.0
38.0 98.0
39.0 343.0
40.0 412.0
41.0 357.0
42.0 324.0
43.0 427.0
44.0 380.0
45.0 357.0
46.0 446.0
47.0 369.0
48.0 315.0
49.0 343.0
50.0 357.0
51.0 335.0
52.0 312.0
53.0 503.0
54.0 151.0
55.0 94.0
56.0 267.0
57.0 337.0
58.0 433.0
59.0 627.0
60.0 560.0
61.0 639.0
62.0 567.0
63.0 306.0
64.0 449.0
65.0 514.0
66.0 501.0
67.0 509.0
68.0 631.0
69.0 585.0
70.0 568.0
71.0 576.0
72.0 556.0
73.0 602.0
74.0 591.0
75.0 632.0
76.0 639.0
77.0 625.0
78.0 481.0
79.0 223.0
80.0 404.0
81.0 420.0
82.0 103.0
83.0 101.0
84.0 103.0
85.0 108.0
86.0 107.0
87.0 104.0
88.0 124.0
89.0 115.0
90.0 98.0
91.0 125.0
92.0 123.0
93.0 102.0
94.0 122.0
95.0 111.0
96.0 119.0
97.0 124.0
98.0 115.0
99.0 112.0
100.0 125.0
101.0 120.0
102.0 125.0
103.0 118.0
104.0 102.0
105.0 110.0
106.0 107.0
107.0 108.0
108.0 125.0
109.0 112.0
110.0 94.0
111.0 118.0
112.0 119.0
113.0 124.0
114.0 171.0
115.0 70.0
116.0 69.0
117.0 197.0
118.0 346.0
119.0 383.0
120.0 312.0
121.0 278.0
122.0 361.0
123.0 399.0
124.0 397.0
125.0 338.0
126.0 190.0
127.0 239.0
128.0 355.0
129.0 429.0
130.0 413.0
131.0 360.0
132.0 330.0
133.0 377.0
134.0 458.0
135.0 500.0
136.0 481.0
137.0 422.0
138.0 418.0
139.0 668.0
140.0 537.0
141.0 402.0
142.0 339.0
143.0 124.0
144.0 111.0
145.0 123.0
146.0 121.0
147.0 105.0
148.0 122.0
149.0 99.0
150.0 118.0
151.0 105.0
152.0 121.0
153.0 89.0
154.0 102.0
155.0 111.0
156.0 80.0
157.0 120.0
158.0 113.0
159.0 114.0
160.0 118.0
161.0 106.0
162.0 120.0
163.0 120.0
164.0 89.0
165.0 119.0
166.0 101.0
167.0 75.0
168.0 123.0
169.0 102.0
170.0 115.0
171.0 108.0
172.0 106.0
173.0 120.0
174.0 149.0
175.0 66.0
176.0 66.0
177.0 95.0
178.0 34.0
179.0 67.0
180.0 25.0
181.0 5.0
182.0 4.0
183.0 5.0
184.0 15.0
185.0 14.0
186.0 13.0
187.0 9.0
188.0 38.0
189.0 3.0
190.0 9.0
191.0 13.0
192.0 13.0
193.0 17.0
194.0 17.0
195.0 15.0
196.0 13.0
197.0 16.0
198.0 0.0
199.0 0.0
200.0 8.0
201.0 0.0
202.0 5.0
203.0 19.0
204.0 5.0
205.0 4.0
206.0 5.0
207.0 2.0
208.0 7.0
209.0 8.0
210.0 11.0
211.0 8.0
212.0 27.0
213.0 22.0
214.0 12.0
215.0 14.0
216.0 17.0
217.0 21.0
218.0 36.0
219.0 6.0
220.0 14.0
221.0 40.0
222.0 1.0
223.0 88.0
224.0 109.0
225.0 69.0
226.0 133.0
227.0 197.0
228.0 285.0
229.0 307.0
230.0 302.0
231.0 332.0
232.0 350.0
233.0 278.0
234.0 359.0
235.0 362.0
236.0 336.0
237.0 336.0
238.0 395.0
239.0 339.0
240.0 323.0
241.0 312.0
242.0 361.0
243.0 530.0
244.0 350.0
245.0 465.0
246.0 98.0
247.0 74.0
248.0 351.0
249.0 349.0
250.0 198.0
251.0 4.0
252.0 24.0
253.0 15.0
254.0 297.0
255.0 390.0
256.0 242.0
257.0 302.0
258.0 331.0
259.0 381.0
260.0 342.0
261.0 57.0
262.0 157.0
263.0 62.0
264.0 31.0
265.0 134.0
266.0 15.0
267.0 49.0
268.0 15.0
269.0 34.0
270.0 31.0
271.0 125.0
272.0 95.0
273.0 230.0
274.0 293.0
275.0 280.0
276.0 307.0
277.0 313.0
278.0 305.0
279.0 322.0
280.0 304.0
281.0 320.0
282.0 340.0
283.0 339.0
284.0 344.0
285.0 417.0
286.0 364.0
287.0 401.0
288.0 442.0
289.0 384.0
290.0 441.0
291.0 423.0
292.0 408.0
293.0 471.0
294.0 625.0
295.0 452.0
296.0 310.0
297.0 486.0
298.0 644.0
299.0 626.0
300.0 562.0
301.0 359.0
302.0 11.0
303.0 0.0
304.0 0.0
305.0 0.0
306.0 0.0
307.0 81.0
308.0 103.0
309.0 113.0
310.0 287.0
311.0 355.0
312.0 363.0
313.0 371.0
314.0 226.0
315.0 4.0
316.0 0.0
317.0 88.0
318.0 83.0
319.0 0.0
320.0 34.0
321.0 354.0
322.0 457.0
323.0 490.0
324.0 543.0
325.0 433.0
326.0 412.0
327.0 607.0
328.0 459.0
329.0 372.0
330.0 331.0
331.0 416.0
332.0 132.0
333.0 212.0
334.0 197.0
335.0 11.0
336.0 0.0
337.0 0.0
338.0 1.0
339.0 4.0
340.0 3.0
341.0 117.0
342.0 109.0
343.0 244.0
344.0 313.0
345.0 342.0
346.0 337.0
347.0 333.0
348.0 354.0
349.0 360.0
350.0 339.0
351.0 345.0
352.0 429.0
353.0 364.0
354.0 397.0
355.0 372.0
356.0 380.0
357.0 326.0
358.0 341.0
359.0 319.0
360.0 334.0
361.0 618.0
362.0 601.0
363.0 556.0
364.0 663.0
365.0 692.0
366.0 683.0
367.0 450.0
368.0 338.0
369.0 355.0
370.0 457.0
371.0 645.0
372.0 621.0
373.0 654.0
374.0 676.0
375.0 710.0
376.0 667.0
377.0 666.0
378.0 650.0
379.0 665.0
380.0 674.0
381.0 731.0
382.0 737.0
383.0 640.0
384.0 544.0
385.0 370.0
386.0 492.0
387.0 411.0
388.0 620.0
389.0 641.0
390.0 694.0
391.0 505.0
392.0 659.0
393.0 681.0
394.0 700.0
395.0 754.0
396.0 702.0
397.0 665.0
398.0 707.0
399.0 798.0
400.0 727.0
401.0 679.0
402.0 682.0
403.0 667.0
404.0 668.0
405.0 647.0
406.0 405.0
407.0 328.0
408.0 398.0
409.0 389.0
410.0 349.0
411.0 417.0
412.0 346.0
413.0 379.0
414.0 656.0
415.0 443.0
416.0 416.0
417.0 636.0
418.0 608.0
419.0 286.0
420.0 86.0
421.0 357.0
422.0 71.0
423.0 19.0
424.0 4.0
425.0 2.0
426.0 95.0
427.0 114.0
428.0 122.0
429.0 120.0
430.0 118.0
431.0 61.0
432.0 157.0
433.0 194.0
434.0 251.0
435.0 275.0
436.0 302.0
437.0 316.0
438.0 367.0
439.0 411.0
440.0 353.0
441.0 401.0
442.0 398.0
443.0 319.0
444.0 312.0
445.0 320.0
446.0 427.0
447.0 617.0
448.0 635.0
449.0 520.0
450.0 503.0
451.0 336.0
452.0 339.0
453.0 619.0
454.0 619.0
455.0 581.0
456.0 646.0
457.0 671.0
458.0 688.0
459.0 338.0
460.0 553.0
461.0 605.0
462.0 638.0
463.0 652.0
464.0 675.0
465.0 695.0
466.0 664.0
467.0 507.0
468.0 472.0
469.0 499.0
470.0 561.0
471.0 644.0
472.0 681.0
473.0 661.0
474.0 609.0
475.0 621.0
476.0 548.0
477.0 672.0
478.0 637.0
479.0 610.0
480.0 652.0
481.0 599.0
482.0 618.0
483.0 641.0
484.0 471.0
485.0 556.0
486.0 698.0
487.0 652.0
488.0 683.0
489.0 666.0
490.0 679.0
491.0 687.0
492.0 653.0
493.0 672.0
494.0 670.0
495.0 683.0
496.0 684.0
497.0 701.0
498.0 707.0
499.0 702.0
500.0 591.0
501.0 444.0
502.0 484.0
503.0 652.0
504.0 673.0
505.0 671.0
506.0 580.0
507.0 679.0
508.0 439.0
509.0 99.0
510.0 121.0
511.0 118.0
512.0 104.0
513.0 113.0
514.0 93.0
515.0 106.0
516.0 115.0
517.0 113.0
518.0 104.0
519.0 104.0
520.0 115.0
521.0 116.0
522.0 123.0
523.0 125.0
524.0 107.0
525.0 120.0
526.0 118.0
527.0 108.0
528.0 117.0
529.0 106.0
530.0 116.0
531.0 112.0
532.0 117.0
533.0 85.0
534.0 120.0
535.0 108.0
536.0 122.0
537.0 104.0
538.0 112.0
539.0 125.0
540.0 100.0
541.0 117.0
542.0 78.0
543.0 112.0
544.0 117.0
545.0 98.0
546.0 111.0
547.0 125.0
548.0 81.0
549.0 119.0
550.0 92.0
551.0 104.0
552.0 104.0
553.0 119.0
554.0 117.0
555.0 109.0
556.0 109.0
557.0 116.0
558.0 105.0
559.0 114.0
560.0 116.0
561.0 109.0
562.0 81.0
563.0 95.0
564.0 106.0
565.0 107.0
566.0 112.0
567.0 101.0
568.0 101.0
569.0 89.0
570.0 111.0
571.0 100.0
572.0 101.0
573.0 124.0
574.0 83.0
575.0 102.0
576.0 117.0
577.0 115.0
578.0 98.0
579.0 116.0
580.0 113.0
581.0 118.0
582.0 112.0
583.0 117.0
584.0 123.0
585.0 123.0
586.0 89.0
587.0 124.0
588.0 124.0
589.0 101.0
590.0 125.0
591.0 99.0
592.0 96.0
593.0 117.0
594.0 116.0
595.0 119.0
596.0 89.0
597.0 89.0
598.0 112.0
599.0 111.0
600.0 116.0
601.0 101.0
602.0 118.0
603.0 119.0
604.0 122.0
605.0 106.0
606.0 113.0
607.0 108.0
608.0 124.0
609.0 123.0
610.0 85.0
611.0 100.0
612.0 108.0
613.0 117.0
614.0 119.0
615.0 82.0
616.0 137.0
617.0 232.0
618.0 154.0
619.0 229.0
620.0 326.0
621.0 339.0
622.0 205.0
623.0 225.0
624.0 348.0
625.0 418.0
626.0 474.0
627.0 519.0
628.0 497.0
629.0 545.0
630.0 533.0
631.0 529.0
632.0 480.0
633.0 576.0
634.0 546.0
635.0 586.0
636.0 577.0
637.0 591.0
638.0 529.0
639.0 433.0
640.0 407.0
641.0 551.0
642.0 641.0
643.0 595.0
644.0 546.0
645.0 549.0
646.0 597.0
647.0 596.0
648.0 893.0
649.0 657.0
650.0 664.0
651.0 614.0
652.0 552.0
653.0 562.0
654.0 862.0
655.0 1080.0
656.0 725.0
657.0 387.0
658.0 457.0
659.0 508.0
660.0 47.0
661.0 7.0
662.0 0.0
663.0 0.0
664.0 77.0
665.0 105.0
666.0 94.0
667.0 96.0
668.0 88.0
669.0 95.0
670.0 117.0
671.0 90.0
672.0 113.0
673.0 120.0
674.0 124.0
675.0 113.0
676.0 125.0
677.0 124.0
678.0 91.0
679.0 112.0
680.0 105.0
681.0 107.0
682.0 117.0
683.0 0.0
684.0 0.0
685.0 0.0
686.0 0.0
687.0 0.0
688.0 120.0
689.0 116.0
690.0 125.0
691.0 123.0
692.0 122.0
693.0 109.0
694.0 108.0
695.0 101.0
696.0 111.0
697.0 108.0
698.0 121.0
699.0 96.0
700.0 91.0
701.0 121.0
702.0 150.0
703.0 245.0
704.0 201.0
705.0 299.0
706.0 309.0
707.0 365.0
708.0 382.0
709.0 341.0
710.0 362.0
711.0 421.0
712.0 429.0
713.0 459.0
714.0 257.0
715.0 0.0
716.0 0.0
717.0 112.0
718.0 117.0
719.0 92.0
720.0 105.0
721.0 105.0
722.0 115.0
723.0 103.0
724.0 124.0
725.0 95.0
726.0 113.0
727.0 123.0
728.0 117.0
729.0 122.0
730.0 115.0
731.0 122.0
732.0 95.0
733.0 107.0
734.0 107.0
735.0 124.0
736.0 117.0
737.0 97.0
738.0 114.0
739.0 118.0
740.0 103.0
741.0 96.0
742.0 102.0
743.0 124.0
744.0 124.0
745.0 119.0
746.0 102.0
747.0 98.0
748.0 103.0
749.0 108.0
750.0 90.0
751.0 97.0
752.0 116.0
753.0 111.0
754.0 99.0
755.0 118.0
756.0 106.0
757.0 112.0
758.0 116.0
759.0 114.0
760.0 112.0
761.0 117.0
762.0 116.0
763.0 95.0
764.0 79.0
765.0 97.0
766.0 82.0
767.0 120.0
768.0 122.0
769.0 113.0
770.0 115.0
771.0 109.0
772.0 108.0
773.0 125.0
774.0 120.0
775.0 106.0
776.0 117.0
777.0 120.0
778.0 94.0
779.0 109.0
780.0 125.0
781.0 105.0
782.0 92.0
783.0 87.0
784.0 137.0
785.0 273.0
786.0 386.0
787.0 233.0
788.0 0.0
789.0 0.0
790.0 0.0
791.0 0.0
792.0 0.0
793.0 87.0
794.0 95.0
795.0 82.0
796.0 92.0
797.0 107.0
798.0 109.0
